ts_code,trade_date,open,high,low,close,pre_close,change,pct_chg,vol,amount
300486.SZ,20200110,23.5,23.69,22.9,23.69,23.48,0.21,0.8944,24320.48,56613.22
300486.SZ,20200109,22.61,23.65,22.61,23.48,22.36,1.12,5.0089,30241.67,70464.992
300486.SZ,20200108,21.9,22.99,21.85,22.36,22.1,0.26,1.1765,23779.72,53460.918
300486.SZ,20200107,22.15,22.35,21.9,22.1,22.21,-0.11,-0.4953,15585.39,34358.461
300486.SZ,20200106,21.65,22.58,21.61,22.21,22.05,0.16,0.7256,17853.0,39661.255
300486.SZ,20200103,21.18,22.15,20.69,22.05,21.14,0.91,4.3046,31690.95,68397.005
300486.SZ,20200102,20.48,21.18,20.48,21.14,20.55,0.59,2.871,17577.0,36814.588
300486.SZ,20191231,21.0,21.3,20.49,20.55,20.89,-0.34,-1.6276,18454.0,38472.262
300486.SZ,20191230,20.35,20.97,20.05,20.89,20.33,0.56,2.7545,16311.38,33560.427
300486.SZ,20191227,20.26,20.45,20.23,20.33,20.4,-0.07,-0.3431,12182.38,24798.066
300486.SZ,20191226,19.74,20.41,19.74,20.4,19.88,0.52,2.6157,19615.77,39526.15
300486.SZ,20191225,20.12,20.3,19.68,19.88,20.04,-0.16,-0.7984,21254.14,42332.781
300486.SZ,20191224,20.17,20.4,19.94,20.04,20.05,-0.01,-0.0499,19548.62,39267.096
300486.SZ,20191223,20.73,20.87,19.84,20.05,20.4,-0.35,-1.7157,18663.0,38056.203
300486.SZ,20191220,20.35,21.08,20.23,20.4,20.41,-0.01,-0.049,25749.19,53167.721
300486.SZ,20191219,20.0,20.6,19.91,20.41,20.1,0.31,1.5423,16283.62,32950.243
300486.SZ,20191218,20.14,20.53,20.06,20.1,20.32,-0.22,-1.0827,16507.78,33476.278
300486.SZ,20191217,19.98,20.66,19.85,20.32,20.04,0.28,1.3972,41804.78,84826.26
300486.SZ,20191216,19.7,20.04,19.2,20.04,19.37,0.67,3.459,29478.75,57887.988
300486.SZ,20191213,19.3,19.65,19.18,19.37,19.21,0.16,0.8329,25865.0,50143.403
300486.SZ,20191212,19.27,19.3,19.06,19.21,19.27,-0.06,-0.3114,21973.0,42143.365
300486.SZ,20191211,19.3,19.33,19.05,19.27,19.33,-0.06,-0.3104,13943.0,26739.449
300486.SZ,20191210,19.56,19.56,18.93,19.33,19.54,-0.21,-1.0747,21449.95,41310.61
300486.SZ,20191209,19.74,20.0,19.42,19.54,19.83,-0.29,-1.4624,15291.91,30065.103
300486.SZ,20191206,20.19,20.2,19.38,19.83,19.89,-0.06,-0.3017,23659.9,46719.762
300486.SZ,20191205,19.4,20.45,19.26,19.89,19.88,0.01,0.0503,52752.75,105497.679
300486.SZ,20191204,20.15,20.93,19.8,19.88,20.1,-0.22,-1.0945,37513.62,75996.569
300486.SZ,20191203,19.98,20.24,19.6,20.1,19.98,0.12,0.6006,29961.84,59733.038
300486.SZ,20191202,19.33,20.46,19.16,19.98,19.3,0.68,3.5233,46651.48,92892.42
300486.SZ,20191129,19.0,19.3,18.68,19.3,18.96,0.34,1.7932,23967.27,45471.849
300486.SZ,20191128,18.39,19.1,18.23,18.96,18.34,0.62,3.3806,24125.68,45388.31
300486.SZ,20191127,18.36,18.43,18.06,18.34,18.3,0.04,0.2186,12959.44,23673.654
300486.SZ,20191126,18.43,18.45,18.1,18.3,18.33,-0.03,-0.1637,12291.0,22419.216
300486.SZ,20191125,18.0,18.38,17.65,18.33,17.99,0.34,1.8899,17324.45,31243.257
300486.SZ,20191122,18.09,18.78,17.97,17.99,17.96,0.03,0.167,24252.19,44440.35
300486.SZ,20191121,18.12,18.12,17.89,17.96,18.17,-0.21,-1.1558,10291.38,18488.625
300486.SZ,20191120,18.04,18.17,17.83,18.17,18.04,0.13,0.7206,16040.0,28866.964
300486.SZ,20191119,18.48,18.6,17.79,18.04,18.43,-0.39,-2.1161,35246.33,63610.732
300486.SZ,20191118,17.65,18.47,17.3,18.43,17.5,0.93,5.3143,26696.6,48304.307
300486.SZ,20191115,17.8,17.85,17.5,17.5,17.68,-0.18,-1.0181,15814.46,27949.614
300486.SZ,20191114,17.56,17.85,17.24,17.68,17.84,-0.16,-0.8969,18119.97,31844.037
300486.SZ,20191113,17.7,17.95,17.2,17.84,17.68,0.16,0.905,18785.16,33212.262
300486.SZ,20191112,17.58,17.8,17.28,17.68,17.36,0.32,1.8433,17615.0,30938.335
300486.SZ,20191111,17.48,17.96,17.17,17.36,17.72,-0.36,-2.0316,25926.51,45468.856
300486.SZ,20191108,18.01,18.15,17.51,17.72,18.2,-0.48,-2.6374,34824.52,62077.769
300486.SZ,20191107,16.88,18.39,16.86,18.2,16.86,1.34,7.9478,43235.37,76761.216
300486.SZ,20191106,17.31,17.31,16.64,16.86,16.78,0.08,0.4768,21988.51,37234.668
300486.SZ,20191105,16.56,17.06,16.33,16.78,16.66,0.12,0.7203,27681.01,46535.59
300486.SZ,20191104,16.0,16.72,15.91,16.66,15.99,0.67,4.1901,33385.87,54946.68
300486.SZ,20191101,15.15,16.1,15.06,15.99,15.19,0.8,5.2666,25035.86,39545.012
300486.SZ,20191031,15.65,15.65,15.1,15.19,15.43,-0.24,-1.5554,13196.42,20232.478
300486.SZ,20191030,15.44,15.56,15.1,15.43,15.31,0.12,0.7838,12227.39,18796.742
300486.SZ,20191029,15.52,15.94,15.26,15.31,15.52,-0.21,-1.3531,13422.0,20952.93
300486.SZ,20191028,15.36,15.59,15.2,15.52,15.53,-0.01,-0.0644,12939.24,20006.487
300486.SZ,20191025,15.39,15.58,15.1,15.53,15.39,0.14,0.9097,13682.76,21005.191
300486.SZ,20191024,15.76,15.88,15.38,15.39,15.85,-0.46,-2.9022,13896.69,21625.464
300486.SZ,20191023,15.55,15.92,15.3,15.85,15.5,0.35,2.2581,18619.72,29162.73
300486.SZ,20191022,15.62,15.62,15.1,15.5,15.18,0.32,2.108,22231.68,34064.647
300486.SZ,20191021,15.21,15.28,14.73,15.18,15.21,-0.03,-0.1972,15521.0,23326.76
300486.SZ,20191018,15.12,15.59,15.1,15.21,15.42,-0.21,-1.3619,21534.0,32962.269
300486.SZ,20191017,15.48,15.55,15.25,15.42,15.38,0.04,0.2601,17616.8,27139.847
300486.SZ,20191016,15.35,15.56,15.12,15.38,15.32,0.06,0.3916,14669.0,22510.171
300486.SZ,20191015,15.39,15.44,15.16,15.32,15.35,-0.03,-0.1954,16024.65,24516.644
300486.SZ,20191014,15.1,15.41,14.92,15.35,14.9,0.45,3.0201,22250.0,33991.127
300486.SZ,20191011,14.86,15.18,14.8,14.9,14.96,-0.06,-0.4011,21156.23,31681.008
300486.SZ,20191010,14.5,15.1,14.41,14.96,14.43,0.53,3.6729,34059.59,50573.977
300486.SZ,20191009,14.55,14.58,14.16,14.43,14.49,-0.06,-0.4141,20804.04,29903.34
300486.SZ,20191008,14.0,14.52,13.88,14.49,14.03,0.46,3.2787,34765.58,49834.111
300486.SZ,20190930,13.67,14.07,13.49,14.03,13.85,0.18,1.2996,28574.0,39525.989
300486.SZ,20190927,13.1,14.53,12.96,13.85,13.21,0.64,4.8448,31692.99,43960.839
300486.SZ,20190926,14.27,14.27,12.8,13.21,14.19,-0.98,-6.9063,30910.17,42044.34
300486.SZ,20190925,13.77,14.28,13.53,14.19,13.77,0.42,3.0501,25182.0,35069.864
300486.SZ,20190924,13.74,13.94,13.67,13.77,13.84,-0.07,-0.5058,7944.0,10981.739
300486.SZ,20190923,13.89,13.97,13.57,13.84,13.76,0.08,0.5814,15974.9,22052.487
300486.SZ,20190920,13.93,14.12,13.72,13.76,13.82,-0.06,-0.4342,13540.0,18844.904
300486.SZ,20190919,13.58,13.87,13.41,13.82,13.46,0.36,2.6746,10725.99,14695.305
300486.SZ,20190918,13.4,13.6,13.32,13.46,13.44,0.02,0.1488,5814.0,7824.588
300486.SZ,20190917,13.72,13.82,13.28,13.44,13.83,-0.39,-2.82,8602.69,11604.326
300486.SZ,20190916,13.87,13.96,13.75,13.83,13.81,0.02,0.1448,5766.0,7987.949
300486.SZ,20190912,13.8,13.9,13.67,13.81,13.7,0.11,0.8029,7689.14,10565.464
300486.SZ,20190911,13.85,13.94,13.66,13.7,13.85,-0.15,-1.083,6740.0,9293.175
300486.SZ,20190910,13.8,13.92,13.61,13.85,13.76,0.09,0.6541,8682.0,11948.364
300486.SZ,20190909,13.65,13.77,13.54,13.76,13.5,0.26,1.9259,9000.0,12349.831
300486.SZ,20190906,13.58,13.6,13.42,13.5,13.46,0.04,0.2972,8610.0,11609.977
300486.SZ,20190905,13.56,13.66,13.35,13.46,13.41,0.05,0.3729,15272.0,20616.241
300486.SZ,20190904,13.1,13.44,13.1,13.41,13.2,0.21,1.5909,13618.0,18111.965
300486.SZ,20190903,12.88,13.22,12.88,13.2,12.96,0.24,1.8519,12833.58,16768.559
300486.SZ,20190902,12.65,13.01,12.63,12.96,12.61,0.35,2.7756,10210.9,13151.588
300486.SZ,20190830,12.69,12.83,12.55,12.61,12.68,-0.07,-0.5521,8611.0,10904.621
300486.SZ,20190829,12.66,12.82,12.62,12.68,12.68,0.0,0.0,5838.0,7414.054
300486.SZ,20190828,12.72,12.75,12.59,12.68,12.6,0.08,0.6349,6188.66,7832.247
300486.SZ,20190827,12.46,12.63,12.35,12.6,12.36,0.24,1.9417,7170.0,9004.877
300486.SZ,20190826,12.42,12.5,12.21,12.36,12.52,-0.16,-1.278,5810.56,7192.911
300486.SZ,20190823,12.72,12.78,12.48,12.52,12.74,-0.22,-1.7268,6244.0,7888.209
300486.SZ,20190822,12.78,12.79,12.61,12.74,12.69,0.05,0.394,5631.0,7140.032
300486.SZ,20190821,12.8,12.82,12.6,12.69,12.83,-0.14,-1.0912,7440.0,9449.468
300486.SZ,20190820,12.81,12.9,12.77,12.83,12.81,0.02,0.1561,6283.0,8063.791
300486.SZ,20190819,12.5,12.86,12.47,12.81,12.53,0.28,2.2346,11687.05,14889.811
300486.SZ,20190816,12.35,12.63,12.35,12.53,12.37,0.16,1.2935,7505.83,9394.629
300486.SZ,20190815,12.06,12.46,12.01,12.37,12.53,-0.16,-1.2769,7098.0,8707.134
300486.SZ,20190814,12.65,12.74,12.49,12.53,12.52,0.01,0.0799,6169.62,7778.57
300486.SZ,20190813,12.69,12.69,12.43,12.52,12.72,-0.2,-1.5723,5808.0,7266.055
300486.SZ,20190812,12.34,12.84,12.33,12.72,12.33,0.39,3.163,8250.66,10426.63
300486.SZ,20190809,12.49,12.62,12.25,12.33,12.44,-0.11,-0.8842,5940.0,7397.929
300486.SZ,20190808,12.5,12.64,12.43,12.44,12.42,0.02,0.161,5990.83,7501.273
300486.SZ,20190807,12.8,12.95,12.42,12.42,12.77,-0.35,-2.7408,11885.0,14963.128
300486.SZ,20190806,13.02,13.15,12.42,12.77,13.39,-0.62,-4.6303,19841.0,25408.167
300486.SZ,20190805,13.5,13.67,13.35,13.39,13.53,-0.14,-1.0347,15167.0,20461.002
300486.SZ,20190802,13.64,13.84,13.4,13.53,13.88,-0.35,-2.5216,22901.83,31121.29
300486.SZ,20190801,13.44,14.15,13.26,13.88,13.8,0.08,0.5797,35044.0,48557.011
300486.SZ,20190731,14.03,14.65,13.77,13.8,13.5,0.3,2.2222,58492.51,82746.758
300486.SZ,20190730,13.61,13.77,13.47,13.5,13.52,-0.02,-0.1479,10485.0,14291.016
300486.SZ,20190729,13.61,13.61,13.39,13.52,13.54,-0.02,-0.1477,7378.07,9955.572
300486.SZ,20190726,13.36,13.66,13.32,13.54,13.44,0.1,0.744,15746.07,21329.901
300486.SZ,20190725,13.22,13.53,13.22,13.44,13.29,0.15,1.1287,16137.0,21649.929
300486.SZ,20190724,13.17,13.34,13.05,13.29,13.11,0.18,1.373,6995.0,9256.19
300486.SZ,20190723,13.15,13.16,13.0,13.11,13.0,0.11,0.8462,5869.0,7675.051
300486.SZ,20190722,13.43,13.49,13.0,13.0,13.4,-0.4,-2.9851,8721.76,11474.269
300486.SZ,20190719,13.13,13.47,13.13,13.4,13.19,0.21,1.5921,8676.0,11595.844
300486.SZ,20190718,13.33,13.35,13.16,13.19,13.4,-0.21,-1.5672,8309.0,11005.694
300486.SZ,20190717,13.33,13.45,13.3,13.4,13.33,0.07,0.5251,11660.6,15605.045
300486.SZ,20190716,13.25,13.38,13.15,13.33,13.2,0.13,0.9848,11604.24,15409.456
300486.SZ,20190715,13.12,13.22,12.65,13.2,13.16,0.04,0.304,9135.84,11893.865
300486.SZ,20190712,13.13,13.23,13.05,13.16,13.15,0.01,0.076,6022.07,7913.359
300486.SZ,20190711,13.15,13.3,13.02,13.15,13.15,0.0,0.0,10406.0,13686.576
300486.SZ,20190710,13.03,13.43,12.9,13.15,12.98,0.17,1.3097,14071.07,18597.58
300486.SZ,20190709,12.77,13.04,12.77,12.98,12.88,0.1,0.7764,5506.01,7106.783
300486.SZ,20190708,13.3,13.3,12.85,12.88,13.36,-0.48,-3.5928,14104.14,18326.497
300486.SZ,20190705,13.03,13.46,13.0,13.36,13.01,0.35,2.6902,18245.01,24200.848
300486.SZ,20190704,13.09,13.1,12.96,13.01,13.01,0.0,0.0,7627.0,9927.508
300486.SZ,20190703,13.31,13.41,12.96,13.01,13.36,-0.35,-2.6198,16962.0,22135.028
300486.SZ,20190702,13.56,13.58,13.29,13.39,13.48,-0.09,-0.6677,12629.7,16895.212
300486.SZ,20190701,13.28,13.49,13.22,13.48,13.08,0.4,3.0581,13352.0,17890.286
300486.SZ,20190628,13.45,13.51,12.9,13.08,13.52,-0.44,-3.2544,13370.05,17584.788
300486.SZ,20190627,13.44,13.62,13.37,13.52,13.44,0.08,0.5952,10116.05,13706.404
300486.SZ,20190626,13.37,13.63,13.31,13.44,13.45,-0.01,-0.0743,9206.0,12385.078
300486.SZ,20190625,13.56,13.68,13.35,13.45,13.59,-0.14,-1.0302,10114.0,13591.74
300486.SZ,20190624,13.72,13.81,13.46,13.59,13.69,-0.1,-0.7305,12660.0,17199.074
300486.SZ,20190621,13.4,13.86,13.4,13.69,13.3,0.39,2.9323,23927.04,32745.872
300486.SZ,20190620,13.1,13.35,13.08,13.3,13.12,0.18,1.372,12943.0,17190.531
300486.SZ,20190619,13.23,13.4,13.1,13.12,13.1,0.02,0.1527,12816.11,16962.923
300486.SZ,20190618,12.91,13.16,12.85,13.1,12.91,0.19,1.4717,8167.0,10651.513
300486.SZ,20190617,12.86,13.0,12.83,12.91,12.95,-0.04,-0.3089,6222.0,8036.062
300486.SZ,20190614,13.21,13.38,12.87,12.95,13.26,-0.31,-2.3379,11871.0,15575.961
300486.SZ,20190613,13.34,13.36,13.1,13.26,13.34,-0.08,-0.5997,15508.82,20534.913
300486.SZ,20190612,13.21,13.56,13.21,13.34,13.26,0.08,0.6033,15533.11,20770.565
300486.SZ,20190611,12.85,13.3,12.79,13.26,12.85,0.41,3.1907,11621.07,15217.674
300486.SZ,20190610,13.0,13.05,12.8,12.85,12.99,-0.14,-1.0778,7808.24,10057.224
300486.SZ,20190606,13.13,13.19,12.91,12.99,13.14,-0.15,-1.1416,7602.0,9903.965
300486.SZ,20190605,12.89,13.25,12.89,13.14,12.79,0.35,2.7365,9901.78,12965.452
300486.SZ,20190604,13.01,13.13,12.77,12.79,13.0,-0.21,-1.6154,6566.34,8470.519
300486.SZ,20190603,13.25,13.32,12.98,13.0,13.2,-0.2,-1.5152,9714.88,12767.214
300486.SZ,20190531,13.12,13.3,13.09,13.2,13.12,0.08,0.6098,9843.34,13003.629
300486.SZ,20190530,13.23,13.3,12.94,13.12,13.28,-0.16,-1.2048,8011.0,10501.181
300486.SZ,20190529,13.23,13.34,13.18,13.28,13.28,0.0,0.0,7884.0,10471.189
300486.SZ,20190528,13.45,13.45,13.23,13.28,13.29,-0.01,-0.0752,7835.0,10444.4
300486.SZ,20190527,12.86,13.31,12.86,13.29,12.92,0.37,2.8638,7998.0,10510.153
300486.SZ,20190524,12.9,12.98,12.8,12.92,12.91,0.01,0.0775,7543.0,9730.08
300486.SZ,20190523,13.15,13.26,12.85,12.91,13.17,-0.26,-1.9742,8030.11,10437.1
300486.SZ,20190522,13.21,13.35,13.1,13.17,13.2,-0.03,-0.2273,7222.1,9546.088
300486.SZ,20190521,13.08,13.35,12.88,13.2,13.05,0.15,1.1494,8911.0,11773.745
300486.SZ,20190520,12.9,13.05,12.67,13.05,12.87,0.18,1.3986,9957.11,12818.19
300486.SZ,20190517,13.48,13.59,12.8,12.87,13.52,-0.65,-4.8077,13761.0,18034.266
300486.SZ,20190516,13.38,13.57,13.36,13.52,13.44,0.08,0.5952,8763.1,11814.363
300486.SZ,20190515,13.35,13.48,13.3,13.44,13.25,0.19,1.434,8903.11,11938.495
300486.SZ,20190514,13.26,13.4,13.1,13.25,13.36,-0.11,-0.8234,5856.0,7787.638
300486.SZ,20190513,13.35,13.44,13.21,13.36,13.39,-0.03,-0.224,7299.0,9723.832
300486.SZ,20190510,13.07,13.47,12.92,13.39,13.02,0.37,2.8418,12886.0,17126.325
300486.SZ,20190509,13.15,13.3,12.96,13.02,13.21,-0.19,-1.4383,8359.0,10975.187
300486.SZ,20190508,12.8,13.34,12.52,13.21,12.99,0.22,1.6936,12430.0,16254.994
300486.SZ,20190507,12.81,13.13,12.81,12.99,12.83,0.16,1.2471,11519.0,14948.87
300486.SZ,20190506,13.9,13.9,12.76,12.83,14.04,-1.21,-8.6182,15712.0,20747.251
300486.SZ,20190430,13.94,14.16,13.9,14.04,13.97,0.07,0.5011,7104.0,9976.121
300486.SZ,20190429,14.4,14.51,13.91,13.97,14.39,-0.42,-2.9187,16496.0,23332.585
300486.SZ,20190426,14.31,14.69,14.31,14.39,14.84,-0.45,-3.0323,14392.09,20833.099
300486.SZ,20190425,15.53,15.53,14.8,14.84,15.52,-0.68,-4.3814,14664.12,22207.747
300486.SZ,20190424,15.44,15.53,15.23,15.52,15.34,0.18,1.1734,11724.0,18042.61
300486.SZ,20190423,15.5,15.64,15.31,15.34,15.5,-0.16,-1.0323,11707.0,18084.867
300486.SZ,20190422,15.99,16.02,15.46,15.5,15.83,-0.33,-2.0846,19187.16,30062.192
300486.SZ,20190419,15.75,15.83,15.47,15.83,15.75,0.08,0.5079,14957.34,23424.175
300486.SZ,20190418,16.06,16.16,15.75,15.75,16.05,-0.3,-1.8692,20632.0,32752.187
300486.SZ,20190417,15.84,16.18,15.83,16.05,15.84,0.21,1.3258,22915.0,36755.148
300486.SZ,20190416,15.55,15.86,15.4,15.84,15.53,0.31,1.9961,15061.0,23598.666
300486.SZ,20190415,15.77,15.9,15.5,15.53,15.49,0.04,0.2582,20611.34,32482.363
300486.SZ,20190412,15.39,15.53,15.3,15.49,15.4,0.09,0.5844,12550.3,19369.251
300486.SZ,20190411,15.85,15.89,15.39,15.4,15.9,-0.5,-3.1447,19799.49,30975.166
300486.SZ,20190410,15.93,15.99,15.69,15.9,15.91,-0.01,-0.0629,17192.29,27278.807
300486.SZ,20190409,15.9,16.07,15.75,15.91,16.0,-0.09,-0.5625,16373.3,26085.914
300486.SZ,20190408,16.2,16.3,15.73,16.0,16.18,-0.18,-1.1125,23679.0,37999.913
300486.SZ,20190404,16.49,16.69,16.12,16.18,16.42,-0.24,-1.4616,22214.0,36189.666
300486.SZ,20190403,16.15,16.56,16.11,16.42,16.3,0.12,0.7362,22930.0,37518.11
300486.SZ,20190402,16.59,16.96,16.11,16.3,16.45,-0.15,-0.9119,38423.0,63517.662
300486.SZ,20190401,16.26,16.59,16.09,16.45,16.13,0.32,1.9839,49355.09,80695.605
300486.SZ,20190329,15.6,16.16,15.24,16.13,15.54,0.59,3.7967,41949.3,66448.054
300486.SZ,20190328,15.32,15.78,15.16,15.54,15.3,0.24,1.5686,24568.84,38352.082
300486.SZ,20190327,15.15,15.34,15.08,15.3,15.06,0.24,1.5936,16621.21,25282.194
300486.SZ,20190326,15.6,15.74,15.0,15.06,15.59,-0.53,-3.3996,26424.09,40617.631
300486.SZ,20190325,15.25,15.7,15.1,15.59,15.45,0.14,0.9061,24917.68,38586.437
300486.SZ,20190322,15.49,15.59,15.13,15.45,15.47,-0.02,-0.1293,21415.86,32813.777
300486.SZ,20190321,15.29,15.64,15.19,15.47,15.29,0.18,1.1772,23079.68,35650.473
300486.SZ,20190320,15.5,15.55,14.89,15.29,15.5,-0.21,-1.3548,24144.93,36710.67
300486.SZ,20190319,15.5,15.7,15.33,15.5,15.5,0.0,0.0,16401.3,25419.995
300486.SZ,20190318,15.23,15.56,15.16,15.5,15.23,0.27,1.7728,17127.31,26285.528
300486.SZ,20190315,15.02,15.27,15.02,15.23,15.1,0.13,0.8609,18786.08,28498.641
300486.SZ,20190314,15.22,15.48,14.81,15.1,15.42,-0.32,-2.0752,28919.99,43602.375
300486.SZ,20190313,16.03,16.19,15.29,15.42,16.09,-0.67,-4.1641,34243.0,53873.53
300486.SZ,20190312,16.1,16.45,15.87,16.09,16.05,0.04,0.2492,47895.65,77254.179
300486.SZ,20190311,15.51,16.09,15.51,16.05,15.5,0.55,3.5484,31758.8,50272.743
300486.SZ,20190308,15.9,16.4,15.4,15.5,16.34,-0.84,-5.1408,52948.94,83894.356
300486.SZ,20190307,15.43,16.49,15.24,16.34,15.45,0.89,5.7605,59417.14,94043.213
300486.SZ,20190306,15.24,15.69,15.15,15.45,15.23,0.22,1.4445,44104.17,67760.54
300486.SZ,20190305,14.9,15.24,14.76,15.23,14.9,0.33,2.2148,41553.14,62282.214
300486.SZ,20190304,14.66,15.09,14.66,14.9,14.6,0.3,2.0548,35271.0,52649.55
300486.SZ,20190301,14.7,14.72,14.4,14.6,14.6,0.0,0.0,16010.83,23283.372
300486.SZ,20190228,14.7,14.75,14.53,14.6,14.55,0.05,0.3436,19103.67,27927.257
300486.SZ,20190227,14.71,14.85,14.4,14.55,14.72,-0.17,-1.1549,23861.67,34956.878
300486.SZ,20190226,14.8,15.14,14.56,14.72,14.82,-0.1,-0.6748,35331.45,52417.262
300486.SZ,20190225,14.37,14.97,14.22,14.82,14.25,0.57,4.0,42785.66,62319.2
300486.SZ,20190222,13.85,14.3,13.81,14.25,13.85,0.4,2.8881,22646.63,31946.571
300486.SZ,20190221,13.92,14.16,13.79,13.85,13.86,-0.01,-0.0722,20540.0,28742.762
300486.SZ,20190220,13.95,14.02,13.76,13.86,13.98,-0.12,-0.8584,11441.0,15881.015
300486.SZ,20190219,14.08,14.13,13.88,13.98,14.15,-0.17,-1.2014,23590.0,33057.533
300486.SZ,20190218,13.78,14.19,13.78,14.15,13.76,0.39,2.8343,24048.54,33761.605
300486.SZ,20190215,13.84,13.98,13.72,13.76,13.82,-0.06,-0.4342,14443.94,19995.157
300486.SZ,20190214,13.68,13.87,13.6,13.82,13.68,0.14,1.0234,12968.66,17855.455
300486.SZ,20190213,13.47,13.79,13.47,13.68,13.46,0.22,1.6345,11147.72,15234.711
300486.SZ,20190212,13.29,13.57,13.22,13.46,13.3,0.16,1.203,7544.93,10152.302
300486.SZ,20190211,13.1,13.33,13.1,13.3,13.07,0.23,1.7598,5862.0,7769.67
300486.SZ,20190201,12.85,13.1,12.83,13.07,12.74,0.33,2.5903,3722.0,4831.404
300486.SZ,20190131,12.84,13.11,12.64,12.74,12.84,-0.1,-0.7788,6372.71,8224.572
300486.SZ,20190130,13.0,13.21,12.83,12.84,13.0,-0.16,-1.2308,5359.0,6977.198
300486.SZ,20190129,13.42,13.64,12.75,13.0,13.56,-0.56,-4.1298,9722.84,12774.96
300486.SZ,20190128,13.8,13.89,13.45,13.56,13.75,-0.19,-1.3818,8409.66,11518.863
300486.SZ,20190125,13.89,13.98,13.72,13.75,13.92,-0.17,-1.2213,9554.13,13229.319
300486.SZ,20190124,13.69,13.99,13.62,13.92,13.73,0.19,1.3838,11431.66,15802.555
300486.SZ,20190123,13.71,13.84,13.61,13.73,13.85,-0.12,-0.8664,9290.67,12727.032
300486.SZ,20190122,13.68,14.28,13.68,13.85,13.69,0.16,1.1687,20120.65,28156.071
300486.SZ,20190121,13.6,13.8,13.6,13.69,13.68,0.01,0.0731,7853.14,10760.869
300486.SZ,20190118,13.52,13.81,13.52,13.68,13.52,0.16,1.1834,7276.15,9968.998
300486.SZ,20190117,13.81,13.85,13.49,13.52,13.81,-0.29,-2.0999,7384.78,10045.748
300486.SZ,20190116,13.68,13.84,13.68,13.81,13.69,0.12,0.8766,10105.71,13919.859
300486.SZ,20190115,13.27,13.7,13.27,13.69,13.32,0.37,2.7778,9416.92,12766.878
300486.SZ,20190114,13.64,13.66,13.26,13.32,13.64,-0.32,-2.346,7949.06,10657.422
300486.SZ,20190111,13.47,13.65,13.4,13.64,13.55,0.09,0.6642,7934.87,10748.116
300486.SZ,20190110,13.52,13.69,13.5,13.55,13.56,-0.01,-0.0737,8884.73,12060.759
300486.SZ,20190109,13.66,13.84,13.55,13.56,13.76,-0.2,-1.4535,18218.89,25031.237
300486.SZ,20190108,13.9,13.93,13.62,13.76,14.11,-0.35,-2.4805,20768.67,28562.531
300486.SZ,20190107,14.22,14.7,13.91,14.11,14.27,-0.16,-1.1212,26098.76,36729.997
300486.SZ,20190104,13.81,14.34,13.54,14.27,13.76,0.51,3.7064,25683.43,36020.98
300486.SZ,20190103,13.5,13.84,13.36,13.76,13.46,0.3,2.2288,15287.15,20932.342
300486.SZ,20190102,13.31,13.59,13.25,13.46,13.33,0.13,0.9752,7098.0,9549.819
300486.SZ,20181228,13.11,13.55,13.05,13.33,13.08,0.25,1.9113,8927.06,11916.363
300486.SZ,20181227,13.53,13.53,13.06,13.08,13.28,-0.2,-1.506,7859.5,10484.474
300486.SZ,20181226,13.48,13.7,13.28,13.28,13.54,-0.26,-1.9202,7351.64,9922.133
300486.SZ,20181225,13.35,13.6,13.02,13.54,13.55,-0.01,-0.0738,11503.0,15299.08
300486.SZ,20181224,13.31,13.62,13.3,13.55,13.46,0.09,0.6686,6696.06,9052.203
300486.SZ,20181221,13.33,13.52,13.26,13.46,13.46,0.0,0.0,7356.0,9852.243
300486.SZ,20181220,13.51,13.58,13.21,13.46,13.57,-0.11,-0.8106,11446.0,15344.424
300486.SZ,20181219,13.77,13.88,13.46,13.57,13.8,-0.23,-1.6667,15665.95,21334.872
300486.SZ,20181218,13.39,13.88,13.16,13.8,13.39,0.41,3.062,28427.38,38727.711
300486.SZ,20181217,12.96,13.39,12.92,13.39,13.02,0.37,2.8418,11492.15,15182.273
300486.SZ,20181214,13.25,13.36,12.98,13.02,13.22,-0.2,-1.5129,12956.0,17112.87
300486.SZ,20181213,12.95,13.32,12.82,13.22,12.94,0.28,2.1638,16196.29,21292.353
300486.SZ,20181212,12.79,12.99,12.67,12.94,12.74,0.2,1.5699,11080.0,14268.238
300486.SZ,20181211,12.65,12.79,12.43,12.74,12.43,0.31,2.494,5825.76,7386.342
300486.SZ,20181210,12.62,12.69,12.4,12.43,12.7,-0.27,-2.126,6012.0,7539.858
300486.SZ,20181207,12.73,12.88,12.68,12.7,12.73,-0.03,-0.2357,8278.0,10573.196
300486.SZ,20181206,12.81,12.89,12.66,12.73,12.87,-0.14,-1.0878,12390.0,15806.217
300486.SZ,20181205,12.75,12.92,12.7,12.87,13.1,-0.23,-1.7557,11366.0,14555.038
300486.SZ,20181204,12.87,13.11,12.8,13.1,12.87,0.23,1.7871,10058.0,13064.23
300486.SZ,20181203,12.74,13.01,12.7,12.87,12.47,0.4,3.2077,13098.0,16862.032
300486.SZ,20181130,12.28,12.54,12.21,12.47,12.42,0.05,0.4026,10803.8,13423.772
300486.SZ,20181129,12.88,12.93,12.22,12.42,13.04,-0.62,-4.7546,19658.0,25063.358
300486.SZ,20181128,12.77,13.04,12.66,13.04,12.77,0.27,2.1143,12796.0,16466.823
300486.SZ,20181127,12.72,12.86,12.68,12.77,12.66,0.11,0.8689,11401.0,14581.334
300486.SZ,20181126,13.0,13.12,12.55,12.66,13.06,-0.4,-3.0628,20715.9,26455.396
300486.SZ,20181123,14.0,14.0,13.06,13.06,13.96,-0.9,-6.447,30721.85,41178.87
300486.SZ,20181122,14.06,14.2,13.78,13.96,14.21,-0.25,-1.7593,43840.93,61092.125
300486.SZ,20181121,13.26,14.65,13.16,14.21,13.32,0.89,6.6817,62043.7,88436.586
300486.SZ,20181120,13.72,14.04,13.31,13.32,13.71,-0.39,-2.8446,20682.0,28299.309
300486.SZ,20181119,13.7,13.78,13.29,13.71,13.74,-0.03,-0.2183,16762.39,22731.714
300486.SZ,20181116,13.7,13.99,13.69,13.74,13.7,0.04,0.292,20112.8,27792.24
300486.SZ,20181115,13.22,13.77,13.22,13.7,13.22,0.48,3.6309,20510.51,27754.538
300486.SZ,20181114,13.17,13.35,13.16,13.22,13.18,0.04,0.3035,14139.46,18716.513
300486.SZ,20181113,12.9,13.32,12.84,13.18,13.08,0.1,0.7645,18461.0,24245.056
300486.SZ,20181112,12.8,13.1,12.71,13.08,12.78,0.3,2.3474,18028.88,23365.775
300486.SZ,20181109,12.54,12.95,12.53,12.78,12.54,0.24,1.9139,11741.0,14994.559
300486.SZ,20181108,12.81,12.93,12.5,12.54,12.74,-0.2,-1.5699,11319.0,14428.654
300486.SZ,20181107,12.6,12.9,12.6,12.74,12.66,0.08,0.6319,12421.03,15875.15
300486.SZ,20181106,12.87,12.87,12.4,12.66,12.87,-0.21,-1.6317,13305.0,16782.558
300486.SZ,20181105,12.86,13.08,12.52,12.87,12.86,0.01,0.0778,20010.0,25725.09
300486.SZ,20181102,12.65,12.95,12.58,12.86,12.59,0.27,2.1446,21666.5,27627.154
300486.SZ,20181101,12.95,13.3,12.53,12.59,12.48,0.11,0.8814,26460.01,34195.414
300486.SZ,20181031,12.07,12.49,12.02,12.48,12.1,0.38,3.1405,14758.17,18246.121
300486.SZ,20181030,12.33,12.35,11.69,12.1,12.32,-0.22,-1.7857,13760.0,16548.617
300486.SZ,20181029,12.28,12.48,12.16,12.32,12.29,0.03,0.2441,10705.0,13230.246
300486.SZ,20181026,12.4,12.45,12.2,12.29,12.25,0.04,0.3265,8560.0,10554.628
300486.SZ,20181025,12.22,12.35,11.96,12.25,12.5,-0.25,-2.0,13447.01,16372.673
300486.SZ,20181024,12.29,12.6,12.2,12.5,12.33,0.17,1.3788,12405.0,15373.819
300486.SZ,20181023,12.38,12.61,12.21,12.33,12.35,-0.02,-0.1619,13284.0,16489.998
300486.SZ,20181022,11.89,12.73,11.89,12.35,11.88,0.47,3.9562,18796.0,23134.937
300486.SZ,20181019,11.3,11.89,11.22,11.88,11.62,0.26,2.2375,12049.42,14038.429
300486.SZ,20181018,11.58,11.78,11.33,11.62,11.63,-0.01,-0.086,12149.0,14151.032
300486.SZ,20181017,11.69,11.9,11.2,11.63,11.65,-0.02,-0.1717,11097.0,12863.554
300486.SZ,20181016,12.07,12.24,11.08,11.65,12.07,-0.42,-3.4797,9882.0,11662.439
300486.SZ,20181015,12.26,12.48,12.07,12.07,12.26,-0.19,-1.5498,9052.0,11074.336
300486.SZ,20181012,12.56,12.61,11.68,12.26,12.57,-0.31,-2.4662,14890.42,18183.371
300486.SZ,20181011,13.49,13.56,12.51,12.57,13.9,-1.33,-9.5683,15864.03,20537.294
300486.SZ,20181010,13.6,13.93,13.56,13.9,13.65,0.25,1.8315,11250.0,15480.7
300486.SZ,20181009,13.59,13.65,13.31,13.65,13.36,0.29,2.1707,5686.0,7682.3
300486.SZ,20181008,13.82,13.99,13.35,13.36,14.05,-0.69,-4.911,8141.0,11102.44
300486.SZ,20180928,13.76,14.19,13.76,14.05,13.8,0.25,1.8116,10415.0,14517.587
300486.SZ,20180927,14.24,14.29,13.73,13.8,14.22,-0.42,-2.9536,14714.0,20650.731
300486.SZ,20180926,13.85,14.57,13.79,14.22,13.93,0.29,2.0818,20832.36,29666.441
300486.SZ,20180925,13.74,14.06,13.64,13.93,13.75,0.18,1.3091,10475.0,14535.68
300486.SZ,20180921,13.78,13.78,13.53,13.75,13.67,0.08,0.5852,9460.0,12930.569
300486.SZ,20180920,13.66,13.9,13.6,13.67,13.76,-0.09,-0.6541,7750.0,10623.68
300486.SZ,20180919,13.54,13.82,13.53,13.76,13.61,0.15,1.1021,10022.04,13726.102
300486.SZ,20180918,13.32,13.67,13.32,13.61,13.62,-0.01,-0.0734,9264.0,12472.109
300486.SZ,20180917,14.23,14.23,13.35,13.62,13.99,-0.37,-2.6447,11584.0,15935.69
300486.SZ,20180914,14.07,14.07,13.75,13.99,13.9,0.09,0.6475,5592.0,7778.833
300486.SZ,20180913,14.05,14.05,13.8,13.9,13.85,0.05,0.361,6469.0,9005.105
300486.SZ,20180912,13.51,13.89,13.51,13.85,13.55,0.3,2.214,9548.0,13182.233
300486.SZ,20180911,13.4,13.65,13.3,13.55,13.35,0.2,1.4981,6330.0,8547.716
300486.SZ,20180910,13.92,13.93,13.08,13.35,13.9,-0.55,-3.9568,8239.0,11241.392
300486.SZ,20180907,13.92,14.08,13.63,13.9,13.78,0.12,0.8708,8889.0,12373.049
300486.SZ,20180906,13.73,14.1,13.73,13.78,13.99,-0.21,-1.5011,7343.0,10177.001
300486.SZ,20180905,14.18,14.18,13.88,13.99,14.18,-0.19,-1.3399,8101.0,11378.412
300486.SZ,20180904,14.0,14.2,13.93,14.18,14.01,0.17,1.2134,6940.0,9781.318
300486.SZ,20180903,14.19,14.3,13.61,14.01,14.04,-0.03,-0.2137,7317.0,10155.47
300486.SZ,20180831,14.19,14.27,13.95,14.04,14.06,-0.02,-0.1422,6205.0,8735.671
300486.SZ,20180830,14.49,14.49,14.03,14.06,14.42,-0.36,-2.4965,7409.0,10544.856
300486.SZ,20180829,14.68,14.68,14.37,14.42,14.68,-0.26,-1.7711,8370.0,12096.643
300486.SZ,20180828,14.62,14.7,14.5,14.68,14.67,0.01,0.0682,10188.0,14853.396
300486.SZ,20180827,14.26,14.67,14.21,14.67,14.3,0.37,2.5874,14474.0,20996.718
300486.SZ,20180824,14.37,14.38,14.15,14.3,14.4,-0.1,-0.6944,7108.0,10121.835
300486.SZ,20180823,14.19,14.46,14.01,14.4,14.19,0.21,1.4799,8755.0,12545.428
300486.SZ,20180822,14.27,14.5,13.98,14.19,14.27,-0.08,-0.5606,10146.0,14536.791
300486.SZ,20180821,14.05,14.48,14.0,14.27,14.02,0.25,1.7832,9486.39,13492.092
300486.SZ,20180820,13.96,14.15,13.58,14.02,13.9,0.12,0.8633,10806.0,14975.063
300486.SZ,20180817,14.2,14.5,13.86,13.9,14.3,-0.4,-2.7972,10340.84,14635.929
300486.SZ,20180816,14.3,15.28,14.08,14.3,14.29,0.01,0.07,13262.84,19375.896
300486.SZ,20180815,14.64,14.72,14.22,14.29,14.63,-0.34,-2.324,8263.0,11905.774
300486.SZ,20180814,14.46,14.63,14.33,14.63,14.51,0.12,0.827,8990.06,13015.319
300486.SZ,20180813,14.37,14.52,14.04,14.51,14.48,0.03,0.2072,9591.89,13727.21
300486.SZ,20180810,14.36,14.52,14.3,14.48,14.41,0.07,0.4858,9009.0,12996.761
300486.SZ,20180809,13.89,14.57,13.89,14.41,13.94,0.47,3.3716,14572.85,20929.311
300486.SZ,20180808,14.13,14.28,13.83,13.94,14.17,-0.23,-1.6231,10789.0,15188.12
300486.SZ,20180807,13.83,14.17,13.68,14.17,13.7,0.47,3.4307,11855.89,16505.582
300486.SZ,20180806,14.48,14.49,13.4,13.7,14.41,-0.71,-4.9271,14428.89,20170.78
300486.SZ,20180803,14.71,14.77,14.41,14.41,14.7,-0.29,-1.9728,9155.01,13331.861
300486.SZ,20180802,15.27,15.35,14.44,14.7,15.42,-0.72,-4.6693,18504.0,27430.223
300486.SZ,20180801,15.63,15.7,15.29,15.42,15.49,-0.07,-0.4519,10915.0,16948.669
300486.SZ,20180731,15.65,15.65,15.36,15.49,15.55,-0.06,-0.3859,11879.0,18449.962
300486.SZ,20180730,16.23,16.36,15.4,15.55,16.23,-0.68,-4.1898,20603.79,32438.984
300486.SZ,20180727,16.07,16.44,16.07,16.23,16.18,0.05,0.309,13316.67,21680.995
300486.SZ,20180726,16.51,16.6,16.1,16.18,16.54,-0.36,-2.1765,19309.06,31408.179
300486.SZ,20180725,16.71,16.82,16.52,16.54,16.8,-0.26,-1.5476,19915.66,33070.05
300486.SZ,20180724,16.64,16.91,16.42,16.8,16.8,0.0,0.0,28963.87,48221.586
300486.SZ,20180723,16.53,17.5,16.23,16.8,16.2,0.6,3.7037,48763.03,82087.503
300486.SZ,20180720,15.97,16.35,15.76,16.2,16.0,0.2,1.25,20781.07,33489.866
300486.SZ,20180719,16.18,16.28,15.63,16.0,16.18,-0.18,-1.11,19665.07,31275.128
300486.SZ,20180718,15.88,16.43,15.88,16.18,16.07,0.11,0.68,21944.27,35581.284
300486.SZ,20180717,15.97,16.2,15.63,16.07,16.14,-0.07,-0.43,18448.99,29280.949
300486.SZ,20180716,16.03,16.45,16.0,16.14,16.05,0.09,0.56,17873.99,28935.668
300486.SZ,20180713,15.88,16.19,15.72,16.05,15.87,0.18,1.13,19144.55,30676.969
300486.SZ,20180712,15.4,15.95,15.28,15.87,15.23,0.64,4.2,17436.2,27437.564
300486.SZ,20180711,15.76,15.82,15.0,15.23,16.04,-0.81,-5.05,20720.93,31970.559
300486.SZ,20180710,15.98,16.17,15.68,16.04,15.78,0.26,1.65,16791.62,26807.922
300486.SZ,20180709,15.3,15.88,15.15,15.78,15.3,0.48,3.14,15651.25,24505.987
300486.SZ,20180706,15.26,15.74,14.79,15.3,15.2,0.1,0.66,18538.12,28493.77
300486.SZ,20180705,15.58,15.99,15.12,15.2,15.61,-0.41,-2.63,14883.19,23299.175
300486.SZ,20180704,16.1,16.19,15.38,15.61,16.22,-0.61,-3.76,18928.1,29867.331
300486.SZ,20180703,15.66,16.22,15.52,16.22,15.64,0.58,3.71,27879.13,44448.331
300486.SZ,20180702,15.68,16.07,15.36,15.64,15.61,0.03,0.19,24734.96,39063.09
300486.SZ,20180629,15.11,15.65,14.88,15.61,15.08,0.53,3.51,23012.06,35389.337
300486.SZ,20180628,15.48,15.9,15.07,15.08,15.75,-0.67,-4.25,19362.01,30062.802
300486.SZ,20180627,15.76,16.15,15.74,15.75,15.92,-0.17,-1.07,17256.0,27431.525
300486.SZ,20180626,15.27,16.08,15.2,15.92,15.71,0.21,1.34,22557.58,35341.651
300486.SZ,20180625,16.38,16.47,15.6,15.71,16.17,-0.46,-2.84,21230.3,34118.438
300486.SZ,20180622,15.69,16.45,15.44,16.17,16.1,0.07,0.43,23543.17,37761.897
300486.SZ,20180621,17.66,17.66,16.07,16.1,16.75,-0.65,-3.88,30511.0,50634.341
300486.SZ,20180620,16.06,17.14,16.05,16.75,16.3,0.45,2.76,30140.11,50275.652
300486.SZ,20180619,17.4,17.73,16.3,16.3,18.11,-1.81,-9.99,40264.01,68195.925
300486.SZ,20180615,19.59,19.82,17.87,18.11,19.85,-1.74,-8.77,51907.72,97387.86
300486.SZ,20180614,19.66,20.14,19.64,19.85,19.75,0.1,0.51,34050.09,67839.211
300486.SZ,20180613,19.77,20.16,19.62,19.75,20.06,-0.31,-1.55,34030.25,67649.789
300486.SZ,20180612,20.21,20.4,19.5,20.06,20.42,-0.36,-1.76,51175.9,101768.861
300486.SZ,20180611,20.03,20.59,19.88,20.42,20.19,0.23,1.14,60599.27,123178.672
300486.SZ,20180608,20.1,20.38,19.81,20.19,20.39,-0.2,-0.98,53823.01,108254.625
300486.SZ,20180607,21.0,21.12,19.98,20.39,21.47,-1.08,-5.03,95745.67,196155.834
300486.SZ,20180606,21.33,21.75,20.63,21.47,21.5,-0.03,-0.14,135339.44,287182.32
300486.SZ,20180605,22.2,22.71,20.81,21.5,21.78,-0.28,-1.29,168936.92,364840.154
300486.SZ,20180604,20.53,21.78,20.25,21.78,19.8,1.98,10.0,132292.7,275913.557
300486.SZ,20180601,18.37,19.8,18.11,19.8,18.0,1.8,10.0,46940.77,90477.148
300486.SZ,20180531,17.68,18.05,17.11,18.0,17.41,0.59,3.39,24938.15,44046.447
300486.SZ,20180530,18.82,18.85,17.41,17.41,19.34,-1.93,-9.98,41486.3,75004.034
300486.SZ,20180529,19.3,19.82,19.14,19.34,19.46,-0.12,-0.62,38902.62,75986.481
300486.SZ,20180528,18.6,20.0,18.54,19.48,19.04,0.44,2.31,41683.87,80140.343
300486.SZ,20180525,18.68,20.18,18.42,19.04,18.55,0.49,2.64,48378.78,93963.392
300486.SZ,20180524,18.5,18.66,18.24,18.55,18.8,-0.25,-1.33,23191.94,42707.957
300486.SZ,20180523,19.1,19.26,18.77,18.8,19.1,-0.3,-1.57,15365.52,29256.255
300486.SZ,20180522,19.14,19.14,18.7,19.1,19.1,0.0,0.0,17008.15,32223.351
300486.SZ,20180521,18.82,19.27,18.82,19.1,18.76,0.34,1.81,19139.26,36540.622
300486.SZ,20180518,18.81,18.88,18.4,18.76,18.72,0.04,0.21,11513.65,21450.553
300486.SZ,20180517,18.9,19.16,18.61,18.72,18.9,-0.18,-0.95,16206.94,30496.331
300486.SZ,20180516,19.08,19.37,18.7,18.9,19.08,-0.18,-0.94,31786.15,60807.56
300486.SZ,20180515,18.23,19.11,18.23,19.08,18.41,0.67,3.64,21983.15,41262.4
300486.SZ,20180514,18.65,19.0,18.25,18.41,18.88,-0.47,-2.49,17073.64,31750.557
300486.SZ,20180511,18.6,19.17,18.55,18.88,18.66,0.22,1.18,36584.84,69308.798
300486.SZ,20180510,18.54,18.91,18.43,18.66,18.6,0.06,0.32,24071.8,44814.916
300486.SZ,20180509,18.61,18.84,18.39,18.6,18.97,-0.37,-1.95,35749.82,66468.131
300486.SZ,20180508,19.75,20.11,18.9,18.97,18.93,0.04,0.21,81072.05,158009.886
300486.SZ,20180507,17.56,18.93,17.48,18.93,17.21,1.72,9.99,31497.97,58666.775
300486.SZ,20180504,17.17,17.44,17.01,17.21,17.19,0.02,0.12,5232.97,9042.074
300486.SZ,20180503,16.88,17.2,16.5,17.19,16.86,0.33,1.96,6585.25,11124.323
300486.SZ,20180502,17.24,17.47,16.69,16.86,17.23,-0.37,-2.15,6310.0,10743.302
300486.SZ,20180427,17.2,17.39,17.15,17.23,17.17,0.06,0.35,5937.14,10245.035
300486.SZ,20180426,17.85,17.85,17.17,17.17,17.7,-0.53,-2.99,8514.61,14803.807
300486.SZ,20180425,17.26,17.8,17.26,17.7,17.47,0.23,1.32,9724.0,17121.675
300486.SZ,20180424,17.06,17.49,16.91,17.47,16.98,0.49,2.89,9385.61,16254.146
300486.SZ,20180423,17.21,17.35,16.73,16.98,17.21,-0.23,-1.34,8629.36,14712.583
300486.SZ,20180420,17.98,17.98,17.16,17.21,17.7,-0.49,-2.77,9615.6,16924.356
300486.SZ,20180419,17.69,17.9,17.55,17.7,17.65,0.05,0.28,9625.07,17084.004
300486.SZ,20180418,17.3,17.71,16.95,17.65,17.19,0.46,2.68,15005.73,26052.384
300486.SZ,20180417,17.82,18.02,17.17,17.19,17.83,-0.64,-3.59,13922.45,24488.657
300486.SZ,20180416,18.21,18.21,17.64,17.83,18.25,-0.42,-2.3,13450.5,24053.771
300486.SZ,20180413,18.32,18.54,18.2,18.25,18.24,0.01,0.05,9952.99,18258.375
300486.SZ,20180412,18.45,18.66,18.15,18.24,18.39,-0.15,-0.82,16686.5,30735.688
300486.SZ,20180411,18.35,18.59,18.24,18.39,18.25,0.14,0.77,13305.03,24501.214
300486.SZ,20180410,18.83,18.94,18.12,18.25,19.07,-0.82,-4.3,23960.94,44186.871
300486.SZ,20180409,19.09,19.18,18.7,19.07,18.77,0.3,1.6,14107.0,26810.445
300486.SZ,20180404,19.26,19.47,18.6,18.77,19.16,-0.39,-2.04,16276.0,31063.524
300486.SZ,20180403,19.4,19.66,18.85,19.16,19.97,-0.81,-4.06,39453.49,75610.848
300486.SZ,20180402,18.63,20.63,18.63,19.97,18.75,1.22,6.51,66250.01,132600.492
300486.SZ,20180330,19.35,19.35,18.5,18.75,18.2,0.55,3.02,24063.72,45338.699
300486.SZ,20180329,17.84,18.32,17.84,18.2,17.84,0.36,2.02,14863.76,26926.663
300486.SZ,20180328,17.5,18.18,17.5,17.84,17.84,0.0,0.0,13460.0,23981.764
300486.SZ,20180327,17.11,17.93,17.11,17.84,17.08,0.76,4.45,15416.0,27198.036
300486.SZ,20180326,16.5,17.11,16.01,17.08,16.72,0.36,2.15,11362.72,18892.836
300486.SZ,20180323,17.51,17.98,16.68,16.72,18.53,-1.81,-9.77,23688.82,40734.164
300486.SZ,20180322,18.63,18.91,18.4,18.53,18.63,-0.1,-0.54,7865.0,14668.286
300486.SZ,20180321,18.9,19.29,18.62,18.63,18.91,-0.28,-1.48,11132.85,21155.389
300486.SZ,20180320,18.88,18.95,18.58,18.91,18.99,-0.08,-0.42,10587.98,19846.738
300486.SZ,20180319,18.93,19.35,18.65,18.99,18.86,0.13,0.69,9212.34,17573.977
300486.SZ,20180316,18.77,19.1,18.77,18.86,18.68,0.18,0.96,8687.13,16431.365
300486.SZ,20180315,19.26,19.55,18.4,18.68,19.46,-0.78,-4.01,15848.94,29919.882
300486.SZ,20180314,19.66,19.85,19.26,19.46,19.95,-0.49,-2.46,20155.32,39477.128
300486.SZ,20180313,19.7,20.95,19.69,19.95,19.55,0.4,2.05,31760.86,64544.626
300486.SZ,20180312,19.3,20.1,19.29,19.55,19.19,0.36,1.88,24707.38,48618.555
300486.SZ,20180309,18.61,19.35,18.48,19.19,18.72,0.47,2.51,24234.22,46051.051
300486.SZ,20180308,18.29,18.96,18.29,18.72,18.31,0.41,2.24,17420.19,32570.287
300486.SZ,20180307,18.89,18.97,18.29,18.31,18.98,-0.67,-3.53,19755.98,36571.234
300486.SZ,20180306,18.98,19.3,18.88,18.98,19.0,-0.02,-0.11,14689.81,28027.466
300486.SZ,20180305,18.85,19.18,18.56,19.0,18.93,0.07,0.37,21917.72,41311.368
300486.SZ,20180302,17.74,19.67,17.51,18.93,17.88,1.05,5.87,38791.48,74564.545
300486.SZ,20180301,17.31,18.11,17.3,17.88,17.53,0.35,2.0,15583.25,27677.732
300486.SZ,20180228,17.58,17.69,17.36,17.53,17.75,-0.22,-1.24,8498.0,14923.219
300486.SZ,20180227,17.95,18.44,17.7,17.75,17.96,-0.21,-1.17,12658.13,22895.696
300486.SZ,20180226,17.74,18.13,17.57,17.96,17.62,0.34,1.93,7836.21,13998.158
300486.SZ,20180223,17.61,17.69,17.51,17.62,17.61,0.01,0.06,3230.0,5686.128
300486.SZ,20180222,17.67,17.69,17.5,17.61,17.51,0.1,0.57,5033.1,8854.084
300486.SZ,20180214,17.6,17.62,17.28,17.51,17.51,0.0,0.0,4281.08,7461.093
300486.SZ,20180213,17.46,17.63,17.3,17.51,17.52,-0.01,-0.06,6757.49,11861.942
300486.SZ,20180212,17.6,17.66,17.1,17.52,16.91,0.61,3.61,9095.0,15838.69
300486.SZ,20180209,16.92,17.15,16.12,16.91,16.98,-0.07,-0.41,11268.87,18833.221
300486.SZ,20180208,16.46,16.98,16.38,16.98,16.45,0.53,3.22,10321.0,17298.067
300486.SZ,20180207,16.7,16.74,15.73,16.45,16.38,0.07,0.43,12611.87,20636.673
300486.SZ,20180206,17.28,17.68,16.38,16.38,18.2,-1.82,-10.0,19042.0,32375.179
300486.SZ,20180205,19.03,19.03,18.15,18.2,19.43,-1.23,-6.33,12018.88,22315.296
300486.SZ,20180202,19.58,19.68,19.1,19.43,19.5,-0.07,-0.36,5858.45,11369.38
300486.SZ,20180201,19.68,19.97,19.21,19.5,19.64,-0.14,-0.71,10835.0,21222.36
300486.SZ,20180131,19.91,19.91,19.09,19.64,20.11,-0.47,-2.34,14257.42,27836.967
300486.SZ,20180130,20.05,20.18,19.71,20.11,19.91,0.2,1.0,8907.77,17788.452
300486.SZ,20180129,20.53,20.53,19.63,19.91,20.53,-0.62,-3.02,21347.46,42793.786
300486.SZ,20180126,20.79,21.07,20.5,20.53,21.28,-0.75,-3.52,21337.2,44161.802
300486.SZ,20180125,21.57,21.9,21.03,21.28,20.9,0.38,1.82,42336.89,90904.725
300486.SZ,20180117,21.45,21.54,20.7,20.9,20.44,0.46,2.25,27071.91,56924.971
300486.SZ,20180116,20.11,20.45,20.1,20.44,20.06,0.38,1.89,10015.31,20365.209
300486.SZ,20180115,20.33,20.45,20.03,20.06,20.36,-0.3,-1.47,9574.2,19298.514
300486.SZ,20180112,20.31,20.67,20.28,20.36,20.4,-0.04,-0.2,7500.9,15313.827
300486.SZ,20180111,20.2,20.49,20.12,20.4,20.03,0.37,1.85,10774.08,21931.107
300486.SZ,20180110,20.29,20.47,20.0,20.03,20.29,-0.26,-1.28,8582.0,17303.089
300486.SZ,20180109,20.48,20.48,20.22,20.29,20.35,-0.06,-0.29,6094.0,12360.35
300486.SZ,20180108,20.84,20.84,20.2,20.35,20.85,-0.5,-2.4,11794.4,24022.853
300486.SZ,20180105,20.97,21.09,20.78,20.85,20.9,-0.05,-0.24,6346.0,13255.852
300486.SZ,20180104,20.75,21.07,20.75,20.9,20.94,-0.04,-0.19,8420.37,17595.25
300486.SZ,20180103,20.81,20.97,20.6,20.94,20.8,0.14,0.67,10555.65,21960.958
300486.SZ,20180102,20.6,20.9,20.51,20.8,20.55,0.25,1.22,8080.76,16736.887
300486.SZ,20171229,20.5,20.55,20.24,20.55,20.34,0.21,1.03,6404.81,13036.466
300486.SZ,20171228,20.2,20.43,20.15,20.34,20.18,0.16,0.79,6880.0,13964.844
300486.SZ,20171227,20.28,20.54,20.18,20.18,20.35,-0.17,-0.84,6999.91,14279.951
300486.SZ,20171226,20.0,20.5,20.0,20.35,20.13,0.22,1.09,6446.0,13069.261
300486.SZ,20171225,20.43,20.7,19.99,20.13,20.81,-0.68,-3.27,10264.0,20752.861
300486.SZ,20171222,20.81,20.95,20.58,20.81,20.8,0.01,0.05,7186.01,14932.275
300486.SZ,20171221,21.09,21.26,20.48,20.8,21.26,-0.46,-2.16,13412.0,28018.905
300486.SZ,20171220,21.8,21.93,21.1,21.26,21.78,-0.52,-2.39,12518.0,26706.496
300486.SZ,20171219,21.55,21.93,21.55,21.78,21.61,0.17,0.79,7454.38,16252.019
300486.SZ,20171218,21.83,22.05,21.51,21.61,22.0,-0.39,-1.77,9073.0,19697.742
300486.SZ,20171215,22.1,22.18,21.86,22.0,22.15,-0.15,-0.68,9543.68,20994.542
300486.SZ,20171214,21.68,22.18,21.68,22.15,22.03,0.12,0.54,16945.53,37045.904
300486.SZ,20171213,20.88,22.37,20.86,22.03,21.02,1.01,4.8,25221.91,54904.121
300486.SZ,20171212,21.29,21.36,21.0,21.02,21.34,-0.32,-1.5,10209.63,21610.064
300486.SZ,20171211,21.4,21.42,21.16,21.34,21.33,0.01,0.05,9632.68,20506.087
300486.SZ,20171208,20.75,21.35,20.75,21.33,20.91,0.42,2.01,12239.37,25910.624
300486.SZ,20171207,20.94,21.16,20.77,20.91,21.04,-0.13,-0.62,9695.26,20332.345
300486.SZ,20171206,20.59,21.08,20.37,21.04,20.59,0.45,2.19,10275.92,21302.795
300486.SZ,20171205,20.75,20.94,20.25,20.59,20.36,0.23,1.13,14783.0,30518.911
300486.SZ,20171204,20.7,21.23,20.33,20.36,21.09,-0.73,-3.46,10523.0,21842.883
300486.SZ,20171201,20.78,21.19,20.78,21.09,20.92,0.17,0.81,10557.87,22233.297
300486.SZ,20171130,20.65,21.26,20.65,20.92,20.57,0.35,1.7,17852.25,37530.884
300486.SZ,20171129,20.64,20.76,20.16,20.57,20.54,0.03,0.15,10584.63,21629.354
300486.SZ,20171128,20.03,20.59,20.03,20.54,20.15,0.39,1.94,11002.6,22436.292
300486.SZ,20171127,20.0,20.26,19.72,20.15,20.09,0.06,0.3,8768.28,17579.639
300486.SZ,20171124,19.57,20.1,19.57,20.09,19.76,0.33,1.67,11889.97,23605.465
300486.SZ,20171123,20.56,20.58,19.02,19.76,20.58,-0.82,-3.98,15229.87,30677.846
300486.SZ,20171122,20.33,20.8,20.33,20.58,20.45,0.13,0.64,11815.47,24300.182
300486.SZ,20171121,20.69,21.05,20.38,20.45,20.73,-0.28,-1.35,11962.31,24775.044
300486.SZ,20171120,20.52,20.78,20.06,20.73,20.76,-0.03,-0.14,15843.3,32268.196
300486.SZ,20171117,22.4,22.45,20.67,20.76,22.38,-1.62,-7.24,26978.17,57430.266
300486.SZ,20171116,22.65,22.8,22.38,22.38,22.59,-0.21,-0.93,9671.57,21837.535
300486.SZ,20171115,22.41,22.77,22.3,22.59,22.57,0.02,0.09,12208.08,27515.2
300486.SZ,20171114,23.36,23.36,22.56,22.57,23.07,-0.5,-2.17,16449.01,37481.602
300486.SZ,20171113,23.52,23.8,22.88,23.07,23.56,-0.49,-2.08,24235.53,56401.797
300486.SZ,20171110,23.5,23.76,23.45,23.56,23.63,-0.07,-0.3,14567.43,34346.09
300486.SZ,20171109,23.49,23.67,23.16,23.63,23.5,0.13,0.55,15074.16,35272.234
300486.SZ,20171108,23.52,23.97,23.38,23.5,23.73,-0.23,-0.97,20973.77,49773.683
300486.SZ,20171107,23.55,23.77,23.27,23.73,23.69,0.04,0.17,18574.85,43630.588
300486.SZ,20171106,22.86,23.7,22.8,23.69,22.5,1.19,5.29,27204.63,63421.47
300486.SZ,20171103,22.85,23.12,22.4,22.5,22.95,-0.45,-1.96,17286.0,39361.426
300486.SZ,20171102,23.63,23.64,22.73,22.95,23.65,-0.7,-2.96,25978.25,59806.872
300486.SZ,20171101,23.66,23.98,23.52,23.65,23.52,0.13,0.55,18465.4,43800.76
300486.SZ,20171031,23.42,23.69,23.2,23.52,23.42,0.1,0.43,22882.38,53758.203
300486.SZ,20171030,25.34,25.7,23.39,23.42,25.6,-2.18,-8.52,51268.75,124107.435
300486.SZ,20171027,25.79,26.22,25.5,25.6,25.89,-0.29,-1.12,26706.44,68816.55
300486.SZ,20171026,26.03,26.25,25.71,25.89,26.04,-0.15,-0.58,33551.55,87233.523
300486.SZ,20171025,26.18,26.24,25.62,26.04,25.93,0.11,0.42,32952.32,85459.471
300486.SZ,20171024,26.55,26.68,25.21,25.93,26.87,-0.94,-3.5,59818.62,155270.58
300486.SZ,20171023,26.95,27.55,26.51,26.87,26.91,-0.04,-0.15,62127.88,167260.069
300486.SZ,20171020,26.7,27.8,26.27,26.91,27.0,-0.09,-0.33,101417.62,273624.915
300486.SZ,20171019,25.25,27.03,25.25,27.0,25.8,1.2,4.65,100316.73,266271.769
300486.SZ,20171018,26.2,27.0,25.6,25.8,25.57,0.23,0.9,83872.11,221027.09
300486.SZ,20171017,24.8,25.93,24.6,25.57,24.8,0.77,3.1,49066.73,124300.743
300486.SZ,20171016,25.81,25.83,24.71,24.8,25.71,-0.91,-3.54,36171.44,90725.173
300486.SZ,20171013,26.03,26.21,25.5,25.71,26.22,-0.51,-1.95,48097.91,123781.927
300486.SZ,20171012,26.1,27.07,25.71,26.22,26.13,0.09,0.34,72291.38,190033.07
300486.SZ,20171011,25.0,27.45,24.71,26.13,25.1,1.03,4.1,72067.75,187027.385
300486.SZ,20171010,24.16,25.23,24.04,25.1,24.05,1.05,4.37,34087.16,84708.16
300486.SZ,20171009,23.8,24.21,23.8,24.05,23.55,0.5,2.12,15074.59,36222.593
300486.SZ,20170929,23.32,23.66,23.32,23.55,23.27,0.28,1.2,9390.75,22114.097
300486.SZ,20170928,23.7,23.77,23.25,23.27,23.64,-0.37,-1.57,17827.85,41886.845
300486.SZ,20170927,23.46,23.8,23.26,23.64,23.4,0.24,1.03,16119.12,37992.375
300486.SZ,20170926,24.72,24.98,22.55,23.4,24.84,-1.44,-5.8,34983.69,84070.161
300486.SZ,20170925,25.01,25.48,24.8,24.84,25.22,-0.38,-1.51,28263.36,71367.783
300486.SZ,20170922,24.88,25.27,24.73,25.22,25.13,0.09,0.36,27691.79,69208.138
300486.SZ,20170921,25.5,26.08,24.81,25.13,24.7,0.43,1.74,56356.83,142793.771
300486.SZ,20170920,24.23,24.7,24.06,24.7,24.28,0.42,1.73,24033.51,58729.246
300486.SZ,20170919,24.6,24.7,24.2,24.28,24.6,-0.32,-1.3,18660.14,45459.89
300486.SZ,20170918,23.81,24.67,23.8,24.6,23.91,0.69,2.89,24419.6,59637.112
300486.SZ,20170915,24.39,24.4,23.9,23.91,24.27,-0.36,-1.48,21259.21,51185.818
300486.SZ,20170914,24.55,24.7,24.24,24.27,24.68,-0.41,-1.66,24666.25,60210.946
300486.SZ,20170913,24.83,25.18,24.57,24.68,24.8,-0.12,-0.48,23193.0,57564.836
300486.SZ,20170912,24.78,24.99,24.6,24.8,24.76,0.04,0.16,23890.04,59341.573
300486.SZ,20170911,24.87,25.08,24.43,24.76,24.87,-0.11,-0.44,25956.49,64270.786
300486.SZ,20170908,25.66,26.09,24.73,24.87,25.44,-0.57,-2.24,42790.32,107931.915
300486.SZ,20170907,25.28,26.02,25.04,25.44,25.12,0.32,1.27,57917.49,148123.461
300486.SZ,20170906,24.9,25.5,24.82,25.12,24.93,0.19,0.76,35960.96,90433.464
300486.SZ,20170905,24.85,25.23,24.55,24.93,24.92,0.01,0.04,34509.54,85767.461
300486.SZ,20170904,25.22,26.2,24.91,24.92,24.99,-0.07,-0.28,73753.76,187758.625
300486.SZ,20170901,24.07,24.99,23.9,24.99,24.18,0.81,3.35,52396.57,128668.928
300486.SZ,20170831,24.16,24.44,23.8,24.18,24.17,0.01,0.04,32105.54,77279.281
300486.SZ,20170830,24.1,24.65,24.03,24.17,24.31,-0.14,-0.58,38678.34,94352.257
300486.SZ,20170829,24.0,24.68,23.7,24.31,24.11,0.2,0.83,55873.61,135360.157
300486.SZ,20170828,23.51,24.5,23.51,24.11,23.4,0.71,3.03,44904.38,107830.403
300486.SZ,20170825,22.98,23.64,22.91,23.4,23.22,0.18,0.78,23889.76,55824.508
300486.SZ,20170824,23.89,23.99,23.1,23.22,24.02,-0.8,-3.33,38909.22,91621.066
300486.SZ,20170823,22.96,24.33,22.96,24.02,23.03,0.99,4.3,65130.11,155505.462
300486.SZ,20170822,23.3,23.3,22.89,23.03,23.15,-0.12,-0.52,22533.04,51949.892
300486.SZ,20170821,23.47,23.48,22.82,23.15,23.0,0.15,0.65,29126.7,67237.941
300486.SZ,20170818,23.37,23.7,23.0,23.0,23.79,-0.79,-3.32,36279.75,84655.389
300486.SZ,20170817,23.73,24.23,23.21,23.79,23.79,0.0,0.0,64968.51,153404.545
300486.SZ,20170816,23.5,24.47,22.8,23.79,22.59,1.2,5.31,96481.04,227749.614
300486.SZ,20170815,22.47,22.59,22.47,22.59,20.54,2.05,9.98,19297.65,43570.586
300486.SZ,20170814,20.02,20.67,20.02,20.54,20.12,0.42,2.09,27436.65,55793.011
300486.SZ,20170811,20.2,20.48,20.02,20.12,20.6,-0.48,-2.33,28079.81,56629.76
300486.SZ,20170810,20.09,20.87,20.01,20.6,20.49,0.11,0.54,41760.0,85897.164
300486.SZ,20170809,20.38,21.77,20.37,20.49,22.63,-2.14,-9.46,74625.55,154235.165
300486.SZ,20170124,23.34,23.34,22.63,22.63,23.15,-0.52,-2.25,15391.14,35281.877
300486.SZ,20170123,23.67,23.67,22.92,23.15,23.25,-0.1,-0.43,21623.72,50373.823
300486.SZ,20170120,21.97,24.31,21.93,23.25,22.1,1.15,5.2,26677.35,62397.269
300486.SZ,20170119,21.9,22.79,21.51,22.1,21.92,0.18,0.82,18206.58,40214.278
300486.SZ,20170118,22.5,22.55,21.75,21.92,22.17,-0.25,-1.13,15747.16,34610.663
300486.SZ,20170117,21.59,22.4,21.11,22.17,21.55,0.62,2.88,24382.4,52868.232
300486.SZ,20170116,23.83,23.83,21.29,21.55,23.66,-2.11,-8.92,28403.33,63128.687
300486.SZ,20170113,25.65,25.65,23.5,23.66,25.47,-1.81,-7.11,25001.93,60807.247
300486.SZ,20170112,25.72,26.23,25.41,25.47,25.78,-0.31,-1.2,9338.29,24048.701
300486.SZ,20170111,26.02,26.34,25.71,25.78,26.18,-0.4,-1.53,10888.82,28245.826
300486.SZ,20170110,26.5,26.5,26.18,26.18,26.33,-0.15,-0.57,8662.48,22844.017
300486.SZ,20170109,26.03,26.5,25.8,26.33,26.05,0.28,1.07,8897.86,23290.104
300486.SZ,20170106,26.35,26.49,26.02,26.05,26.45,-0.4,-1.51,12242.01,32076.405
300486.SZ,20170105,26.57,26.98,26.35,26.45,26.51,-0.06,-0.23,10046.41,26679.858
300486.SZ,20170104,26.58,26.58,26.0,26.51,26.26,0.25,0.95,14856.78,39231.828
300486.SZ,20170103,25.8,26.57,25.8,26.26,26.0,0.26,1.0,12248.46,32188.102
300486.SZ,20161230,26.03,26.3,25.4,26.0,26.17,-0.17,-0.65,14375.05,37367.289
300486.SZ,20161229,26.66,26.69,25.82,26.17,26.45,-0.28,-1.06,13575.3,35794.691
300486.SZ,20161228,26.2,26.89,26.1,26.45,26.32,0.13,0.49,16126.34,42730.536
300486.SZ,20161227,26.4,27.07,26.25,26.32,26.4,-0.08,-0.3,20578.36,54663.975
300486.SZ,20161226,25.25,26.58,25.05,26.4,25.37,1.03,4.06,32371.67,84465.243
300486.SZ,20161223,26.4,26.52,25.37,25.37,26.4,-1.03,-3.9,14831.13,38411.896
300486.SZ,20161222,26.71,26.71,26.28,26.4,26.62,-0.22,-0.83,12025.89,31773.299
300486.SZ,20161221,26.43,26.63,26.25,26.62,26.25,0.37,1.41,20789.75,55017.314
300486.SZ,20161220,25.91,26.3,25.91,26.25,25.97,0.28,1.08,14048.32,36683.767
300486.SZ,20161219,26.44,26.44,25.83,25.97,26.26,-0.29,-1.1,12609.45,32781.657
300486.SZ,20161216,25.82,26.36,25.82,26.26,25.93,0.33,1.27,16916.19,44310.332
300486.SZ,20161215,25.59,26.23,25.35,25.93,25.6,0.33,1.29,21236.25,55117.545
300486.SZ,20161214,26.0,26.29,25.38,25.6,26.09,-0.49,-1.88,18464.76,47641.634
300486.SZ,20161213,26.06,26.36,25.3,26.09,26.44,-0.35,-1.32,24122.4,62393.775
300486.SZ,20161212,29.02,29.33,26.44,26.44,29.38,-2.94,-10.01,36189.47,99817.836
300486.SZ,20161209,29.0,29.55,29.0,29.38,29.27,0.11,0.38,14514.95,42555.03
300486.SZ,20161208,29.93,29.93,29.25,29.27,29.83,-0.56,-1.88,16672.48,49370.139
300486.SZ,20161207,29.67,29.9,29.26,29.83,29.58,0.25,0.85,15404.1,45603.57
300486.SZ,20161206,29.68,29.9,29.22,29.58,29.46,0.12,0.41,14053.32,41657.125
300486.SZ,20161205,29.21,29.99,29.01,29.46,30.06,-0.6,-2.0,16664.3,49388.209
300486.SZ,20161202,31.41,31.56,30.0,30.06,31.48,-1.42,-4.51,36193.33,111108.617
300486.SZ,20161201,31.54,31.54,31.2,31.48,31.4,0.08,0.25,15843.85,49715.33
300486.SZ,20161130,31.48,31.94,31.09,31.4,31.59,-0.19,-0.6,23067.2,72644.312
300486.SZ,20161129,32.3,32.58,31.45,31.59,32.29,-0.7,-2.17,32826.19,104776.497
300486.SZ,20161128,32.85,32.85,31.9,32.29,32.26,0.03,0.09,26204.63,84514.734
300486.SZ,20161125,32.4,32.7,31.51,32.26,32.4,-0.14,-0.43,30278.21,97196.069
300486.SZ,20161124,32.8,33.23,32.3,32.4,32.87,-0.47,-1.43,30844.4,101235.328
300486.SZ,20161123,33.41,33.85,32.65,32.87,33.62,-0.75,-2.23,49735.96,164765.321
300486.SZ,20161122,33.05,33.7,32.71,33.62,32.95,0.67,2.03,69327.88,231253.55
300486.SZ,20161121,32.68,33.0,32.29,32.95,32.26,0.69,2.14,33152.57,108208.966
300486.SZ,20161118,32.8,32.8,32.24,32.26,32.29,-0.03,-0.09,26964.14,87468.665
300486.SZ,20161117,32.78,32.78,32.2,32.29,32.97,-0.68,-2.06,34276.99,110934.982
300486.SZ,20161116,32.65,33.23,32.45,32.97,32.5,0.47,1.45,59373.1,195690.284
300486.SZ,20161115,32.31,32.59,31.85,32.5,32.37,0.13,0.4,30405.49,98194.037
300486.SZ,20161114,32.2,32.8,32.03,32.37,31.83,0.54,1.7,34345.68,111383.652
300486.SZ,20161111,31.73,32.04,31.63,31.83,31.72,0.11,0.35,22090.73,70244.75
300486.SZ,20161110,31.56,31.95,31.5,31.72,31.42,0.3,0.95,27828.57,88213.453
300486.SZ,20161109,32.36,32.36,31.32,31.42,32.37,-0.95,-2.93,38920.69,123508.368
300486.SZ,20161108,32.75,32.76,32.19,32.37,32.69,-0.32,-0.98,26522.08,85832.995
300486.SZ,20161107,33.1,33.7,32.45,32.69,33.19,-0.5,-1.51,35034.21,115123.435
300486.SZ,20161104,32.53,33.2,32.36,33.19,32.82,0.37,1.13,46960.79,153650.984
300486.SZ,20161103,32.0,33.47,31.99,32.82,31.87,0.95,2.98,65643.36,215913.345
300486.SZ,20161102,32.01,32.25,31.81,31.87,32.22,-0.35,-1.09,22163.21,70887.455
300486.SZ,20161101,31.56,32.42,31.56,32.22,31.58,0.64,2.03,33866.77,108562.374
300486.SZ,20161031,31.43,31.84,31.43,31.58,31.78,-0.2,-0.63,16132.76,50954.357
300486.SZ,20161028,31.7,32.09,31.5,31.78,31.78,0.0,0.0,22155.1,70305.2181
300486.SZ,20161027,31.6,31.8,31.52,31.78,31.69,0.09,0.28,16573.92,52503.3621
300486.SZ,20161026,31.53,31.85,31.46,31.69,31.6,0.09,0.28,23272.01,73705.9983
300486.SZ,20161025,31.62,31.9,31.46,31.6,31.61,-0.01,-0.03,18734.89,59304.444
300486.SZ,20161024,31.4,31.7,31.28,31.61,31.4,0.21,0.67,23538.01,74287.5754
300486.SZ,20161021,32.33,32.37,31.15,31.4,32.26,-0.86,-2.67,35501.53,112169.6037
300486.SZ,20161020,31.8,32.29,31.7,32.26,31.86,0.4,1.26,24485.36,78515.9048
300486.SZ,20161019,32.3,32.34,31.65,31.86,32.07,-0.21,-0.65,23165.65,73689.2398
300486.SZ,20161018,31.66,32.1,31.51,32.07,31.61,0.46,1.46,18709.8,59739.0599
300486.SZ,20161017,31.84,32.0,31.55,31.61,32.06,-0.45,-1.4,18644.29,59220.5521
300486.SZ,20161014,32.36,32.46,31.81,32.06,32.49,-0.43,-1.32,21139.19,67689.1044
300486.SZ,20161013,32.52,32.79,32.24,32.49,32.31,0.18,0.56,13380.08,43431.4981
300486.SZ,20161012,32.45,32.68,32.22,32.31,32.55,-0.24,-0.74,13799.41,44727.4277
300486.SZ,20161011,32.78,32.83,32.26,32.55,32.57,-0.02,-0.06,12160.06,39576.0177
300486.SZ,20161010,31.98,32.58,31.81,32.57,31.58,0.99,3.13,14218.84,45887.6431
300486.SZ,20160930,31.64,31.91,31.43,31.58,31.62,-0.04,-0.13,6962.06,22037.2794
300486.SZ,20160929,31.42,32.09,31.42,31.62,31.41,0.21,0.67,10608.97,33759.7584
300486.SZ,20160928,31.76,31.94,31.31,31.41,31.76,-0.35,-1.1,8618.91,27109.0389
300486.SZ,20160927,31.23,31.83,31.18,31.76,31.23,0.53,1.7,11640.22,36612.9949
300486.SZ,20160926,32.46,32.8,31.18,31.23,32.9,-1.67,-5.08,19565.58,63015.7703
300486.SZ,20160923,33.4,33.51,32.87,32.9,33.25,-0.35,-1.05,12486.24,41396.5873
300486.SZ,20160922,33.35,33.75,33.2,33.25,33.5,-0.25,-0.75,18925.85,63383.4557
300486.SZ,20160921,32.65,33.64,32.65,33.5,32.57,0.93,2.86,28952.62,96523.6342
300486.SZ,20160920,32.7,32.84,32.53,32.57,32.7,-0.13,-0.4,8209.0,26783.602
300486.SZ,20160919,32.5,32.94,32.5,32.7,32.59,0.11,0.34,10197.33,33367.6697
300486.SZ,20160914,32.24,32.64,32.22,32.59,32.46,0.13,0.4,11958.36,38792.2203
300486.SZ,20160913,32.4,32.71,32.24,32.46,32.31,0.15,0.46,13040.33,42281.3038
300486.SZ,20160912,32.75,33.1,32.3,32.31,33.53,-1.22,-3.64,20320.0,66496.4481
300486.SZ,20160909,34.2,34.55,33.5,33.53,34.12,-0.59,-1.73,20188.12,68810.0112
300486.SZ,20160908,33.93,34.39,33.55,34.12,33.83,0.29,0.86,21917.15,74670.6701
300486.SZ,20160907,33.5,34.2,33.41,33.83,33.84,-0.01,-0.03,27442.41,92694.9027
300486.SZ,20160906,33.0,34.28,32.96,33.84,32.85,0.99,3.01,34665.93,116689.2164
300486.SZ,20160905,33.15,33.25,32.56,32.85,33.04,-0.19,-0.58,22868.16,75215.3567
300486.SZ,20160902,33.35,33.35,32.8,33.04,33.35,-0.31,-0.93,17950.41,59328.5909
300486.SZ,20160901,33.75,33.8,33.34,33.35,33.73,-0.38,-1.13,14989.11,50207.6764
300486.SZ,20160831,34.29,34.3,33.23,33.73,34.3,-0.57,-1.66,24084.57,81066.7504
300486.SZ,20160830,33.6,34.5,33.54,34.3,33.51,0.79,2.36,28639.11,97892.4774
300486.SZ,20160829,33.55,33.9,33.05,33.51,33.37,0.14,0.42,14330.09,48001.0595
300486.SZ,20160826,33.2,33.87,33.2,33.37,33.3,0.07,0.21,17321.28,58079.1255
300486.SZ,20160825,33.8,33.8,32.55,33.3,33.89,-0.59,-1.74,21277.72,70287.6384
300486.SZ,20160824,33.88,34.15,33.71,33.89,33.6,0.29,0.86,15556.61,52814.0367
300486.SZ,20160823,33.59,33.98,33.3,33.6,33.61,-0.01,-0.03,16337.38,55100.8982
300486.SZ,20160822,35.2,35.3,33.57,33.61,35.2,-1.59,-4.52,26378.49,90371.1272
300486.SZ,20160819,34.84,35.3,34.84,35.2,34.9,0.3,0.86,19801.35,69587.9358
300486.SZ,20160818,35.2,35.39,34.82,34.9,35.39,-0.49,-1.38,27839.46,97507.0683
300486.SZ,20160817,35.6,35.85,35.05,35.39,35.52,-0.13,-0.37,30259.84,106894.2846
300486.SZ,20160816,35.52,36.34,35.3,35.52,35.7,-0.18,-0.5,41523.87,148386.7175
300486.SZ,20160815,34.7,35.88,34.45,35.7,35.01,0.69,1.97,48499.94,171256.9455
300486.SZ,20160812,34.4,35.64,34.25,35.01,34.56,0.45,1.3,45651.86,160353.5651
300486.SZ,20160811,33.89,35.15,33.52,34.56,33.9,0.66,1.95,50948.63,176717.8054
300486.SZ,20160810,34.17,34.45,33.8,33.9,34.34,-0.44,-1.28,21924.06,74671.3117
300486.SZ,20160809,34.07,34.5,33.75,34.34,33.9,0.44,1.3,22950.73,78551.0764
300486.SZ,20160808,33.6,33.93,32.85,33.9,33.5,0.4,1.19,22504.36,75251.3834
300486.SZ,20160805,34.78,34.78,33.5,33.5,34.78,-1.28,-3.68,30998.69,105658.6548
300486.SZ,20160804,34.75,34.94,34.1,34.78,34.75,0.03,0.09,28478.5,98532.7258
300486.SZ,20160803,35.0,35.24,34.31,34.75,34.95,-0.2,-0.57,37123.8,128532.861
300486.SZ,20160802,34.52,35.76,34.01,34.95,35.01,-0.06,-0.17,59803.26,208350.8437
300486.SZ,20160801,32.6,35.07,32.33,35.01,32.91,2.1,6.38,74835.69,255908.0304
300486.SZ,20160729,33.4,33.4,32.48,32.91,33.4,-0.49,-1.47,25410.75,83565.0205
300486.SZ,20160728,32.61,33.57,32.3,33.4,32.67,0.73,2.23,39053.37,129235.9688
300486.SZ,20160727,35.11,35.14,32.03,32.67,35.0,-2.33,-6.66,53040.2,178239.7474
300486.SZ,20160726,34.38,35.65,34.02,35.0,34.46,0.54,1.57,61718.29,215836.2991
300486.SZ,20160725,36.55,36.7,34.46,34.46,37.12,-2.66,-7.17,99023.14,346976.2455
300486.SZ,20160722,37.97,38.33,37.01,37.12,37.9,-0.78,-2.06,31482.23,117788.4422
300486.SZ,20160721,38.2,38.59,37.65,37.9,38.7,-0.8,-2.07,45574.6,173380.3106
300486.SZ,20160720,37.1,39.1,37.1,38.7,37.02,1.68,4.54,74135.79,284132.982
300486.SZ,20160719,36.65,37.1,35.9,37.02,36.62,0.4,1.09,34250.74,125252.0274
300486.SZ,20160718,37.83,37.85,36.5,36.62,37.65,-1.03,-2.74,32991.99,122039.1052
300486.SZ,20160715,38.25,38.47,37.5,37.65,38.19,-0.54,-1.41,27919.65,105362.1724
300486.SZ,20160714,38.01,38.55,38.0,38.19,38.25,-0.06,-0.16,28836.69,110164.4085
300486.SZ,20160713,38.2,38.7,37.3,38.25,38.31,-0.06,-0.16,45579.01,173196.1207
300486.SZ,20160712,40.0,40.01,36.49,38.31,40.48,-2.17,-5.36,86878.61,331841.553
300486.SZ,20160711,40.0,41.52,40.0,40.48,39.71,0.77,1.94,41751.64,170054.3895
300486.SZ,20160708,39.2,40.21,39.03,39.71,39.52,0.19,0.48,32504.75,129810.5531
300486.SZ,20160707,42.1,42.1,39.38,39.52,41.18,-1.66,-4.03,57556.49,231623.4465
300486.SZ,20160706,40.79,41.66,40.33,41.18,40.86,0.32,0.78,39921.12,164445.5517
300486.SZ,20160705,41.01,41.72,39.98,40.86,41.66,-0.8,-1.92,47543.17,194050.6399
300486.SZ,20160704,41.25,41.96,40.72,41.66,41.74,-0.08,-0.19,44620.75,184844.0832
300486.SZ,20160701,40.87,41.97,40.51,41.74,41.08,0.66,1.61,35528.34,146741.6409
300486.SZ,20160630,43.3,43.58,40.61,41.08,44.1,-3.02,-6.85,58912.85,247494.2084
300486.SZ,20160629,43.62,44.25,42.74,44.1,44.92,-0.82,-1.83,68606.14,297239.0711
300486.SZ,20160628,45.48,45.48,43.81,44.92,45.96,-1.04,-2.26,40947.54,183052.4434
300486.SZ,20160627,43.56,46.0,43.14,45.96,44.86,1.1,2.45,48223.88,216096.4237
300486.SZ,20160624,46.4,46.4,42.61,44.86,46.42,-1.56,-3.36,71914.41,320073.3748
300486.SZ,20160623,42.0,46.42,41.31,46.42,42.2,4.22,10.0,67180.59,296416.4361
300486.SZ,20160622,41.05,42.39,40.56,42.2,41.6,0.6,1.44,44080.95,183171.0666
300486.SZ,20160621,43.8,43.89,41.05,41.6,43.3,-1.7,-3.93,51301.96,217760.5904
300486.SZ,20160620,40.54,43.58,39.15,43.3,40.96,2.34,5.71,60771.08,254191.8693
300486.SZ,20160617,41.3,42.79,40.12,40.96,40.94,0.02,0.05,35268.51,146217.7221
300486.SZ,20160616,40.19,41.97,39.8,40.94,40.43,0.51,1.26,36038.43,147080.3794
300486.SZ,20160615,38.15,40.85,38.15,40.54,38.76,1.78,4.59,33101.59,132918.3501
300486.SZ,20160614,38.7,39.38,38.01,38.76,39.64,-0.88,-2.22,30842.19,119403.9472
300486.SZ,20160613,42.53,42.99,39.64,39.64,44.04,-4.4,-9.99,56167.68,231523.0504
300486.SZ,20160608,41.23,45.0,41.09,44.04,41.65,2.39,5.74,78039.0,335738.0029
300486.SZ,20160607,40.5,42.0,39.66,41.65,40.32,1.33,3.3,53240.22,218840.7346
300486.SZ,20160606,40.3,40.95,39.6,40.32,40.4,-0.08,-0.2,33269.29,133873.9508
300486.SZ,20160603,42.28,42.28,38.16,40.4,42.4,-2.0,-4.72,63709.2,258948.0534
300486.SZ,20160602,41.37,42.79,40.55,42.4,41.36,1.04,2.51,53509.62,221573.9564
300486.SZ,20160601,40.0,42.2,39.85,41.36,40.26,1.1,2.73,68173.08,281269.9807
300486.SZ,20160531,38.36,41.0,38.11,40.26,38.88,1.38,3.55,65281.71,259939.2603
300486.SZ,20160530,38.24,39.7,37.05,38.88,39.2,-0.32,-0.82,44544.53,171550.5381
300486.SZ,20160527,39.0,41.56,38.48,39.2,39.12,0.08,0.2,67350.72,269140.4386
300486.SZ,20160526,38.8,40.39,38.52,39.12,37.77,1.35,3.57,74345.51,291461.1906
300486.SZ,20160525,35.49,37.77,35.11,37.77,34.34,3.43,9.99,30269.86,111569.714
300486.SZ,20160524,36.78,36.78,34.33,34.34,34.91,-0.57,-1.63,47594.37,170591.1422
300486.SZ,20160523,32.24,34.91,32.24,34.91,31.74,3.17,9.99,19264.5,66101.1207
300486.SZ,20160520,30.9,31.89,30.51,31.74,31.27,0.47,1.5,18007.25,55971.4305
300486.SZ,20160519,32.0,32.49,31.01,31.27,31.22,0.05,0.16,17076.41,54322.5479
300486.SZ,20160518,33.08,33.5,31.11,31.22,33.95,-2.73,-8.04,17493.9,56507.6811
300486.SZ,20160517,33.99,34.47,33.0,33.95,33.99,-0.04,-0.12,15746.89,53089.2339
300486.SZ,20160516,33.17,34.0,32.9,33.99,33.17,0.82,2.47,9062.34,30494.3784
300486.SZ,20160513,33.53,33.88,32.86,33.17,33.2,-0.03,-0.09,11466.76,38280.049
300486.SZ,20160512,33.03,33.42,32.0,33.2,33.82,-0.62,-1.83,11878.76,38938.1599
300486.SZ,20160511,35.57,36.0,33.77,33.82,35.46,-1.64,-4.62,23359.36,80351.3815
300486.SZ,20160510,36.23,36.68,35.35,35.46,36.11,-0.65,-1.8,17814.63,64113.3216
300486.SZ,20160509,38.51,38.51,35.6,36.11,38.65,-2.54,-6.57,27313.97,100259.4873
300486.SZ,20160506,38.71,41.99,38.5,38.65,38.7,-0.05,-0.13,51835.58,208011.3034
300486.SZ,20160505,38.3,38.8,37.97,38.7,38.33,0.37,0.97,14831.31,56876.943
300486.SZ,20160504,38.16,39.18,38.12,38.33,38.55,-0.22,-0.57,20628.55,79981.5367
300486.SZ,20160503,37.48,38.8,36.89,38.55,37.15,1.4,3.77,15711.98,59753.373
300486.SZ,20160429,35.72,37.39,35.72,37.15,36.22,0.93,2.57,20763.01,76862.5234
300486.SZ,20160428,36.45,36.79,35.52,36.22,36.45,-0.23,-0.63,11004.14,39657.9614
300486.SZ,20160427,37.2,37.44,36.31,36.45,37.03,-0.58,-1.57,10932.72,40333.6783
300486.SZ,20160426,37.05,37.16,36.14,37.03,37.2,-0.17,-0.46,15928.49,58368.0767
300486.SZ,20160425,36.5,37.3,36.01,37.2,36.96,0.24,0.65,14864.72,54569.6765
300486.SZ,20160422,36.3,37.44,36.02,36.96,36.36,0.6,1.65,16637.79,61264.0145
300486.SZ,20160421,36.53,37.48,36.01,36.36,36.89,-0.53,-1.44,21258.85,78293.883
300486.SZ,20160420,39.98,40.5,35.86,36.89,39.8,-2.91,-7.31,36450.18,139164.8607
300486.SZ,20160419,39.35,40.19,38.61,39.8,38.89,0.91,2.34,28591.29,112881.4367
300486.SZ,20160418,39.0,39.45,38.32,38.89,40.05,-1.16,-2.9,27622.69,107316.1935
300486.SZ,20160415,39.0,41.99,39.0,40.05,38.37,1.68,4.38,52413.65,210925.3777
300486.SZ,20160414,37.54,38.39,37.3,38.37,37.11,1.26,3.4,28204.22,106871.2927
300486.SZ,20160413,36.69,38.36,36.6,37.11,36.36,0.75,2.06,28534.8,107235.1608
300486.SZ,20160412,37.49,37.49,36.0,36.36,37.43,-1.07,-2.86,18727.98,68194.1049
300486.SZ,20160411,36.55,37.88,36.55,37.43,36.5,0.93,2.55,22962.48,85752.952
300486.SZ,20160408,37.98,37.98,35.4,36.5,38.57,-2.07,-5.37,37745.17,138026.982
300486.SZ,20160407,39.5,39.8,38.5,38.57,40.31,-1.74,-4.32,43372.12,169439.2132
300486.SZ,20160406,39.35,41.55,38.9,40.31,39.46,0.85,2.15,39138.57,156954.9109
300486.SZ,20160405,38.51,39.6,38.2,39.46,38.45,1.01,2.63,28399.57,111163.1755
300486.SZ,20160401,39.16,39.25,37.99,38.45,39.64,-1.19,-3.0,23088.07,88540.6748
300486.SZ,20160331,40.22,41.0,39.45,39.64,40.18,-0.54,-1.34,26574.24,107166.1254
300486.SZ,20160330,38.98,40.21,38.41,40.18,38.05,2.13,5.6,29306.88,115114.9589
300486.SZ,20160329,39.15,39.55,38.0,38.05,38.75,-0.7,-1.81,17880.03,68868.0603
300486.SZ,20160328,39.4,40.36,38.6,38.75,38.78,-0.03,-0.08,21515.9,85023.0065
300486.SZ,20160325,38.32,39.75,37.95,38.78,39.06,-0.28,-0.72,25865.41,100281.361
300486.SZ,20160324,40.8,41.5,38.79,39.06,41.66,-2.6,-6.24,37989.91,152981.8424
300486.SZ,20160323,40.3,41.68,40.0,41.66,40.12,1.54,3.84,34035.21,138717.9822
300486.SZ,20160322,40.18,42.84,39.51,40.12,41.47,-1.35,-3.26,38686.86,157827.099
300486.SZ,20160321,38.97,42.89,38.38,41.47,39.16,2.31,5.9,53902.7,213252.418
300486.SZ,20160318,37.97,40.17,37.6,39.16,37.98,1.18,3.11,47199.79,184612.2058
300486.SZ,20160317,35.0,38.38,34.42,37.98,34.94,3.04,8.7,49704.8,182638.4096
300486.SZ,20160316,34.77,36.56,33.95,34.94,33.98,0.96,2.83,50963.39,179164.164
300486.SZ,20160315,34.61,35.05,33.51,33.98,34.6,-0.62,-1.79,35272.52,120970.0862
300486.SZ,20160314,32.8,35.19,32.41,34.6,31.99,2.61,8.16,57877.74,198122.5861
300486.SZ,20160311,31.19,32.96,30.06,31.99,31.64,0.35,1.11,34361.09,108904.7917
300486.SZ,20160310,30.95,33.76,30.95,31.64,30.69,0.95,3.1,44019.74,142931.1056
300486.SZ,20160309,31.5,32.33,30.5,30.69,31.85,-1.16,-3.64,18024.31,56488.1396
300486.SZ,20160308,31.0,32.0,27.89,31.85,30.75,1.1,3.58,23296.02,70837.0547
300486.SZ,20160307,30.91,31.94,30.51,30.75,30.23,0.52,1.72,18407.91,57644.426
300486.SZ,20160304,32.5,33.5,29.71,30.23,32.99,-2.76,-8.37,25444.04,80084.6644
300486.SZ,20160303,33.0,34.6,32.6,32.99,33.41,-0.42,-1.26,23540.77,79247.4894
300486.SZ,20160302,31.49,34.17,31.01,33.41,31.82,1.59,5.0,27561.65,89693.7131
300486.SZ,20160301,30.0,32.5,28.26,31.82,29.81,2.01,6.74,24555.93,74968.4966
300486.SZ,20160229,32.52,32.76,29.81,29.81,33.12,-3.31,-9.99,25572.99,77355.0585
300486.SZ,20160226,34.3,35.07,32.18,33.12,34.64,-1.52,-4.39,31587.38,105951.947
300486.SZ,20160225,38.58,38.58,34.64,34.64,38.49,-3.85,-10.0,51946.16,185010.8416
300486.SZ,20160224,37.81,38.57,36.67,38.49,38.3,0.19,0.5,33522.17,126450.5513
300486.SZ,20160223,39.48,39.49,37.69,38.3,38.95,-0.65,-1.67,39598.12,152515.89
300486.SZ,20160222,39.5,41.33,38.88,38.95,38.27,0.68,1.78,50313.94,199707.8669
300486.SZ,20160219,37.23,39.99,36.82,38.27,37.75,0.52,1.38,50682.54,194868.1664
300486.SZ,20160218,38.49,39.5,36.79,37.75,36.89,0.86,2.33,70675.63,267944.6984
300486.SZ,20160217,34.67,36.89,34.66,36.89,33.54,3.35,9.99,57914.57,207184.5011
300486.SZ,20160216,30.88,33.54,30.75,33.54,30.49,3.05,10.0,40184.58,131538.4693
300486.SZ,20160215,29.73,30.96,29.53,30.49,31.2,-0.71,-2.28,19278.71,58176.3173
300486.SZ,20160205,31.95,32.37,31.12,31.2,32.01,-0.81,-2.53,22304.49,70586.0977
300486.SZ,20160204,31.62,32.5,31.0,32.01,31.36,0.65,2.07,30504.65,97173.0239
300486.SZ,20160203,30.05,31.73,30.03,31.36,30.59,0.77,2.52,32492.91,100622.9267
300486.SZ,20160202,29.0,30.95,28.91,30.59,29.43,1.16,3.94,28903.34,87775.7054
300486.SZ,20160201,28.51,29.95,26.17,29.43,29.08,0.35,1.2,31446.21,90696.2026
300486.SZ,20160129,27.5,29.61,26.88,29.08,27.78,1.3,4.68,29629.72,84475.4187
300486.SZ,20160128,29.6,30.4,27.78,27.78,30.87,-3.09,-10.01,33431.41,97073.7383
300486.SZ,20160127,32.36,32.36,28.68,30.87,31.73,-0.86,-2.71,31973.42,95818.8002
300486.SZ,20160126,34.0,34.33,31.73,31.73,35.25,-3.52,-9.99,23159.9,76072.7605
300486.SZ,20160125,36.61,36.78,34.7,35.25,35.69,-0.44,-1.23,18905.23,67534.7318
300486.SZ,20160122,34.76,36.35,33.56,35.69,33.99,1.7,5.0,25960.74,90564.5352
300486.SZ,20160121,37.0,37.97,33.97,33.99,37.73,-3.74,-9.91,33090.9,119868.8936
300486.SZ,20160120,36.81,38.99,36.67,37.73,37.5,0.23,0.61,35840.62,135550.7876
300486.SZ,20160119,35.9,37.77,34.85,37.5,36.35,1.15,3.16,41617.25,151153.6809
300486.SZ,20160118,32.52,36.9,32.5,36.35,33.55,2.8,8.35,33835.12,120110.8395
300486.SZ,20160115,32.46,35.44,32.24,33.55,33.12,0.43,1.3,37139.33,126416.481
300486.SZ,20160114,29.6,33.3,29.6,33.12,31.2,1.92,6.15,24247.75,77415.5043
300486.SZ,20160113,34.8,35.13,31.05,31.2,34.31,-3.11,-9.06,25968.09,86932.7845
300486.SZ,20160112,33.8,35.5,33.5,34.31,33.9,0.41,1.21,24803.61,85860.3539
300486.SZ,20160111,36.21,37.58,33.9,33.9,37.67,-3.77,-10.01,22615.88,80368.138
300486.SZ,20160108,40.0,40.3,35.22,37.67,38.77,-1.1,-2.84,28086.58,107085.8455
300486.SZ,20160107,41.6,41.99,38.77,38.77,43.08,-4.31,-10.0,6518.0,25973.3275
300486.SZ,20160106,41.06,43.28,40.0,43.08,41.06,2.02,4.92,27407.79,115117.6011
300486.SZ,20160105,40.5,44.67,40.38,41.06,44.87,-3.81,-8.49,29879.27,125127.3366
300486.SZ,20160104,49.9,49.9,44.87,44.87,49.86,-4.99,-10.01,20361.17,93833.8847
300486.SZ,20151231,51.52,52.99,49.86,49.86,51.5,-1.64,-3.18,24440.11,124095.0155
300486.SZ,20151230,51.36,51.8,50.4,51.5,51.35,0.15,0.29,20011.51,102387.0019
300486.SZ,20151229,52.0,52.97,50.44,51.35,52.83,-1.48,-2.8,25422.24,130722.364
300486.SZ,20151228,53.6,55.0,52.81,52.83,53.8,-0.97,-1.8,36522.7,196900.4479
300486.SZ,20151225,54.92,56.5,51.55,53.8,54.98,-1.18,-2.15,42817.71,233849.0414
300486.SZ,20151224,52.6,55.5,51.89,54.98,53.41,1.57,2.94,40483.75,219661.2048
300486.SZ,20151223,52.79,56.48,51.71,53.41,52.9,0.51,0.96,38958.37,210986.5354
300486.SZ,20151222,51.9,53.0,51.35,52.9,51.9,1.0,1.93,21753.67,113565.7514
300486.SZ,20151221,50.05,52.36,50.05,51.9,51.1,0.8,1.57,20723.08,106685.0294
300486.SZ,20151218,52.61,52.8,50.8,51.1,52.8,-1.7,-3.22,23784.71,122888.6033
300486.SZ,20151217,51.81,53.56,51.78,52.8,51.15,1.65,3.23,34249.22,179880.3904
300486.SZ,20151216,50.2,52.68,50.08,51.15,50.25,0.9,1.79,22648.56,116763.5366
300486.SZ,20151215,51.12,51.73,49.9,50.25,51.09,-0.84,-1.64,18354.61,93095.0142
300486.SZ,20151214,48.8,51.25,47.99,51.09,49.35,1.74,3.53,20617.76,102000.729
300486.SZ,20151211,50.33,51.33,49.15,49.35,50.33,-0.98,-1.95,16023.55,80553.2223
300486.SZ,20151210,51.65,52.68,49.97,50.33,52.02,-1.69,-3.25,28640.87,146104.041
300486.SZ,20151209,53.38,53.9,51.8,52.02,54.47,-2.45,-4.5,38362.76,200891.1812
300486.SZ,20151208,53.0,56.5,52.6,54.47,53.28,1.19,2.23,49859.06,272427.0129
300486.SZ,20151207,53.3,53.87,52.31,53.28,53.1,0.18,0.34,31215.26,165874.6543
300486.SZ,20151204,54.08,55.2,52.03,53.1,54.07,-0.97,-1.79,40340.51,217632.6457
300486.SZ,20151203,52.48,55.36,52.0,54.07,52.77,1.3,2.46,40269.03,217235.3213
300486.SZ,20151202,53.02,53.5,48.79,52.77,54.13,-1.36,-2.51,50525.33,258345.5458
300486.SZ,20151201,56.7,57.7,53.01,54.13,57.95,-3.82,-6.59,69128.59,383229.3058
300486.SZ,20151130,54.0,58.19,52.9,57.95,52.9,5.05,9.55,83082.17,462333.36
300486.SZ,20151127,54.36,57.45,51.01,52.9,55.49,-2.59,-4.67,64057.39,351933.6476
300486.SZ,20151126,58.37,58.89,54.5,55.49,58.61,-3.12,-5.32,95412.92,539245.5226
300486.SZ,20151125,60.28,60.28,56.44,58.61,54.8,3.81,6.95,117311.75,697133.1225
300486.SZ,20151124,50.9,54.8,50.7,54.8,49.82,4.98,10.0,29965.35,160284.7347
300486.SZ,20151123,50.03,52.97,49.01,49.82,51.46,-1.64,-3.19,39523.21,202570.9751
300486.SZ,20151120,52.6,52.95,50.5,51.46,52.7,-1.24,-2.35,45941.4,237222.6448
300486.SZ,20151119,50.0,52.77,50.0,52.7,49.49,3.21,6.49,43085.37,221488.8829
300486.SZ,20151118,51.0,51.83,48.0,49.49,51.84,-2.35,-4.53,46843.29,234525.5004
300486.SZ,20151117,56.0,56.95,50.89,51.84,55.2,-3.36,-6.09,60462.8,327556.1112
300486.SZ,20151116,50.9,55.78,50.18,55.2,54.01,1.19,2.2,61444.03,329188.3034
300486.SZ,20151113,58.0,59.0,54.01,54.01,60.01,-6.0,-10.0,94163.6,521767.5651
300486.SZ,20151112,60.0,63.0,57.5,60.01,57.42,2.59,4.51,91937.14,552169.9248
300486.SZ,20151111,52.44,57.42,52.21,57.42,52.2,5.22,10.0,53825.9,297419.0011
300486.SZ,20151110,52.01,54.9,50.5,52.2,51.92,0.28,0.54,101129.73,532943.8062
300486.SZ,20151109,48.0,51.92,47.48,51.92,47.2,4.72,10.0,106413.68,540406.1657
300486.SZ,20151106,43.05,47.85,43.05,47.2,43.6,3.6,8.26,90382.85,409252.853
300486.SZ,20151105,45.0,45.99,42.7,43.6,44.15,-0.55,-1.25,86733.37,387073.4299
300486.SZ,20151104,42.62,45.26,42.59,44.15,41.99,2.16,5.14,119492.45,522000.7291
300486.SZ,20151103,38.99,42.46,38.72,41.99,38.6,3.39,8.78,107728.66,436034.2198
300486.SZ,20151102,35.88,39.98,35.36,38.6,37.43,1.17,3.13,70180.55,271296.6032
300486.SZ,20151030,38.01,38.68,36.88,37.43,38.25,-0.82,-2.14,40105.35,151377.2006
300486.SZ,20151029,39.0,39.2,37.5,38.25,38.21,0.04,0.1,37917.98,145603.9723
300486.SZ,20151028,38.07,39.89,38.02,38.21,38.8,-0.59,-1.52,57064.85,220672.7749
300486.SZ,20151027,39.0,39.0,35.99,38.8,39.69,-0.89,-2.24,75224.49,283167.5055
300486.SZ,20151026,38.49,40.68,37.7,39.69,37.96,1.73,4.56,63372.54,249664.2426
300486.SZ,20151023,36.99,38.29,36.66,37.96,36.98,0.98,2.65,55760.26,209002.0249
300486.SZ,20151022,36.02,37.16,34.86,36.98,36.15,0.83,2.3,58052.25,210763.0568
300486.SZ,20151021,39.9,39.99,36.15,36.15,40.17,-4.02,-10.01,86115.42,326873.8145
300486.SZ,20151020,39.16,40.59,39.0,40.17,39.56,0.61,1.54,67644.11,270725.5641
300486.SZ,20151019,39.88,41.34,38.03,39.56,39.96,-0.4,-1.0,77496.19,307225.9424
300486.SZ,20151016,41.4,41.78,39.0,39.96,39.73,0.23,0.58,78201.56,315439.1114
300486.SZ,20151015,38.11,39.78,37.67,39.73,38.82,0.91,2.34,64856.91,253419.2104
300486.SZ,20151014,39.13,40.73,38.78,38.82,39.08,-0.26,-0.67,72082.01,285795.3559
300486.SZ,20151013,39.05,39.95,38.49,39.08,39.83,-0.75,-1.88,66049.14,258742.3711
300486.SZ,20151012,38.02,40.99,37.7,39.83,37.56,2.27,6.04,88654.23,348609.9568
300486.SZ,20151009,37.3,39.5,36.62,37.56,37.52,0.04,0.11,83182.51,317322.5815
300486.SZ,20151008,36.5,38.37,35.89,37.52,35.18,2.34,6.65,63718.24,236792.4511
300486.SZ,20150930,37.0,37.35,34.14,35.18,36.7,-1.52,-4.14,54079.71,192109.1445
300486.SZ,20150929,35.27,37.7,35.2,36.7,36.55,0.15,0.41,76493.66,281493.3808
300486.SZ,20150928,34.05,36.85,34.01,36.55,33.88,2.67,7.88,64605.8,228476.1154
300486.SZ,20150925,36.99,37.49,33.88,33.88,37.64,-3.76,-9.99,82625.15,291609.7788
300486.SZ,20150924,36.2,39.0,36.2,37.64,36.43,1.21,3.32,93918.67,353573.2369
300486.SZ,20150923,34.1,38.5,34.07,36.43,35.62,0.81,2.27,104798.13,381294.1973
300486.SZ,20150922,37.48,38.26,35.5,35.62,35.04,0.58,1.66,132504.06,486603.7458
300486.SZ,20150921,31.0,35.04,30.6,35.04,31.85,3.19,10.02,71192.41,238859.6193
300486.SZ,20150918,31.01,32.29,30.91,31.85,30.87,0.98,3.17,73357.17,231463.2041
300486.SZ,20150917,33.0,33.8,30.8,30.87,31.47,-0.6,-1.91,136351.18,446376.907
300486.SZ,20150916,29.1,31.47,29.1,31.47,28.61,2.86,10.0,114038.38,354010.7293
300486.SZ,20150915,27.41,30.42,26.8,28.61,29.61,-1.0,-3.38,90876.13,256953.8193
300486.SZ,20150914,31.9,33.2,29.61,29.61,32.9,-3.29,-10.0,89275.76,280029.7377
300486.SZ,20150911,30.8,35.02,30.01,32.9,31.99,0.91,2.84,139306.17,446153.8328
300486.SZ,20150910,29.5,31.99,29.31,31.99,29.08,2.91,10.01,150857.51,473667.7981
300486.SZ,20150909,29.08,29.08,29.08,29.08,26.44,2.64,9.98,6827.35,19853.9338
300486.SZ,20150908,24.0,26.44,23.68,26.44,24.04,2.4,9.98,38980.98,101088.6401
300486.SZ,20150907,24.4,25.48,23.5,24.04,23.21,0.83,3.58,49146.66,120766.8128
300486.SZ,20150902,23.61,27.1,23.21,23.21,25.78,-2.57,-9.97,55997.02,139788.7246
300486.SZ,20150901,27.25,27.8,25.78,25.78,28.64,-2.86,-9.99,45711.53,120225.9368
300486.SZ,20150831,31.11,31.11,28.64,28.64,31.82,-3.18,-9.99,55530.34,165684.5734
300486.SZ,20150828,30.01,32.4,29.0,31.82,30.5,1.32,4.33,93616.41,286433.533
300486.SZ,20150827,29.99,31.7,27.42,30.5,29.3,1.2,4.1,100511.32,297716.7781
300486.SZ,20150826,27.3,29.74,27.05,29.3,27.04,2.26,8.36,112133.94,323341.2556
300486.SZ,20150825,27.04,32.0,27.04,27.04,30.04,-3.0,-9.99,80735.19,230361.5171
300486.SZ,20150824,30.6,31.66,30.04,30.04,33.38,-3.34,-10.01,28933.65,87724.1158
300486.SZ,20150821,34.1,35.5,33.0,33.38,34.16,-0.78,-2.28,54205.87,186858.2978
300486.SZ,20150820,36.7,37.18,34.15,34.16,37.81,-3.65,-9.65,46113.18,165519.2927
300486.SZ,20150819,35.71,38.47,33.55,37.81,36.98,0.83,2.24,74354.41,269161.2324
300486.SZ,20150818,39.58,42.5,36.96,36.98,40.68,-3.7,-9.1,69925.14,281912.3329
300486.SZ,20150817,44.78,44.97,40.68,40.68,45.2,-4.52,-10.0,74165.05,308375.5439
300486.SZ,20150814,45.8,46.38,44.6,45.2,45.71,-0.51,-1.12,60704.76,275478.2208
300486.SZ,20150813,44.62,46.3,44.11,45.71,44.66,1.05,2.35,62158.01,282465.3979
300486.SZ,20150812,45.05,47.99,43.8,44.66,46.83,-2.17,-4.63,81914.19,372177.3169
300486.SZ,20150811,45.88,48.5,45.85,46.83,45.85,0.98,2.14,96779.27,456997.8663
300486.SZ,20150810,43.98,47.8,43.95,45.85,43.6,2.25,5.16,103152.88,474987.1287
300486.SZ,20150807,44.97,46.44,42.2,43.6,45.77,-2.17,-4.74,106373.09,471578.7243
300486.SZ,20150806,48.0,49.0,45.77,45.77,50.85,-5.08,-9.99,107639.26,502227.2842
300486.SZ,20150805,46.77,54.37,45.77,50.85,50.86,-0.01,-0.02,152342.98,761924.9088
300486.SZ,20150804,54.0,59.1,50.86,50.86,56.51,-5.65,-10.0,172529.26,914527.4645
300486.SZ,20150803,53.0,56.51,51.5,56.51,51.37,5.14,10.01,142225.06,768805.1351
300486.SZ,20150731,45.0,51.37,44.0,51.37,46.7,4.67,10.0,152589.58,747692.956
300486.SZ,20150730,46.88,48.97,45.8,46.7,44.52,2.18,4.9,174672.08,839191.6464
300486.SZ,20150729,41.32,44.52,38.78,44.52,40.47,4.05,10.01,141201.59,584963.7682
300486.SZ,20150728,33.93,41.4,33.91,40.47,37.68,2.79,7.4,158103.48,587699.5584
300486.SZ,20150727,37.0,43.35,36.68,37.68,39.41,-1.73,-4.39,195109.91,797759.7449
300486.SZ,20150724,39.41,39.41,38.0,39.41,35.83,3.58,9.99,165975.28,651327.031
300486.SZ,20150723,32.0,35.83,32.0,35.83,32.57,3.26,10.01,87260.68,297637.0352
300486.SZ,20150722,32.89,33.98,30.93,32.57,33.13,-0.56,-1.69,123569.13,399768.9057
300486.SZ,20150721,28.5,33.13,28.31,33.13,30.12,3.01,9.99,138857.61,440004.4431
300486.SZ,20150720,31.0,31.97,28.88,30.12,31.19,-1.07,-3.43,106293.21,325080.5247
300486.SZ,20150717,28.61,32.39,27.37,31.19,29.6,1.59,5.37,139991.64,417141.6555
300486.SZ,20150716,29.54,34.2,29.54,29.6,32.82,-3.22,-9.81,174835.77,541372.8664
300486.SZ,20150715,32.86,32.86,30.04,32.82,29.87,2.95,9.88,215451.55,694304.8063
300486.SZ,20150714,29.87,29.87,29.87,29.87,27.15,2.72,10.02,982.02,2933.2937
300486.SZ,20150713,27.15,27.15,27.15,27.15,24.68,2.47,10.01,811.76,2203.9284
300486.SZ,20150710,24.68,24.68,24.68,24.68,22.44,2.24,9.98,3176.0,7838.368
300486.SZ,20150709,19.99,22.44,19.2,22.44,20.4,2.04,10.0,87285.15,188300.9856
300486.SZ,20150708,17.37,21.23,17.37,20.4,19.3,1.1,5.7,203627.22,396912.1747
300486.SZ,20150707,20.74,20.74,19.26,19.3,18.85,0.45,2.39,179801.22,364288.4585
300486.SZ,20150706,18.85,18.85,18.85,18.85,17.14,1.71,9.98,1088.92,2052.6142
300486.SZ,20150703,17.14,17.14,17.14,17.14,15.58,1.56,10.01,465.0,797.01
300486.SZ,20150702,15.58,15.58,15.58,15.58,14.16,1.42,10.03,61.0,95.038
300486.SZ,20150701,14.16,14.16,14.16,14.16,12.87,1.29,10.02,25.0,35.4
300486.SZ,20150630,11.8,12.87,11.8,12.87,8.94,3.93,43.96,132.0,169.349
300486.SZ,20150630,11.8,12.87,11.8,12.87,8.94,3.93,43.96,132.0,169.349
