ts_code,trade_date,open,high,low,close,pre_close,change,pct_chg,vol,amount
603617.SH,20200110,17.73,17.82,16.91,17.82,17.4,0.42,2.4138,65739.86,115063.841
603617.SH,20200109,16.48,17.45,16.48,17.4,16.48,0.92,5.5825,61185.76,104112.544
603617.SH,20200108,16.51,16.82,16.41,16.48,16.75,-0.27,-1.6119,31491.93,52269.94
603617.SH,20200107,16.44,16.77,15.8,16.75,16.35,0.4,2.4465,54963.16,90401.207
603617.SH,20200106,15.07,16.58,14.98,16.35,15.11,1.24,8.2065,78745.6,125439.871
603617.SH,20200103,14.98,15.2,14.85,15.11,14.94,0.17,1.1379,30026.45,45185.39
603617.SH,20200102,14.81,14.98,14.55,14.94,14.68,0.26,1.7711,37954.43,56035.534
603617.SH,20191231,14.4,14.94,14.3,14.68,14.73,-0.05,-0.3394,45218.44,66109.669
603617.SH,20191230,14.95,15.48,14.7,14.73,15.22,-0.49,-3.2194,75767.14,115053.017
603617.SH,20191227,14.53,15.6,14.27,15.22,14.48,0.74,5.1105,92909.81,138834.159
603617.SH,20191226,14.22,14.62,13.95,14.48,14.28,0.2,1.4006,64271.96,92110.303
603617.SH,20191225,13.65,14.3,13.55,14.28,13.75,0.53,3.8545,67842.15,94876.467
603617.SH,20191224,12.99,14.13,12.99,13.75,12.99,0.76,5.8507,61474.1,83915.08
603617.SH,20191223,13.46,13.46,12.9,12.99,13.57,-0.58,-4.2741,21654.2,28369.83
603617.SH,20191220,13.47,13.74,13.44,13.57,13.47,0.1,0.7424,20410.85,27729.995
603617.SH,20191219,13.39,13.47,13.23,13.47,13.39,0.08,0.5975,7895.8,10585.049
603617.SH,20191218,13.36,13.51,13.34,13.39,13.39,0.0,0.0,9573.6,12836.683
603617.SH,20191217,13.29,13.45,13.21,13.39,13.24,0.15,1.1329,14094.6,18839.747
603617.SH,20191216,13.34,13.35,13.1,13.24,13.09,0.15,1.1459,9036.4,11937.033
603617.SH,20191213,13.17,13.17,13.01,13.09,13.01,0.08,0.6149,8415.49,10996.057
603617.SH,20191212,13.25,13.25,13.01,13.01,13.16,-0.15,-1.1398,7291.03,9556.3
603617.SH,20191211,13.28,13.28,13.12,13.16,13.2,-0.04,-0.303,6768.6,8921.842
603617.SH,20191210,13.23,13.26,13.08,13.2,13.22,-0.02,-0.1513,9701.3,12776.057
603617.SH,20191209,13.0,13.28,13.0,13.22,13.0,0.22,1.6923,16974.7,22383.502
603617.SH,20191206,12.86,13.06,12.86,13.0,12.85,0.15,1.1673,13791.23,17890.733
603617.SH,20191205,12.77,12.92,12.75,12.85,12.82,0.03,0.234,8873.03,11401.48
603617.SH,20191204,12.72,12.88,12.72,12.82,12.82,0.0,0.0,7845.4,10032.25
603617.SH,20191203,12.58,12.89,12.2,12.82,12.58,0.24,1.9078,12594.8,15952.43
603617.SH,20191202,12.68,12.7,12.52,12.58,12.7,-0.12,-0.9449,6797.2,8563.541
603617.SH,20191129,12.56,12.75,12.51,12.7,12.66,0.04,0.316,9331.4,11768.764
603617.SH,20191128,12.76,12.84,12.65,12.66,12.86,-0.2,-1.5552,7275.8,9260.804
603617.SH,20191127,12.83,12.93,12.72,12.86,12.83,0.03,0.2338,6790.1,8717.81
603617.SH,20191126,12.79,12.85,12.67,12.83,12.76,0.07,0.5486,7963.6,10171.791
603617.SH,20191125,12.88,12.88,12.63,12.76,12.82,-0.06,-0.468,6886.8,8782.443
603617.SH,20191122,12.81,13.04,12.72,12.82,12.84,-0.02,-0.1558,6176.0,7938.593
603617.SH,20191121,12.96,12.96,12.73,12.84,12.86,-0.02,-0.1555,4756.65,6094.01
603617.SH,20191120,12.95,13.09,12.82,12.86,12.93,-0.07,-0.5414,6568.0,8491.289
603617.SH,20191119,12.71,12.98,12.71,12.93,12.81,0.12,0.9368,7701.74,9941.963
603617.SH,20191118,12.6,12.85,12.51,12.81,12.6,0.21,1.6667,9172.0,11695.403
603617.SH,20191115,12.82,12.85,12.59,12.6,12.82,-0.22,-1.7161,8734.0,11090.914
603617.SH,20191114,12.85,12.88,12.72,12.82,12.79,0.03,0.2346,6003.4,7690.487
603617.SH,20191113,12.71,12.83,12.7,12.79,12.78,0.01,0.0782,6448.0,8242.216
603617.SH,20191112,12.77,12.85,12.58,12.78,12.76,0.02,0.1567,10085.89,12805.683
603617.SH,20191111,13.48,13.5,12.63,12.76,13.5,-0.74,-5.4815,22014.8,28467.996
603617.SH,20191108,13.6,13.67,13.46,13.5,13.59,-0.09,-0.6623,6920.6,9393.815
603617.SH,20191107,13.51,13.69,13.48,13.59,13.57,0.02,0.1474,6108.8,8295.874
603617.SH,20191106,13.8,13.82,13.48,13.57,13.77,-0.2,-1.4524,8545.8,11643.934
603617.SH,20191105,13.74,13.81,13.43,13.77,13.74,0.03,0.2183,10756.6,14710.577
603617.SH,20191104,13.68,13.88,13.68,13.74,13.66,0.08,0.5857,9237.39,12730.093
603617.SH,20191101,13.61,13.71,13.37,13.66,13.56,0.1,0.7375,10053.0,13634.053
603617.SH,20191031,13.9,14.0,13.5,13.56,13.9,-0.34,-2.446,13508.0,18547.015
603617.SH,20191030,13.95,14.03,13.82,13.9,14.05,-0.15,-1.0676,9293.4,12927.41
603617.SH,20191029,14.28,14.28,14.02,14.05,14.19,-0.14,-0.9866,9918.54,13993.637
603617.SH,20191028,14.1,14.2,14.01,14.19,14.09,0.1,0.7097,12222.95,17277.017
603617.SH,20191025,13.97,14.15,13.9,14.09,14.03,0.06,0.4277,9927.14,13897.693
603617.SH,20191024,14.05,14.17,13.9,14.03,14.29,-0.26,-1.8195,17105.8,23982.28
603617.SH,20191023,14.06,14.8,14.06,14.29,14.09,0.2,1.4194,26388.54,38159.863
603617.SH,20191022,13.89,14.15,13.89,14.09,13.94,0.15,1.076,10190.75,14322.41
603617.SH,20191021,14.02,14.02,13.75,13.94,13.96,-0.02,-0.1433,11154.29,15496.118
603617.SH,20191018,14.29,14.29,13.85,13.96,14.27,-0.31,-2.1724,14466.0,20310.464
603617.SH,20191017,14.25,14.41,14.18,14.27,14.23,0.04,0.2811,7377.0,10523.088
603617.SH,20191016,14.54,14.54,14.2,14.23,14.49,-0.26,-1.7943,11501.09,16461.154
603617.SH,20191015,14.36,14.58,14.34,14.49,14.43,0.06,0.4158,16613.4,24003.985
603617.SH,20191014,14.39,14.49,14.33,14.43,14.3,0.13,0.9091,14926.43,21548.272
603617.SH,20191011,14.32,14.42,14.18,14.3,14.32,-0.02,-0.1397,14541.75,20797.074
603617.SH,20191010,14.19,14.37,14.18,14.32,14.14,0.18,1.273,13976.6,19974.734
603617.SH,20191009,13.92,14.16,13.91,14.14,14.01,0.13,0.9279,10944.8,15394.624
603617.SH,20191008,13.9,14.2,13.88,14.01,13.86,0.15,1.0823,15220.8,21376.019
603617.SH,20190930,13.95,14.12,13.83,13.86,14.02,-0.16,-1.1412,11511.2,16030.868
603617.SH,20190927,13.81,14.07,13.81,14.02,13.93,0.09,0.6461,12709.04,17777.6
603617.SH,20190926,14.6,14.68,13.91,13.93,14.52,-0.59,-4.0634,23148.6,32853.234
603617.SH,20190925,14.84,14.85,14.51,14.52,14.92,-0.4,-2.681,22010.6,32326.352
603617.SH,20190924,14.88,15.02,14.86,14.92,14.91,0.01,0.0671,12618.8,18865.181
603617.SH,20190923,15.04,15.11,14.81,14.91,15.03,-0.12,-0.7984,18445.89,27496.582
603617.SH,20190920,15.09,15.11,15.0,15.03,15.05,-0.02,-0.1329,13607.2,20474.073
603617.SH,20190919,14.93,15.05,14.92,15.05,14.96,0.09,0.6016,13539.6,20284.357
603617.SH,20190918,14.92,15.06,14.9,14.96,14.92,0.04,0.2681,15939.2,23849.35
603617.SH,20190917,15.21,15.29,14.84,14.92,15.25,-0.33,-2.1639,26463.2,39748.426
603617.SH,20190916,15.31,15.34,15.2,15.25,15.25,0.0,0.0,21546.94,32918.647
603617.SH,20190912,15.13,15.27,15.11,15.25,15.12,0.13,0.8598,18541.82,28211.219
603617.SH,20190911,15.32,15.37,15.12,15.12,15.31,-0.19,-1.241,25222.6,38385.807
603617.SH,20190910,15.42,15.42,15.21,15.31,15.43,-0.12,-0.7777,31112.2,47538.76
603617.SH,20190909,15.5,15.54,15.29,15.43,15.37,0.06,0.3904,35370.6,54411.087
603617.SH,20190906,15.15,15.43,15.12,15.37,15.13,0.24,1.5863,39323.0,60037.931
603617.SH,20190905,15.08,15.34,15.03,15.13,15.02,0.11,0.7324,41564.99,63149.741
603617.SH,20190904,14.92,15.03,14.83,15.02,14.95,0.07,0.4682,24023.74,35837.597
603617.SH,20190903,15.06,15.06,14.9,14.95,15.01,-0.06,-0.3997,23530.99,35206.624
603617.SH,20190902,14.78,15.02,14.66,15.01,14.74,0.27,1.8318,34609.39,51578.106
603617.SH,20190830,15.18,15.24,14.61,14.74,15.15,-0.41,-2.7063,37714.65,56368.917
603617.SH,20190829,15.28,15.3,15.13,15.15,15.27,-0.12,-0.7859,27180.6,41287.843
603617.SH,20190828,15.29,15.44,15.22,15.27,15.36,-0.09,-0.5859,31488.62,48204.319
603617.SH,20190827,15.15,15.37,15.11,15.36,15.05,0.31,2.0598,43752.65,66796.205
603617.SH,20190826,15.27,15.27,15.0,15.05,15.6,-0.55,-3.5256,49887.69,75329.73
603617.SH,20190823,15.87,15.88,15.58,15.6,15.83,-0.23,-1.4529,42921.95,67370.593
603617.SH,20190822,15.84,15.97,15.6,15.83,15.88,-0.05,-0.3149,51145.7,80854.044
603617.SH,20190821,16.21,16.44,15.8,15.88,16.33,-0.45,-2.7557,96081.3,154398.791
603617.SH,20190820,16.55,16.88,16.3,16.33,17.22,-0.89,-5.1684,133217.46,219880.935
603617.SH,20190819,17.22,17.6,17.22,17.22,19.13,-1.91,-9.9843,119099.46,205405.964
603617.SH,20190816,21.13,21.5,19.13,19.13,21.26,-2.13,-10.0188,226503.6,451863.486
603617.SH,20190815,18.71,21.26,18.63,21.26,19.33,1.93,9.9845,118220.01,241362.441
603617.SH,20190814,20.0,20.27,19.25,19.33,20.02,-0.69,-3.4466,97254.04,191738.986
603617.SH,20190813,18.2,20.02,17.89,20.02,18.2,1.82,10.0,109577.2,211751.719
603617.SH,20190812,18.14,19.0,17.8,18.2,18.16,0.04,0.2203,44710.41,81828.286
603617.SH,20190809,19.06,20.2,18.1,18.16,18.89,-0.73,-3.8645,107463.27,201169.927
603617.SH,20190808,18.06,18.89,17.7,18.89,17.17,1.72,10.0175,80522.08,149406.493
603617.SH,20190807,17.6,18.25,17.17,17.17,17.62,-0.45,-2.5539,30332.33,54175.006
603617.SH,20190806,17.24,17.7,17.12,17.62,17.5,0.12,0.6857,18585.0,32338.302
603617.SH,20190805,17.88,17.88,17.5,17.5,17.55,-0.05,-0.2849,13562.6,23943.272
603617.SH,20190802,17.48,17.98,17.22,17.55,17.7,-0.15,-0.8475,23881.2,42256.381
603617.SH,20190801,17.69,18.28,17.5,17.7,17.89,-0.19,-1.062,34076.6,61145.059
603617.SH,20190731,17.52,18.19,17.4,17.89,18.02,-0.13,-0.7214,35755.93,63242.011
603617.SH,20190730,18.8,18.8,17.9,18.02,18.0,0.02,0.1111,38813.0,71046.489
603617.SH,20190729,18.12,18.29,17.81,18.0,18.19,-0.19,-1.0445,22206.5,39868.741
603617.SH,20190726,18.1,18.6,17.82,18.19,18.4,-0.21,-1.1413,53445.2,96791.026
603617.SH,20190725,17.21,18.67,17.02,18.4,17.21,1.19,6.9146,96269.94,169006.866
603617.SH,20190724,17.12,17.3,17.06,17.21,17.18,0.03,0.1746,21652.65,37223.32
603617.SH,20190723,17.19,17.49,17.15,17.18,17.23,-0.05,-0.2902,35630.54,61482.434
603617.SH,20190722,18.06,18.06,17.08,17.23,18.27,-1.04,-5.6924,36098.19,62576.867
603617.SH,20190719,18.2,18.76,17.86,18.27,18.5,-0.23,-1.2432,71840.9,131067.744
603617.SH,20190718,19.23,19.5,18.5,18.5,19.82,-1.32,-6.6599,115216.8,215689.097
603617.SH,20190717,17.84,19.82,17.64,19.82,18.02,1.8,9.9889,102397.61,187227.656
603617.SH,20190716,17.88,18.1,17.5,18.02,17.95,0.07,0.39,29531.06,52571.328
603617.SH,20190715,18.0,18.31,17.49,17.95,18.29,-0.34,-1.8589,50818.29,89940.417
603617.SH,20190712,19.01,19.58,18.22,18.29,19.47,-1.18,-6.0606,35815.2,67023.897
603617.SH,20190711,19.8,19.99,19.0,19.47,19.7,-0.23,-1.1675,19662.8,38357.694
603617.SH,20190710,19.5,20.5,19.38,19.7,19.45,0.25,1.2853,17929.19,35316.887
603617.SH,20190709,18.83,19.58,18.59,19.45,18.74,0.71,3.7887,20899.82,39952.089
603617.SH,20190708,18.89,19.1,18.49,18.74,19.2,-0.46,-2.3958,11340.0,21288.474
603617.SH,20190705,19.4,19.45,18.61,19.2,19.25,-0.05,-0.2597,60316.16,114157.886
603617.SH,20190704,19.45,20.2,18.71,19.25,19.6,-0.35,-1.7857,39916.41,77094.174
603617.SH,20190703,18.5,19.94,18.12,19.6,18.75,0.85,4.5333,73663.05,138592.518
603617.SH,20190702,17.62,19.1,17.11,18.75,17.62,1.13,6.4132,59941.08,106830.585
603617.SH,20190701,17.0,17.76,16.9,17.62,16.99,0.63,3.7081,26392.0,45884.253
603617.SH,20190628,17.08,17.09,16.69,16.99,16.96,0.03,0.1769,11555.8,19446.912
603617.SH,20190627,17.02,17.55,16.8,16.96,17.15,-0.19,-1.1079,17778.0,30315.639
603617.SH,20190626,17.3,17.48,16.57,17.15,17.3,-0.15,-0.8671,22343.14,38007.39
603617.SH,20190625,17.4,17.54,17.08,17.3,17.48,-0.18,-1.0297,10775.0,18579.041
603617.SH,20190624,17.83,17.83,17.27,17.48,17.85,-0.37,-2.0728,17467.74,30476.282
603617.SH,20190621,17.4,18.2,17.02,17.85,17.4,0.45,2.5862,37409.05,64890.082
603617.SH,20190620,17.54,18.18,17.1,17.4,17.74,-0.34,-1.9166,48970.2,85981.146
603617.SH,20190619,17.17,18.0,17.0,17.74,17.2,0.54,3.1395,37029.71,65067.655
603617.SH,20190618,16.75,17.3,16.5,17.2,16.95,0.25,1.4749,29585.74,50066.149
603617.SH,20190617,16.02,17.44,15.8,16.95,15.9,1.05,6.6038,37949.58,63543.376
603617.SH,20190614,15.87,16.57,15.61,15.9,15.83,0.07,0.4422,18340.2,29606.135
603617.SH,20190613,15.69,16.02,15.53,15.83,15.83,0.0,0.0,13496.4,21341.627
603617.SH,20190612,15.7,16.0,15.5,15.83,15.94,-0.11,-0.6901,23545.4,37039.978
603617.SH,20190611,15.49,16.14,15.0,15.94,15.49,0.45,2.9051,36168.46,56105.463
603617.SH,20190610,15.2,15.98,15.01,15.49,15.3,0.19,1.2418,13328.2,20539.654
603617.SH,20190606,14.88,15.39,14.4,15.3,14.97,0.33,2.2044,14718.6,22053.105
603617.SH,20190605,15.21,15.25,14.8,14.97,14.99,-0.02,-0.1334,7886.8,11798.671
603617.SH,20190604,15.0,15.07,14.55,14.99,14.9,0.09,0.604,9222.29,13652.036
603617.SH,20190603,16.23,16.23,14.68,14.9,16.23,-1.33,-8.1947,39046.8,59262.269
603617.SH,20190531,16.2,16.5,16.05,16.23,16.56,-0.33,-1.9928,23675.0,38378.664
603617.SH,20190530,16.0,17.15,15.81,16.56,16.1,0.46,2.8571,17916.55,29634.59
603617.SH,20190529,21.86,24.15,21.86,22.75,21.95,0.8,3.6446,36635.11,84898.033
603617.SH,20190528,22.16,22.38,21.83,21.95,22.16,-0.21,-0.9477,10694.19,23510.752
603617.SH,20190527,21.99,22.26,21.6,22.16,22.0,0.16,0.7273,8853.19,19583.453
603617.SH,20190524,22.01,22.3,21.32,22.0,22.0,0.0,0.0,9522.16,20754.52
603617.SH,20190523,22.61,22.9,21.7,22.0,22.72,-0.72,-3.169,15431.0,34238.209
603617.SH,20190522,22.34,23.22,22.17,22.72,22.55,0.17,0.7539,24012.0,54408.623
603617.SH,20190521,20.55,22.55,19.8,22.55,20.5,2.05,10.0,38035.4,79955.595
603617.SH,20190520,21.9,21.9,20.48,20.5,21.56,-1.06,-4.9165,9739.87,20230.979
603617.SH,20190517,22.5,22.5,21.51,21.56,22.59,-1.03,-4.5595,14993.12,32821.267
603617.SH,20190516,22.83,23.06,22.32,22.59,22.63,-0.04,-0.1768,15547.32,35119.031
603617.SH,20190515,22.08,22.69,21.86,22.63,22.1,0.53,2.3982,20459.96,45795.432
603617.SH,20190514,22.0,22.63,21.5,22.1,22.27,-0.17,-0.7634,20515.0,45108.117
603617.SH,20190513,22.34,22.49,22.05,22.27,22.35,-0.08,-0.3579,14724.92,32701.969
603617.SH,20190510,21.55,22.99,21.35,22.35,21.45,0.9,4.1958,29600.51,65964.915
603617.SH,20190509,21.5,21.89,21.3,21.45,21.89,-0.44,-2.0101,13515.32,29009.595
603617.SH,20190508,21.81,22.65,21.33,21.89,22.34,-0.45,-2.0143,16414.71,36372.244
603617.SH,20190507,22.3,22.81,21.29,22.34,22.35,-0.01,-0.0447,26138.87,57410.473
603617.SH,20190506,22.66,23.17,21.83,22.35,23.3,-0.95,-4.0773,27839.4,62160.555
603617.SH,20190430,21.81,23.81,21.61,23.3,22.27,1.03,4.6251,48948.92,112044.812
603617.SH,20190429,23.15,23.38,21.3,22.27,23.5,-1.23,-5.234,40269.0,90295.275
603617.SH,20190426,22.21,24.66,21.56,23.5,22.5,1.0,4.4444,66590.84,152530.104
603617.SH,20190425,22.09,23.2,21.86,22.5,22.6,-0.1,-0.4425,57505.05,128974.475
603617.SH,20190424,21.61,22.86,21.6,22.6,21.73,0.87,4.0037,40285.4,89803.61
603617.SH,20190423,21.41,22.0,21.05,21.73,21.39,0.34,1.5895,35210.52,75870.246
603617.SH,20190422,20.28,22.4,20.15,21.39,20.42,0.97,4.7502,53073.6,112542.099
603617.SH,20190419,19.88,20.5,19.66,20.42,19.88,0.54,2.7163,22937.8,46195.04
603617.SH,20190418,19.87,20.13,19.82,19.88,19.86,0.02,0.1007,11273.96,22454.973
603617.SH,20190417,19.78,20.02,19.71,19.86,19.78,0.08,0.4044,9002.0,17893.765
603617.SH,20190416,19.54,19.83,19.25,19.78,19.67,0.11,0.5592,12413.92,24220.533
603617.SH,20190415,20.05,20.3,19.52,19.67,20.0,-0.33,-1.65,14790.0,29552.929
603617.SH,20190412,19.84,20.04,19.77,20.0,19.84,0.16,0.8065,8841.78,17585.604
603617.SH,20190411,20.22,20.27,19.78,19.84,20.22,-0.38,-1.8793,14813.04,29607.913
603617.SH,20190410,19.86,20.23,19.72,20.22,19.93,0.29,1.4551,18786.0,37704.142
603617.SH,20190409,19.68,19.95,19.57,19.93,19.65,0.28,1.4249,11858.93,23412.81
603617.SH,20190408,20.14,20.16,19.52,19.65,19.97,-0.32,-1.6024,18253.92,36089.197
603617.SH,20190404,20.23,20.8,19.88,19.97,20.28,-0.31,-1.5286,19975.0,40280.54
603617.SH,20190403,19.9,20.35,19.83,20.28,19.9,0.38,1.9095,18667.38,37566.28
603617.SH,20190402,20.12,20.12,19.78,19.9,20.04,-0.14,-0.6986,13468.0,26801.255
603617.SH,20190401,19.65,20.05,19.6,20.04,19.58,0.46,2.3493,15145.0,30156.467
603617.SH,20190329,19.44,19.66,19.1,19.58,19.3,0.28,1.4508,12345.92,23944.237
603617.SH,20190328,19.54,19.57,19.18,19.3,19.54,-0.24,-1.2282,10468.0,20277.121
603617.SH,20190327,19.43,19.58,19.18,19.54,19.37,0.17,0.8776,13158.0,25515.904
603617.SH,20190326,19.72,19.84,19.37,19.37,19.73,-0.36,-1.8246,18530.85,36231.07
603617.SH,20190325,19.89,20.16,19.7,19.73,20.18,-0.45,-2.2299,16931.0,33648.754
603617.SH,20190322,19.92,20.34,19.78,20.18,19.92,0.26,1.3052,21002.84,42094.29
603617.SH,20190321,19.65,20.48,19.52,19.92,19.65,0.27,1.374,28597.24,56828.638
603617.SH,20190320,19.7,19.88,19.3,19.65,19.74,-0.09,-0.4559,23278.88,45580.498
603617.SH,20190319,19.17,20.45,19.17,19.74,19.17,0.57,2.9734,38000.93,75652.091
603617.SH,20190318,18.89,19.23,18.7,19.17,18.77,0.4,2.1311,23757.34,45246.641
603617.SH,20190315,18.39,18.78,18.37,18.77,18.39,0.38,2.0663,17457.33,32493.195
603617.SH,20190314,18.87,18.99,18.18,18.39,18.78,-0.39,-2.0767,19331.78,35716.087
603617.SH,20190313,18.96,19.19,18.64,18.78,18.95,-0.17,-0.8971,22582.78,42668.857
603617.SH,20190312,18.82,19.25,18.6,18.95,18.7,0.25,1.3369,26613.4,50482.668
603617.SH,20190311,18.23,18.7,18.23,18.7,18.1,0.6,3.3149,19156.24,35426.572
603617.SH,20190308,18.9,19.07,18.0,18.1,19.15,-1.05,-5.483,27251.0,50762.827
603617.SH,20190307,18.89,19.37,18.79,19.15,19.05,0.1,0.5249,28178.64,53780.654
603617.SH,20190306,18.7,19.09,18.51,19.05,18.65,0.4,2.1448,32104.49,60307.582
603617.SH,20190305,18.27,18.67,18.27,18.65,18.45,0.2,1.084,18605.01,34387.304
603617.SH,20190304,18.39,18.73,18.33,18.45,18.37,0.08,0.4355,26781.0,49549.316
603617.SH,20190301,18.39,18.5,18.22,18.37,18.32,0.05,0.2729,15523.02,28501.165
603617.SH,20190228,18.15,18.32,18.05,18.32,18.06,0.26,1.4396,16415.92,29806.428
603617.SH,20190227,18.19,18.38,17.85,18.06,18.23,-0.17,-0.9325,22981.26,41713.639
603617.SH,20190226,18.5,18.6,18.03,18.23,18.46,-0.23,-1.2459,27005.92,49447.728
603617.SH,20190225,18.0,18.55,17.88,18.46,17.84,0.62,3.4753,31806.0,57870.433
603617.SH,20190222,17.5,17.89,17.47,17.84,17.54,0.3,1.7104,16312.0,28951.39
603617.SH,20190221,17.7,17.92,17.52,17.54,17.72,-0.18,-1.0158,18416.92,32674.858
603617.SH,20190220,17.59,17.78,17.48,17.72,17.68,0.04,0.2262,11894.55,20979.515
603617.SH,20190219,17.79,17.94,17.55,17.68,17.84,-0.16,-0.8969,17176.0,30433.746
603617.SH,20190218,17.44,17.87,17.44,17.84,17.45,0.39,2.235,18579.92,32870.917
603617.SH,20190215,17.39,17.56,17.22,17.45,17.35,0.1,0.5764,18184.0,31579.661
603617.SH,20190214,17.35,17.48,17.26,17.35,17.39,-0.04,-0.23,14488.55,25168.939
603617.SH,20190213,17.11,17.58,17.11,17.39,17.2,0.19,1.1047,21647.55,37558.896
603617.SH,20190212,17.0,17.36,16.94,17.2,17.02,0.18,1.0576,16767.0,28741.713
603617.SH,20190211,16.61,17.03,16.61,17.02,16.63,0.39,2.3452,11897.55,20042.884
603617.SH,20190201,16.31,16.67,16.31,16.63,16.44,0.19,1.1557,12411.0,20494.542
603617.SH,20190131,16.56,17.12,16.4,16.44,16.36,0.08,0.489,19388.92,32495.242
603617.SH,20190130,16.49,16.65,16.33,16.36,16.49,-0.13,-0.7884,5472.0,9035.456
603617.SH,20190129,16.78,16.82,16.11,16.49,16.8,-0.31,-1.8452,8727.92,14354.671
603617.SH,20190128,17.0,17.15,16.75,16.8,16.94,-0.14,-0.8264,7060.0,11982.285
603617.SH,20190125,17.08,17.11,16.92,16.94,17.04,-0.1,-0.5869,10382.0,17686.356
603617.SH,20190124,17.0,17.15,16.94,17.04,16.87,0.17,1.0077,11772.0,20056.676
603617.SH,20190123,16.94,16.97,16.76,16.87,16.91,-0.04,-0.2365,7208.0,12135.526
603617.SH,20190122,17.02,17.03,16.8,16.91,16.92,-0.01,-0.0591,7456.0,12581.196
603617.SH,20190121,16.84,17.02,16.8,16.92,16.84,0.08,0.4751,8611.0,14584.293
603617.SH,20190118,16.78,16.88,16.71,16.84,16.69,0.15,0.8987,5994.0,10073.007
603617.SH,20190117,17.06,17.11,16.66,16.69,17.09,-0.4,-2.3406,10863.0,18322.377
603617.SH,20190116,16.88,17.14,16.88,17.09,16.91,0.18,1.0645,10968.0,18686.918
603617.SH,20190115,16.67,16.95,16.65,16.91,16.72,0.19,1.1364,9679.0,16318.943
603617.SH,20190114,16.94,16.98,16.7,16.72,16.93,-0.21,-1.2404,7918.0,13295.106
603617.SH,20190111,16.76,16.97,16.65,16.93,16.76,0.17,1.0143,9784.0,16462.204
603617.SH,20190110,16.85,16.93,16.73,16.76,16.83,-0.07,-0.4159,9387.0,15790.015
603617.SH,20190109,16.88,17.21,16.8,16.83,16.85,-0.02,-0.1187,11386.0,19344.472
603617.SH,20190108,16.83,16.89,16.71,16.85,16.81,0.04,0.238,9007.0,15130.058
603617.SH,20190107,16.65,16.93,16.65,16.81,16.56,0.25,1.5097,10972.0,18442.764
603617.SH,20190104,16.18,16.63,16.06,16.56,16.25,0.31,1.9077,13506.0,22196.516
603617.SH,20190103,16.49,16.67,16.25,16.25,16.45,-0.2,-1.2158,6645.0,10931.584
603617.SH,20190102,16.55,16.67,16.45,16.45,16.6,-0.15,-0.9036,8098.0,13396.273
603617.SH,20181228,16.99,17.0,16.6,16.6,16.93,-0.33,-1.9492,9317.0,15615.695
603617.SH,20181227,17.05,17.22,16.93,16.93,16.86,0.07,0.4152,15285.0,26103.619
603617.SH,20181226,16.84,16.97,16.8,16.86,16.85,0.01,0.0593,8122.0,13703.224
603617.SH,20181225,16.99,17.0,16.42,16.85,17.13,-0.28,-1.6346,12524.99,20961.063
603617.SH,20181224,16.75,17.14,16.75,17.13,16.84,0.29,1.7221,10314.0,17565.754
603617.SH,20181221,16.84,16.97,16.72,16.84,16.92,-0.08,-0.4728,7365.92,12403.577
603617.SH,20181220,16.71,16.97,16.69,16.92,16.81,0.11,0.6544,6991.92,11808.31
603617.SH,20181219,17.0,17.06,16.78,16.81,16.9,-0.09,-0.5325,10876.92,18405.172
603617.SH,20181218,17.0,17.12,16.83,16.9,17.17,-0.27,-1.5725,13354.92,22657.42
603617.SH,20181217,17.08,17.18,16.89,17.17,17.08,0.09,0.5269,12198.92,20779.561
603617.SH,20181214,17.87,17.87,17.01,17.08,17.88,-0.8,-4.4743,25493.24,44483.0
603617.SH,20181213,17.98,18.09,17.76,17.88,17.98,-0.1,-0.5562,18511.56,33202.759
603617.SH,20181212,18.02,18.02,17.81,17.98,17.98,0.0,0.0,16210.0,29072.217
603617.SH,20181211,18.06,18.1,17.83,17.98,18.05,-0.07,-0.3878,15936.78,28599.379
603617.SH,20181210,17.8,18.1,17.6,18.05,17.98,0.07,0.3893,19692.78,35226.838
603617.SH,20181207,17.96,18.14,17.81,17.98,17.99,-0.01,-0.0556,24395.24,43944.172
603617.SH,20181206,18.7,18.75,17.93,17.99,18.83,-0.84,-4.461,47037.09,86125.404
603617.SH,20181205,19.2,19.3,18.48,18.83,19.71,-0.88,-4.4647,76585.0,144048.173
603617.SH,20181204,21.03,21.03,19.47,19.71,21.03,-1.32,-6.2767,81435.9,162579.92
603617.SH,20181203,21.53,22.08,20.6,21.03,21.53,-0.5,-2.3223,84462.55,177486.824
603617.SH,20181130,20.34,22.45,20.16,21.53,20.41,1.12,5.4875,84879.79,182327.064
603617.SH,20181129,18.09,20.41,18.09,20.41,18.55,1.86,10.027,77044.59,155358.046
603617.SH,20181128,18.03,18.7,17.7,18.55,18.1,0.45,2.4862,23183.0,42590.898
603617.SH,20181127,17.11,18.1,16.95,18.1,17.05,1.05,6.1584,25774.4,45695.537
603617.SH,20181126,17.3,17.7,16.95,17.05,17.39,-0.34,-1.9551,7676.0,13150.949
603617.SH,20181123,17.88,17.92,17.1,17.39,17.91,-0.52,-2.9034,16235.78,28313.521
603617.SH,20181122,18.0,18.08,17.78,17.91,17.92,-0.01,-0.0558,7707.0,13795.761
603617.SH,20181121,17.56,17.95,17.51,17.92,17.85,0.07,0.3922,9659.92,17154.885
603617.SH,20181120,18.4,18.4,17.72,17.85,18.56,-0.71,-3.8254,14538.0,26262.546
603617.SH,20181119,18.56,18.74,18.32,18.56,18.69,-0.13,-0.6956,11936.92,22097.199
603617.SH,20181116,18.46,19.11,18.21,18.69,18.36,0.33,1.7974,28953.51,53900.495
603617.SH,20181115,17.79,18.57,17.5,18.36,17.76,0.6,3.3784,30497.19,55276.343
603617.SH,20181114,17.53,17.98,17.4,17.76,17.54,0.22,1.2543,19663.0,34659.157
603617.SH,20181113,17.2,17.58,17.16,17.54,17.4,0.14,0.8046,18467.19,32135.031
603617.SH,20181112,17.06,17.48,17.05,17.4,17.12,0.28,1.6355,11695.92,20207.427
603617.SH,20181109,17.51,17.51,17.05,17.12,17.25,-0.13,-0.7536,15095.86,26010.59
603617.SH,20181108,17.16,18.3,17.15,17.25,17.16,0.09,0.5245,21412.86,37599.976
603617.SH,20181107,17.27,17.27,17.02,17.16,17.16,0.0,0.0,8027.0,13774.036
603617.SH,20181106,17.4,17.4,16.81,17.16,17.4,-0.24,-1.3793,10810.0,18484.206
603617.SH,20181105,17.28,17.51,17.07,17.4,17.23,0.17,0.9867,15713.0,27154.541
603617.SH,20181102,17.28,17.28,17.0,17.23,17.1,0.13,0.7602,14961.0,25651.423
603617.SH,20181101,17.3,17.3,16.94,17.1,17.15,-0.05,-0.2915,16725.0,28610.854
603617.SH,20181031,17.15,17.36,16.9,17.15,17.08,0.07,0.4098,23838.0,40937.035
603617.SH,20181030,17.3,17.3,16.84,17.08,16.9,0.18,1.0651,13244.0,22606.321
603617.SH,20181029,17.13,17.3,16.63,16.9,17.05,-0.15,-0.8798,8548.0,14481.41
603617.SH,20181026,17.38,17.38,16.8,17.05,16.88,0.17,1.0071,14118.0,24022.823
603617.SH,20181025,16.69,16.88,16.45,16.88,16.99,-0.11,-0.6474,9958.0,16631.839
603617.SH,20181024,17.24,17.28,16.83,16.99,17.25,-0.26,-1.5072,9496.0,16170.03
603617.SH,20181023,17.3,17.3,16.74,17.25,17.3,-0.05,-0.289,9966.0,16956.298
603617.SH,20181022,16.09,17.35,16.09,17.3,16.07,1.23,7.654,19141.0,32226.587
603617.SH,20181019,15.6,16.13,15.21,16.07,15.94,0.13,0.8156,9703.0,15306.931
603617.SH,20181018,15.99,16.3,15.62,15.94,15.9,0.04,0.2516,11724.0,18778.515
603617.SH,20181017,15.74,16.05,15.35,15.9,15.69,0.21,1.3384,6901.0,10891.517
603617.SH,20181016,16.05,16.05,15.25,15.69,16.07,-0.38,-2.3647,8018.0,12508.582
603617.SH,20181015,15.75,16.08,15.7,16.07,15.86,0.21,1.3241,6422.32,10215.587
603617.SH,20181012,15.2,16.07,15.11,15.86,15.32,0.54,3.5248,13495.24,21212.225
603617.SH,20181011,16.15,16.25,15.12,15.32,16.72,-1.4,-8.3732,12681.32,19958.873
603617.SH,20181010,16.6,16.77,16.43,16.72,16.55,0.17,1.0272,8262.32,13745.238
603617.SH,20181009,16.31,16.84,16.1,16.55,16.26,0.29,1.7835,10196.32,16823.513
603617.SH,20181008,16.47,16.48,16.01,16.26,16.56,-0.3,-1.8116,7103.0,11494.091
603617.SH,20180928,16.45,16.58,16.41,16.56,16.41,0.15,0.9141,6212.0,10246.609
603617.SH,20180927,16.94,16.96,16.4,16.41,16.92,-0.51,-3.0142,7243.0,12068.914
603617.SH,20180926,16.9,17.03,16.82,16.92,16.88,0.04,0.237,6189.0,10483.965
603617.SH,20180925,16.8,16.99,16.76,16.88,16.81,0.07,0.4164,6385.0,10779.482
603617.SH,20180921,16.68,16.88,16.56,16.81,16.69,0.12,0.719,8679.64,14512.214
603617.SH,20180920,16.85,16.97,16.66,16.69,16.77,-0.08,-0.477,7858.0,13187.824
603617.SH,20180919,16.67,17.09,16.43,16.77,16.72,0.05,0.299,14299.92,23942.904
603617.SH,20180918,16.8,16.91,16.11,16.72,17.35,-0.63,-3.6311,20921.92,34608.046
603617.SH,20180917,17.79,17.79,17.3,17.35,17.8,-0.45,-2.5281,9023.0,15765.015
603617.SH,20180914,18.21,18.24,17.73,17.8,18.2,-0.4,-2.1978,12467.92,22400.911
603617.SH,20180913,18.51,18.57,18.0,18.2,18.5,-0.3,-1.6216,20871.92,37969.18
603617.SH,20180912,18.19,18.65,18.01,18.5,18.03,0.47,2.6068,26133.0,48070.287
603617.SH,20180911,17.59,18.24,17.59,18.03,17.67,0.36,2.0374,11632.0,20839.001
603617.SH,20180910,18.08,18.08,17.66,17.67,18.25,-0.58,-3.1781,13499.0,24101.405
603617.SH,20180907,18.07,18.67,18.07,18.25,17.88,0.37,2.0694,27447.96,50310.347
603617.SH,20180906,17.75,17.99,17.58,17.88,17.72,0.16,0.9029,9995.32,17788.333
603617.SH,20180905,17.8,18.15,17.7,17.72,17.92,-0.2,-1.1161,12028.0,21509.474
603617.SH,20180904,17.58,17.93,17.58,17.92,17.58,0.34,1.934,12244.0,21792.947
603617.SH,20180903,17.55,17.74,17.33,17.58,17.81,-0.23,-1.2914,11688.0,20474.853
603617.SH,20180831,17.82,18.29,17.51,17.81,17.88,-0.07,-0.3915,14036.0,25118.722
603617.SH,20180830,18.22,18.27,17.87,17.88,18.22,-0.34,-1.8661,9650.0,17394.633
603617.SH,20180829,18.4,18.4,18.15,18.22,18.38,-0.16,-0.8705,8610.0,15697.438
603617.SH,20180828,18.36,18.5,18.16,18.38,18.33,0.05,0.2728,13635.0,24993.741
603617.SH,20180827,18.04,18.38,17.99,18.33,17.97,0.36,2.0033,10426.0,19016.693
603617.SH,20180824,18.07,18.19,17.92,17.97,18.06,-0.09,-0.4983,7331.0,13232.148
603617.SH,20180823,17.95,18.25,17.91,18.06,17.95,0.11,0.6128,8959.0,16216.49
603617.SH,20180822,18.35,18.43,17.91,17.95,18.36,-0.41,-2.2331,12712.0,22999.833
603617.SH,20180821,18.3,18.53,18.09,18.36,18.39,-0.03,-0.1631,14035.72,25699.25
603617.SH,20180820,18.1,18.45,17.8,18.39,18.66,-0.27,-1.4469,19880.58,36106.395
603617.SH,20180817,19.08,19.78,18.6,18.66,20.08,-1.42,-7.0717,33268.0,64009.807
603617.SH,20180816,18.11,20.08,17.86,20.08,18.25,1.83,10.0274,25180.0,48340.734
603617.SH,20180815,18.67,18.67,18.12,18.25,18.63,-0.38,-2.0397,7948.0,14627.889
603617.SH,20180814,18.42,18.78,18.3,18.63,18.48,0.15,0.8117,8779.0,16282.843
603617.SH,20180813,18.11,18.59,18.04,18.48,18.49,-0.01,-0.0541,7851.0,14341.11
603617.SH,20180810,18.36,18.54,18.23,18.49,18.36,0.13,0.7081,7923.0,14576.611
603617.SH,20180809,17.9,18.49,17.83,18.36,17.94,0.42,2.3411,10048.0,18413.864
603617.SH,20180808,18.4,18.6,17.92,17.94,18.52,-0.58,-3.1317,9253.01,16869.286
603617.SH,20180807,18.03,18.68,17.91,18.52,17.98,0.54,3.0033,9899.69,18127.858
603617.SH,20180806,18.3,18.41,17.8,17.98,18.37,-0.39,-2.123,9763.0,17638.347
603617.SH,20180803,18.3,18.75,18.2,18.37,18.28,0.09,0.4923,11112.0,20585.022
603617.SH,20180802,19.02,19.02,17.82,18.28,19.03,-0.75,-3.9411,18934.31,34572.44
603617.SH,20180801,19.58,19.6,18.91,19.03,19.48,-0.45,-2.3101,11613.0,22395.583
603617.SH,20180731,19.28,19.56,19.19,19.48,19.35,0.13,0.6718,10983.58,21347.829
603617.SH,20180730,20.2,20.3,19.12,19.35,20.25,-0.9,-4.4444,19726.32,38815.694
603617.SH,20180727,20.11,20.34,20.0,20.25,20.11,0.14,0.6962,13291.69,26844.683
603617.SH,20180726,20.26,20.45,20.04,20.11,20.39,-0.28,-1.3732,18558.0,37422.991
603617.SH,20180725,20.9,20.96,20.36,20.39,21.01,-0.62,-2.951,33400.0,68666.057
603617.SH,20180724,21.0,21.19,20.73,21.01,20.91,0.1,0.4782,28560.0,59843.551
603617.SH,20180723,20.72,21.15,20.48,20.91,21.39,-0.48,-2.244,36889.37,76748.189
603617.SH,20180720,20.79,21.8,20.59,21.39,20.59,0.8,3.8854,64135.24,136994.599
603617.SH,20180719,20.06,20.75,19.75,20.59,19.9,0.69,3.47,53331.87,108814.558
603617.SH,20180718,19.7,20.69,19.7,19.9,19.74,0.16,0.81,26495.44,53286.204
603617.SH,20180717,19.6,19.77,19.38,19.74,19.76,-0.02,-0.1,12440.04,24352.211
603617.SH,20180716,19.68,19.89,19.4,19.76,19.81,-0.05,-0.25,11183.69,21951.21
603617.SH,20180713,19.78,19.97,19.58,19.81,19.79,0.02,0.1,18579.04,36811.598
603617.SH,20180712,19.2,20.03,19.2,19.79,19.32,0.47,2.43,23089.66,45626.899
603617.SH,20180711,19.5,19.5,18.6,19.32,19.76,-0.44,-2.23,18413.39,35258.595
603617.SH,20180710,19.39,19.86,19.1,19.76,19.47,0.29,1.49,20811.99,40741.004
603617.SH,20180709,19.03,19.55,19.01,19.47,19.02,0.45,2.37,18156.0,35079.934
603617.SH,20180706,18.89,19.31,18.37,19.02,18.71,0.31,1.66,20723.0,39296.155
603617.SH,20180705,19.87,19.96,18.5,18.71,19.87,-1.16,-5.84,23922.92,46106.922
603617.SH,20180704,20.5,20.5,19.66,19.87,20.79,-0.92,-4.43,35502.4,70828.11
603617.SH,20180703,19.91,21.14,19.91,20.79,19.75,1.04,5.27,46521.8,95628.992
603617.SH,20180702,20.12,20.16,19.31,19.75,20.23,-0.48,-2.37,24467.4,48575.629
603617.SH,20180629,20.08,20.34,19.71,20.23,19.92,0.31,1.56,35123.68,70538.501
603617.SH,20180628,19.77,20.39,19.7,19.92,19.95,-0.03,-0.15,36086.72,72254.941
603617.SH,20180627,20.1,21.0,19.9,19.95,19.41,0.54,2.78,49144.24,100138.001
603617.SH,20180626,18.66,19.66,18.56,19.41,19.04,0.37,1.94,37402.68,71509.929
603617.SH,20180625,18.6,19.27,18.39,19.04,18.37,0.67,3.65,35067.68,66258.51
603617.SH,20180622,17.82,18.44,17.7,18.37,18.16,0.21,1.16,32340.68,58793.83
603617.SH,20180621,19.05,19.14,18.07,18.16,19.07,-0.91,-4.77,22526.12,41945.616
603617.SH,20180620,18.56,19.4,17.84,19.07,18.56,0.51,2.75,29503.37,54619.282
603617.SH,20180619,20.48,20.48,18.56,18.56,20.62,-2.06,-9.99,28340.0,54678.572
603617.SH,20180615,21.4,21.4,19.8,20.62,21.25,-0.63,-2.96,37953.36,77748.831
603617.SH,20180614,21.79,21.79,21.18,21.25,21.69,-0.44,-2.03,24110.8,51805.426
603617.SH,20180613,22.12,22.12,21.6,21.69,22.11,-0.42,-1.9,27651.0,60372.045
603617.SH,20180612,22.12,22.27,21.11,22.11,22.12,-0.01,-0.05,35347.16,76901.937
603617.SH,20180611,22.05,22.31,21.85,22.12,22.23,-0.11,-0.49,24369.0,53714.822
603617.SH,20180608,22.19,22.31,21.46,22.23,22.17,0.06,0.27,24468.4,53512.705
603617.SH,20180607,22.37,22.44,21.8,22.17,22.37,-0.2,-0.89,31462.0,69363.211
603617.SH,20180606,22.04,22.5,21.85,22.37,22.04,0.33,1.5,36100.36,79958.095
603617.SH,20180605,21.33,22.19,21.05,22.04,21.43,0.61,2.85,49130.0,106318.198
603617.SH,20180604,22.8,22.8,21.29,21.43,23.66,-2.23,-9.43,96168.32,209290.354
603617.SH,20180601,22.16,25.88,22.0,23.66,24.14,-0.48,-1.99,101376.13,233995.119
603617.SH,20180531,24.14,24.14,24.14,24.14,26.82,-2.68,-9.99,5504.0,13286.656
603617.SH,20180530,29.46,29.5,26.82,26.82,29.8,-2.98,-10.0,114066.0,312070.623
603617.SH,20180529,29.17,31.0,27.38,29.8,29.46,0.34,1.15,45261.0,130400.595
603617.SH,20180528,29.0,30.16,28.4,29.46,28.89,0.57,1.97,14383.56,41770.303
603617.SH,20180525,28.96,29.0,28.2,28.89,28.81,0.08,0.28,11064.56,31586.246
603617.SH,20180524,29.25,29.4,28.75,28.81,29.47,-0.66,-2.24,14862.0,43205.027
603617.SH,20180523,28.64,29.8,27.94,29.47,28.61,0.86,3.01,24982.81,71706.503
603617.SH,20180522,27.76,28.88,27.51,28.81,27.76,1.05,3.78,27773.32,78304.754
603617.SH,20180521,27.49,27.99,27.3,27.76,27.18,0.58,2.13,21537.92,59672.153
603617.SH,20180518,27.64,27.64,26.65,27.18,27.77,-0.59,-2.12,13260.4,35963.107
603617.SH,20180517,28.03,29.0,27.6,27.77,28.05,-0.28,-1.0,40104.95,113744.393
603617.SH,20180516,28.01,28.19,27.66,28.05,28.12,-0.07,-0.25,11092.84,30965.071
603617.SH,20180515,27.71,28.4,27.44,28.12,27.86,0.26,0.93,9681.0,27163.866
603617.SH,20180514,27.9,28.0,27.35,27.86,28.42,-0.56,-1.97,21179.96,58631.571
603617.SH,20180511,26.1,28.49,26.09,28.42,26.27,2.15,8.18,32368.91,88150.099
603617.SH,20180510,26.32,26.32,25.88,26.27,26.27,0.0,0.0,6892.0,18001.849
603617.SH,20180509,26.0,26.4,25.9,26.27,26.28,-0.01,-0.04,10159.0,26613.726
603617.SH,20180508,26.19,26.49,25.65,26.28,26.13,0.15,0.57,27074.77,70378.391
603617.SH,20180507,25.0,26.69,24.82,26.13,25.12,1.01,4.02,25037.49,64914.644
603617.SH,20180504,24.51,25.3,24.5,25.12,24.93,0.19,0.76,21940.92,54745.82
603617.SH,20180503,24.44,24.98,24.15,24.93,24.44,0.49,2.0,27622.92,67868.687
603617.SH,20180502,23.11,24.7,23.01,24.44,23.29,1.15,4.94,29450.32,70035.982
603617.SH,20180427,23.5,23.6,23.1,23.29,23.54,-0.25,-1.06,6185.6,14420.964
603617.SH,20180426,23.85,23.93,23.27,23.54,23.83,-0.29,-1.22,9328.92,21936.942
603617.SH,20180425,23.04,24.3,23.0,23.83,23.25,0.58,2.49,13861.32,32670.073
603617.SH,20180424,22.27,23.59,22.22,23.25,22.34,0.91,4.07,16948.32,39087.424
603617.SH,20180423,22.28,22.48,21.82,22.34,22.51,-0.17,-0.76,11295.56,25006.192
603617.SH,20180420,22.94,22.94,22.26,22.51,22.93,-0.42,-1.83,10663.48,24124.292
603617.SH,20180419,22.8,23.5,22.61,22.93,22.77,0.16,0.7,17244.32,39561.788
603617.SH,20180418,22.63,22.96,21.51,22.77,23.06,-0.29,-1.26,13924.92,31098.411
603617.SH,20180417,23.5,23.8,22.62,23.06,23.5,-0.44,-1.87,8908.0,20593.819
603617.SH,20180416,23.63,23.68,23.01,23.5,23.68,-0.18,-0.76,10119.28,23623.588
603617.SH,20180413,23.96,23.98,23.5,23.68,23.96,-0.28,-1.17,13345.69,31637.87
603617.SH,20180412,24.44,24.46,23.82,23.96,23.82,0.14,0.59,15615.24,37568.117
603617.SH,20180411,23.61,24.23,23.61,23.82,23.68,0.14,0.59,11918.0,28468.064
603617.SH,20180410,23.61,24.12,23.12,23.68,23.56,0.12,0.51,20699.32,48882.182
603617.SH,20180409,23.6,23.91,23.05,23.56,24.05,-0.49,-2.04,20261.56,47703.623
603617.SH,20180404,22.59,24.22,22.4,24.05,22.55,1.5,6.65,42850.64,100119.771
603617.SH,20180403,22.38,23.01,21.44,22.55,22.57,-0.02,-0.09,25033.84,56235.256
603617.SH,20180402,22.26,22.67,22.25,22.57,22.33,0.24,1.07,28719.12,64530.313
603617.SH,20180330,22.25,22.6,22.02,22.33,22.27,0.06,0.27,38022.95,84949.535
603617.SH,20180329,21.7,22.32,21.5,22.27,21.52,0.75,3.49,55912.36,123370.825
603617.SH,20180328,21.71,22.2,21.46,21.52,22.21,-0.69,-3.11,12956.0,28160.867
603617.SH,20180327,22.81,22.9,21.98,22.21,22.39,-0.18,-0.8,33086.2,73748.897
603617.SH,20180326,21.44,22.44,20.8,22.39,21.84,0.55,2.52,18303.24,40047.114
603617.SH,20180323,21.88,21.88,20.4,21.84,22.34,-0.5,-2.24,21796.2,46342.14
603617.SH,20180322,21.92,22.7,21.92,22.34,22.16,0.18,0.81,26895.24,60067.523
603617.SH,20180321,21.53,22.23,21.33,22.16,21.56,0.6,2.78,26461.4,57960.431
603617.SH,20180320,21.2,21.64,21.07,21.56,21.54,0.02,0.09,9735.32,20822.272
603617.SH,20180319,20.52,21.69,20.51,21.54,20.62,0.92,4.46,8882.92,18706.969
603617.SH,20180316,20.71,20.87,20.41,20.62,20.72,-0.1,-0.48,4783.0,9880.055
603617.SH,20180315,21.58,21.58,20.11,20.72,21.58,-0.86,-3.99,13987.0,29097.37
603617.SH,20180314,20.81,21.79,20.73,21.58,20.89,0.69,3.3,16343.28,34783.517
603617.SH,20180313,21.45,21.45,20.85,20.89,21.45,-0.56,-2.61,9822.0,20670.962
603617.SH,20180312,21.45,21.8,21.34,21.45,21.45,0.0,0.0,13973.0,30043.193
603617.SH,20180309,20.78,21.58,20.78,21.45,20.81,0.64,3.08,17776.6,37546.722
603617.SH,20180308,20.5,20.95,20.42,20.81,20.49,0.32,1.56,11169.19,23181.63
603617.SH,20180307,20.6,20.65,20.4,20.49,20.61,-0.12,-0.58,6840.88,14029.04
603617.SH,20180306,20.93,20.93,20.3,20.61,20.94,-0.33,-1.58,12700.32,26207.345
603617.SH,20180305,20.67,21.15,20.31,20.94,20.64,0.3,1.45,20081.03,41689.097
603617.SH,20180302,19.61,20.66,19.52,20.64,19.64,1.0,5.09,25154.76,50947.402
603617.SH,20180301,19.47,19.91,19.35,19.64,19.51,0.13,0.67,6821.0,13381.733
603617.SH,20180228,19.31,19.69,19.28,19.51,19.57,-0.06,-0.31,6688.0,13050.917
603617.SH,20180227,19.31,19.94,19.17,19.57,19.29,0.28,1.45,9344.95,18169.5
603617.SH,20180226,18.69,19.3,18.69,19.29,18.47,0.82,4.44,9913.95,18890.239
603617.SH,20180223,18.3,18.67,18.26,18.47,18.36,0.11,0.6,6128.87,11307.506
603617.SH,20180222,18.28,18.44,18.14,18.36,18.13,0.23,1.27,5482.95,10049.258
603617.SH,20180214,18.24,18.27,18.02,18.13,18.22,-0.09,-0.49,3875.0,7039.834
603617.SH,20180213,18.59,18.63,18.18,18.22,18.4,-0.18,-0.98,5491.28,10096.605
603617.SH,20180212,17.85,18.66,17.85,18.4,17.77,0.63,3.55,9279.92,17057.569
603617.SH,20180209,18.0,18.23,17.58,17.77,18.54,-0.77,-4.15,9548.95,17073.369
603617.SH,20180208,18.21,18.69,18.2,18.54,18.2,0.34,1.87,7348.76,13581.282
603617.SH,20180207,18.36,18.65,17.75,18.2,17.86,0.34,1.9,11151.76,20393.285
603617.SH,20180206,19.38,19.39,17.8,17.86,19.64,-1.78,-9.06,14606.0,27309.359
603617.SH,20180205,19.32,19.98,19.2,19.64,19.65,-0.01,-0.05,7495.04,14765.472
603617.SH,20180202,19.92,19.99,19.06,19.65,20.05,-0.4,-2.0,9590.0,18836.42
603617.SH,20180201,20.74,20.83,19.9,20.05,20.75,-0.7,-3.37,13969.52,28454.319
603617.SH,20180131,21.38,21.38,20.51,20.75,21.43,-0.68,-3.17,13439.84,28071.233
603617.SH,20180130,21.56,21.68,21.29,21.43,21.55,-0.12,-0.56,9590.16,20560.446
603617.SH,20180129,21.67,22.05,21.51,21.55,21.78,-0.23,-1.06,9587.32,20811.987
603617.SH,20180126,22.13,22.24,21.75,21.78,22.18,-0.4,-1.8,12811.0,28154.39
603617.SH,20180125,22.38,22.59,22.15,22.18,22.35,-0.17,-0.76,13169.0,29457.063
603617.SH,20180124,22.18,22.46,22.02,22.35,22.17,0.18,0.81,12045.95,26852.601
603617.SH,20180123,21.97,22.23,21.9,22.17,21.94,0.23,1.05,12651.32,27859.892
603617.SH,20180122,22.35,22.35,21.21,21.94,22.44,-0.5,-2.23,21984.76,48016.066
603617.SH,20180119,22.53,22.87,22.36,22.44,22.52,-0.08,-0.36,23509.6,53228.984
603617.SH,20180118,22.52,22.71,22.23,22.52,23.3,-0.78,-3.35,36168.0,81366.688
603617.SH,20180117,24.88,24.88,23.3,23.3,25.89,-2.59,-10.0,57025.0,134281.502
603617.SH,20180116,25.96,26.88,24.01,25.89,25.63,0.26,1.01,92781.95,235788.706
603617.SH,20180115,25.5,25.88,25.2,25.63,25.85,-0.22,-0.85,13934.15,35449.991
603617.SH,20180112,24.81,26.0,24.68,25.85,24.99,0.86,3.44,15361.32,38878.334
603617.SH,20180111,24.8,25.0,24.25,24.99,24.49,0.5,2.04,14485.76,35675.418
603617.SH,20180110,25.03,25.09,24.21,24.49,24.99,-0.5,-2.0,13483.32,33273.713
603617.SH,20180109,24.68,25.11,24.36,24.99,24.75,0.24,0.97,23264.19,57780.835
603617.SH,20180108,24.38,24.8,24.15,24.75,24.42,0.33,1.35,10122.95,24871.422
603617.SH,20180105,24.69,24.69,24.4,24.42,24.76,-0.34,-1.37,5650.92,13827.398
603617.SH,20180104,24.89,24.91,24.47,24.76,24.91,-0.15,-0.6,9216.36,22737.212
603617.SH,20180103,24.2,25.05,23.84,24.91,24.21,0.7,2.89,20883.43,51210.457
603617.SH,20180102,23.61,24.29,23.61,24.21,23.81,0.4,1.68,12291.35,29502.857
603617.SH,20171229,23.37,23.95,23.18,23.81,23.37,0.44,1.88,13199.04,31099.353
603617.SH,20171228,23.5,23.76,23.21,23.37,23.62,-0.25,-1.06,12504.96,29366.293
603617.SH,20171227,23.79,23.98,23.4,23.62,23.83,-0.21,-0.88,11604.92,27424.3
603617.SH,20171226,23.51,24.32,23.36,23.83,23.63,0.2,0.85,20242.64,48316.761
603617.SH,20171225,23.63,24.18,23.38,23.63,23.79,-0.16,-0.67,10336.56,24490.86
603617.SH,20171222,23.35,23.96,23.17,23.79,23.31,0.48,2.06,13543.0,32098.295
603617.SH,20171221,23.0,23.64,22.82,23.31,23.69,-0.38,-1.6,13376.0,31168.178
603617.SH,20171220,24.0,24.19,23.5,23.69,24.18,-0.49,-2.03,17188.14,40931.703
603617.SH,20171219,22.25,24.24,22.23,24.18,22.45,1.73,7.71,37366.22,87448.741
603617.SH,20171218,22.11,22.99,21.7,22.45,22.11,0.34,1.54,19506.72,43636.195
603617.SH,20171215,21.61,22.18,21.61,22.11,21.84,0.27,1.24,15325.88,33693.526
603617.SH,20171214,22.44,22.5,21.71,21.84,21.78,0.06,0.28,12241.16,26907.921
603617.SH,20171213,21.72,21.88,21.18,21.78,21.35,0.43,2.01,10162.32,21993.267
603617.SH,20171212,21.4,21.86,21.05,21.35,21.39,-0.04,-0.19,15182.32,32604.544
603617.SH,20171211,21.01,21.57,21.01,21.39,21.11,0.28,1.33,11129.85,23808.904
603617.SH,20171208,20.6,21.28,20.58,21.11,20.63,0.48,2.33,15681.67,33031.614
603617.SH,20171207,20.51,20.75,20.38,20.63,20.66,-0.03,-0.15,10917.24,22465.274
603617.SH,20171206,20.15,20.69,19.91,20.66,20.3,0.36,1.77,17592.89,35813.9
603617.SH,20171205,21.2,21.48,19.97,20.3,21.32,-1.02,-4.78,21566.92,44674.976
603617.SH,20171204,22.83,22.83,21.23,21.32,22.91,-1.59,-6.94,26886.71,58705.219
603617.SH,20171201,22.71,22.98,22.48,22.91,22.61,0.3,1.33,11763.92,26805.114
603617.SH,20171130,22.59,22.81,22.45,22.61,22.58,0.03,0.13,10647.21,24111.171
603617.SH,20171129,22.91,22.98,22.21,22.58,22.81,-0.23,-1.01,12281.45,27721.531
603617.SH,20171128,22.45,22.86,22.43,22.81,22.45,0.36,1.6,15637.58,35428.982
603617.SH,20171127,22.59,22.91,22.2,22.45,22.59,-0.14,-0.62,11729.59,26405.541
603617.SH,20171124,22.6,22.79,22.31,22.59,22.6,-0.01,-0.04,13520.0,30616.217
603617.SH,20171123,23.79,23.98,22.5,22.6,23.89,-1.29,-5.4,22268.62,51754.938
603617.SH,20171122,23.91,24.89,23.71,23.89,24.15,-0.26,-1.08,18623.33,44951.492
603617.SH,20171121,24.73,25.19,23.8,24.15,25.01,-0.86,-3.44,25217.52,61439.664
603617.SH,20171120,24.98,25.18,22.89,25.01,25.43,-0.42,-1.65,30978.1,75213.67
603617.SH,20171117,27.65,28.47,25.43,25.43,28.25,-2.82,-9.98,41252.43,109773.331
603617.SH,20171116,28.99,29.7,27.77,28.25,29.22,-0.97,-3.32,43054.76,123240.332
603617.SH,20171115,29.65,30.0,29.01,29.22,30.1,-0.88,-2.92,34743.94,102394.547
603617.SH,20171114,29.07,30.53,29.0,30.1,29.22,0.88,3.01,72931.2,217717.926
603617.SH,20171113,28.7,29.28,28.26,29.22,28.62,0.6,2.1,33609.4,96400.987
603617.SH,20171110,27.91,29.0,27.8,28.62,28.02,0.6,2.14,44736.79,127822.607
603617.SH,20171109,28.1,28.35,27.73,28.02,28.16,-0.14,-0.5,24836.94,69487.587
603617.SH,20171108,28.1,28.66,27.8,28.16,28.08,0.08,0.28,44910.8,126811.15
603617.SH,20171107,28.2,28.22,27.64,28.08,28.15,-0.07,-0.25,31267.21,87365.548
603617.SH,20171106,26.88,28.2,26.75,28.15,26.89,1.26,4.69,42182.85,116655.778
603617.SH,20171103,27.64,27.64,26.7,26.89,27.4,-0.51,-1.86,21187.1,57564.28
603617.SH,20171102,27.01,27.44,26.45,27.4,27.07,0.33,1.22,28384.71,76556.498
603617.SH,20171101,26.91,27.23,26.68,27.07,26.95,0.12,0.45,20291.05,54815.257
603617.SH,20171031,26.36,27.08,26.14,26.95,26.36,0.59,2.24,21474.51,56892.014
603617.SH,20171030,27.45,27.68,26.13,26.36,27.84,-1.48,-5.32,23053.0,61692.731
603617.SH,20171027,27.8,28.2,27.3,27.84,27.8,0.04,0.14,26674.57,73960.665
603617.SH,20171026,27.08,27.85,27.08,27.8,27.31,0.49,1.79,31282.05,86287.99
603617.SH,20171025,26.45,27.48,26.26,27.31,26.43,0.88,3.33,25243.69,68212.943
603617.SH,20171024,26.74,27.08,25.9,26.43,26.81,-0.38,-1.42,14092.52,37226.45
603617.SH,20171023,26.4,26.86,26.2,26.81,26.41,0.4,1.51,11265.47,30038.757
603617.SH,20171020,26.16,26.44,26.16,26.41,26.16,0.25,0.96,9453.68,24877.421
603617.SH,20171019,26.89,26.89,26.02,26.16,26.99,-0.83,-3.08,18947.0,49976.769
603617.SH,20171018,27.09,27.87,26.92,26.99,27.19,-0.2,-0.74,26383.52,72516.136
603617.SH,20171017,26.7,27.38,26.51,27.19,26.89,0.3,1.12,14994.76,40522.084
603617.SH,20171016,27.75,27.9,26.75,26.89,27.79,-0.9,-3.24,21036.81,57434.575
603617.SH,20171013,26.99,27.93,26.86,27.79,26.99,0.8,2.96,31003.49,85432.982
603617.SH,20171012,26.91,27.16,26.6,26.99,26.88,0.11,0.41,13759.96,37021.172
603617.SH,20171011,27.1,27.6,26.66,26.88,27.29,-0.41,-1.5,18168.28,49243.675
603617.SH,20171010,26.69,27.38,26.4,27.29,26.6,0.69,2.59,19824.73,53389.814
603617.SH,20171009,26.36,26.84,26.36,26.6,26.05,0.55,2.11,13619.88,36181.285
603617.SH,20170929,25.94,26.14,25.83,26.05,25.92,0.13,0.5,10821.89,28153.917
603617.SH,20170928,26.09,26.38,25.9,25.92,26.03,-0.11,-0.42,13934.8,36396.848
603617.SH,20170927,25.8,26.17,25.8,26.03,25.82,0.21,0.81,13048.68,33930.86
603617.SH,20170926,27.06,27.28,25.51,25.82,27.13,-1.31,-4.83,36181.89,94756.482
603617.SH,20170925,27.39,27.95,27.1,27.13,27.29,-0.16,-0.59,26489.51,73307.885
603617.SH,20170922,26.86,27.35,26.61,27.29,26.86,0.43,1.6,20940.99,56639.428
603617.SH,20170921,27.16,27.59,26.83,26.86,27.37,-0.51,-1.86,22737.32,61896.05
603617.SH,20170920,27.06,27.43,26.6,27.37,27.07,0.3,1.11,26135.06,70453.399
603617.SH,20170919,26.94,27.17,26.81,27.07,26.94,0.13,0.48,17591.84,47504.886
603617.SH,20170918,27.38,27.4,26.62,26.94,27.82,-0.88,-3.16,27556.78,74186.84
603617.SH,20170915,28.01,28.6,27.77,27.82,28.32,-0.5,-1.77,39325.78,110647.482
603617.SH,20170914,27.59,28.39,27.49,28.32,27.61,0.71,2.57,43468.11,121340.422
603617.SH,20170913,27.1,27.72,27.0,27.61,27.29,0.32,1.17,19073.44,52209.403
603617.SH,20170912,27.99,27.99,27.02,27.29,28.07,-0.78,-2.78,34513.39,94614.039
603617.SH,20170911,27.26,28.1,27.05,28.07,27.11,0.96,3.54,36668.14,101570.13
603617.SH,20170908,27.38,27.85,26.58,27.11,27.48,-0.37,-1.35,39546.26,107638.863
603617.SH,20170907,27.33,28.15,27.28,27.48,27.64,-0.16,-0.58,39927.24,111080.759
603617.SH,20170906,27.74,27.79,26.81,27.64,28.14,-0.5,-1.78,48836.38,132860.879
603617.SH,20170905,28.21,28.51,27.8,28.14,27.98,0.16,0.57,46035.4,130063.242
603617.SH,20170904,29.61,29.78,27.52,27.98,29.84,-1.86,-6.23,79671.86,225257.683
603617.SH,20170901,30.59,31.67,29.6,29.84,32.04,-2.2,-6.87,110786.78,338285.209
603617.SH,20170831,30.4,32.8,29.45,32.04,30.27,1.77,5.85,157091.24,483992.534
603617.SH,20170830,27.0,30.27,26.81,30.27,27.52,2.75,9.99,154043.74,456372.449
603617.SH,20170829,26.97,29.82,26.69,27.52,27.11,0.41,1.51,112465.26,317379.84
603617.SH,20170828,25.15,27.38,25.15,27.11,25.03,2.08,8.31,72262.55,189059.295
603617.SH,20170825,23.9,25.18,23.71,25.03,23.99,1.04,4.34,49324.43,121553.851
603617.SH,20170824,24.69,25.26,23.95,23.99,24.84,-0.85,-3.42,50845.31,125417.356
603617.SH,20170823,24.17,25.2,23.84,24.84,24.23,0.61,2.52,46340.93,114228.916
603617.SH,20170822,24.14,24.37,23.83,24.23,24.21,0.02,0.08,31926.93,76821.165
603617.SH,20170821,23.36,24.47,23.25,24.21,23.22,0.99,4.26,34078.24,81962.919
603617.SH,20170818,23.27,23.51,23.0,23.22,23.33,-0.11,-0.47,14932.24,34809.958
603617.SH,20170817,23.45,23.55,23.2,23.33,23.55,-0.22,-0.93,24668.91,57583.652
603617.SH,20170816,23.0,23.85,22.91,23.55,23.08,0.47,2.04,35299.98,82896.184
603617.SH,20170815,22.75,23.34,22.6,23.08,22.49,0.59,2.62,27459.65,63054.537
603617.SH,20170814,22.14,22.58,22.1,22.49,22.14,0.35,1.58,15392.13,34476.082
603617.SH,20170811,21.88,22.27,21.5,22.14,22.04,0.1,0.45,22562.0,49575.506
603617.SH,20170810,22.72,22.89,21.85,22.04,22.7,-0.66,-2.91,29810.89,66535.462
603617.SH,20170809,23.01,23.07,22.67,22.7,23.02,-0.32,-1.39,21447.09,48987.922
603617.SH,20170808,23.45,23.53,22.89,23.02,23.44,-0.42,-1.79,26272.9,60708.948
603617.SH,20170807,23.52,23.83,23.37,23.44,23.37,0.07,0.3,19307.74,45485.597
603617.SH,20170804,24.01,24.14,23.23,23.37,24.07,-0.7,-2.91,32842.47,77822.626
603617.SH,20170803,23.88,24.58,23.78,24.07,24.12,-0.05,-0.21,35025.32,84654.523
603617.SH,20170802,25.02,25.12,24.1,24.12,25.17,-1.05,-4.17,38438.84,94587.741
603617.SH,20170801,24.73,25.28,24.22,25.17,24.7,0.47,1.9,50681.78,125800.206
603617.SH,20170731,24.82,25.2,24.47,24.7,24.96,-0.26,-1.04,40547.16,100686.346
603617.SH,20170728,25.4,25.88,24.91,24.96,25.79,-0.83,-3.22,55612.01,140858.375
603617.SH,20170727,24.01,25.88,23.68,25.79,24.01,1.78,7.41,81590.08,203004.34
603617.SH,20170726,24.0,24.74,23.51,24.01,24.18,-0.17,-0.7,39465.7,95178.721
603617.SH,20170725,24.64,24.7,24.0,24.18,24.64,-0.46,-1.87,43456.35,105628.23
603617.SH,20170724,23.55,25.18,23.3,24.64,24.06,0.58,2.41,62276.03,151040.188
603617.SH,20170721,23.4,24.47,22.87,24.06,23.77,0.29,1.22,67152.9,158474.297
603617.SH,20170720,24.39,25.32,23.71,23.77,24.45,-0.68,-2.78,67381.58,165427.673
603617.SH,20170719,24.05,24.88,23.73,24.45,24.59,-0.14,-0.57,61596.02,149451.468
603617.SH,20170718,24.56,25.5,23.57,24.59,25.7,-1.11,-4.32,81559.71,200477.755
603617.SH,20170717,26.46,27.58,25.7,25.7,28.56,-2.86,-10.01,93717.91,248154.402
603617.SH,20170714,26.9,29.84,25.9,28.56,27.58,0.98,3.55,166559.13,453453.811
603617.SH,20170713,27.58,27.58,27.58,27.58,25.07,2.51,10.01,4063.49,11207.105
603617.SH,20170712,25.07,25.07,25.07,25.07,22.79,2.28,10.0,989.16,2479.824
603617.SH,20170711,22.79,22.79,22.79,22.79,20.72,2.07,9.99,742.59,1692.363
603617.SH,20170710,20.72,20.72,20.72,20.72,18.84,1.88,9.98,595.28,1233.42
603617.SH,20170707,18.84,18.84,18.84,18.84,17.13,1.71,9.98,304.32,573.339
603617.SH,20170706,17.13,17.13,17.13,17.13,15.57,1.56,10.02,50.32,86.198
603617.SH,20170705,15.57,15.57,15.57,15.57,14.15,1.42,10.04,76.92,119.764
603617.SH,20170704,14.15,14.15,14.15,14.15,12.86,1.29,10.03,14.92,21.112
603617.SH,20170703,10.72,12.86,10.72,12.86,8.93,3.93,44.01,101.0,129.672
603617.SH,20170703,10.72,12.86,10.72,12.86,8.93,3.93,44.01,101.0,129.672
