ts_code,trade_date,open,high,low,close,pre_close,change,pct_chg,vol,amount
002357.SZ,20200110,6.33,6.35,6.23,6.29,6.31,-0.02,-0.317,21905.3,13748.061
002357.SZ,20200109,6.29,6.36,6.26,6.31,6.26,0.05,0.7987,29853.71,18808.268
002357.SZ,20200108,6.33,6.36,6.24,6.26,6.36,-0.1,-1.5723,30320.84,19118.311
002357.SZ,20200107,6.24,6.38,6.22,6.36,6.24,0.12,1.9231,38579.88,24287.097
002357.SZ,20200106,6.18,6.27,6.14,6.24,6.2,0.04,0.6452,33055.64,20531.709
002357.SZ,20200103,6.29,6.29,6.15,6.2,6.29,-0.09,-1.4308,48736.18,30192.199
002357.SZ,20200102,6.25,6.33,6.24,6.29,6.24,0.05,0.8013,31927.0,20077.578
002357.SZ,20191231,6.22,6.24,6.13,6.24,6.18,0.06,0.9709,25239.6,15635.763
002357.SZ,20191230,6.08,6.18,5.97,6.18,6.07,0.11,1.8122,25177.59,15364.76
002357.SZ,20191227,6.17,6.2,6.07,6.07,6.18,-0.11,-1.7799,23986.04,14719.828
002357.SZ,20191226,6.12,6.18,6.12,6.18,6.14,0.04,0.6515,16912.0,10395.77
002357.SZ,20191225,6.13,6.18,6.09,6.14,6.12,0.02,0.3268,19155.33,11728.481
002357.SZ,20191224,6.04,6.16,6.02,6.12,6.01,0.11,1.8303,16845.0,10278.534
002357.SZ,20191223,6.17,6.17,5.99,6.01,6.14,-0.13,-2.1173,16181.0,9840.655
002357.SZ,20191220,6.22,6.22,6.12,6.14,6.22,-0.08,-1.2862,18883.0,11679.722
002357.SZ,20191219,6.11,6.22,6.11,6.22,6.09,0.13,2.1346,26802.03,16574.078
002357.SZ,20191218,6.16,6.16,6.06,6.09,6.12,-0.03,-0.4902,19977.71,12183.668
002357.SZ,20191217,6.06,6.14,6.02,6.12,6.06,0.06,0.9901,26895.2,16368.999
002357.SZ,20191216,6.0,6.06,5.95,6.06,5.97,0.09,1.5075,16439.82,9910.439
002357.SZ,20191213,5.89,5.98,5.88,5.97,5.87,0.1,1.7036,18998.27,11277.495
002357.SZ,20191212,5.94,5.98,5.86,5.87,5.96,-0.09,-1.5101,20274.94,11932.912
002357.SZ,20191211,5.94,6.02,5.92,5.96,5.97,-0.01,-0.1675,13338.47,7949.133
002357.SZ,20191210,6.03,6.03,5.86,5.97,6.02,-0.05,-0.8306,29774.93,17668.151
002357.SZ,20191209,6.06,6.06,5.99,6.02,6.03,-0.01,-0.1658,12889.5,7756.249
002357.SZ,20191206,6.01,6.07,5.99,6.03,6.01,0.02,0.3328,15946.48,9610.408
002357.SZ,20191205,6.03,6.08,5.99,6.01,6.03,-0.02,-0.3317,19695.0,11882.397
002357.SZ,20191204,5.99,6.1,5.98,6.03,6.03,0.0,0.0,21886.34,13216.383
002357.SZ,20191203,5.89,6.05,5.83,6.03,5.91,0.12,2.0305,28954.15,17250.626
002357.SZ,20191202,5.79,5.97,5.79,5.91,5.8,0.11,1.8966,37839.27,22310.578
002357.SZ,20191129,5.75,5.8,5.71,5.8,5.72,0.08,1.3986,14827.2,8533.543
002357.SZ,20191128,5.75,5.83,5.71,5.72,5.8,-0.08,-1.3793,12121.0,6991.08
002357.SZ,20191127,5.86,5.86,5.77,5.8,5.87,-0.07,-1.1925,15282.0,8859.227
002357.SZ,20191126,5.79,5.87,5.76,5.87,5.79,0.08,1.3817,17217.0,10022.881
002357.SZ,20191125,5.73,5.8,5.73,5.79,5.75,0.04,0.6957,13400.61,7721.956
002357.SZ,20191122,5.77,5.88,5.72,5.75,5.77,-0.02,-0.3466,26028.21,15099.954
002357.SZ,20191121,5.65,5.77,5.62,5.77,5.67,0.1,1.7637,15927.97,9079.046
002357.SZ,20191120,5.77,5.78,5.66,5.67,5.77,-0.1,-1.7331,13232.61,7575.709
002357.SZ,20191119,5.69,5.77,5.67,5.77,5.67,0.1,1.7637,13246.63,7600.037
002357.SZ,20191118,5.64,5.69,5.62,5.67,5.64,0.03,0.5319,9408.9,5328.209
002357.SZ,20191115,5.78,5.78,5.62,5.64,5.76,-0.12,-2.0833,13567.0,7714.892
002357.SZ,20191114,5.74,5.8,5.72,5.76,5.72,0.04,0.6993,14370.8,8276.949
002357.SZ,20191113,5.83,5.85,5.69,5.72,5.83,-0.11,-1.8868,16071.0,9251.405
002357.SZ,20191112,5.83,5.85,5.77,5.83,5.84,-0.01,-0.1712,14924.04,8670.448
002357.SZ,20191111,5.96,5.96,5.82,5.84,6.01,-0.17,-2.8286,20360.14,11990.665
002357.SZ,20191108,6.07,6.09,6.0,6.01,6.04,-0.03,-0.4967,19459.0,11755.639
002357.SZ,20191107,6.03,6.08,5.98,6.04,6.02,0.02,0.3322,16080.35,9711.556
002357.SZ,20191106,6.14,6.15,5.99,6.02,6.1,-0.08,-1.3115,21889.0,13289.527
002357.SZ,20191105,6.2,6.24,6.07,6.1,6.21,-0.11,-1.7713,33162.0,20340.069
002357.SZ,20191104,6.32,6.32,6.21,6.21,6.28,-0.07,-1.1146,14008.0,8773.212
002357.SZ,20191101,6.21,6.31,6.18,6.28,6.26,0.02,0.3195,20767.34,13009.491
002357.SZ,20191031,6.17,6.28,6.13,6.26,6.19,0.07,1.1309,27621.0,17147.211
002357.SZ,20191030,6.27,6.29,6.17,6.19,6.3,-0.11,-1.746,21568.0,13421.021
002357.SZ,20191029,6.44,6.46,6.3,6.3,6.47,-0.17,-2.6275,29402.6,18684.276
002357.SZ,20191028,6.4,6.48,6.33,6.47,6.43,0.04,0.6221,38971.42,25040.386
002357.SZ,20191025,6.49,6.49,6.38,6.43,6.45,-0.02,-0.3101,44074.89,28379.066
002357.SZ,20191024,6.38,6.49,6.35,6.45,6.38,0.07,1.0972,33177.19,21301.489
002357.SZ,20191023,6.32,6.43,6.31,6.38,6.36,0.02,0.3145,30798.64,19642.768
002357.SZ,20191022,6.15,6.38,6.12,6.36,6.15,0.21,3.4146,35520.88,22231.177
002357.SZ,20191021,6.31,6.37,6.05,6.15,6.35,-0.2,-3.1496,40148.6,24738.707
002357.SZ,20191018,6.25,6.55,6.22,6.35,6.26,0.09,1.4377,55319.8,35356.558
002357.SZ,20191017,6.36,6.66,6.25,6.26,6.3,-0.04,-0.6349,59502.8,38307.25
002357.SZ,20191016,6.39,6.43,6.28,6.3,6.38,-0.08,-1.2539,32288.2,20550.061
002357.SZ,20191015,6.3,6.42,6.3,6.38,6.35,0.03,0.4724,35137.8,22436.707
002357.SZ,20191014,6.35,6.45,6.3,6.35,6.31,0.04,0.6339,31749.43,20154.823
002357.SZ,20191011,6.25,6.35,6.21,6.31,6.23,0.08,1.2841,38948.61,24455.778
002357.SZ,20191010,6.15,6.28,6.11,6.23,6.1,0.13,2.1311,32812.85,20415.902
002357.SZ,20191009,6.03,6.1,5.96,6.1,6.06,0.04,0.6601,17137.4,10351.891
002357.SZ,20191008,5.94,6.18,5.94,6.06,5.94,0.12,2.0202,20769.2,12576.371
002357.SZ,20190930,6.05,6.07,5.94,5.94,6.04,-0.1,-1.6556,14407.8,8638.493
002357.SZ,20190927,6.07,6.12,6.02,6.04,6.05,-0.01,-0.1653,19055.41,11556.639
002357.SZ,20190926,6.19,6.25,6.04,6.05,6.19,-0.14,-2.2617,25231.0,15526.457
002357.SZ,20190925,6.35,6.35,6.18,6.19,6.35,-0.16,-2.5197,24085.8,15049.018
002357.SZ,20190924,6.34,6.42,6.33,6.35,6.37,-0.02,-0.314,29697.0,18932.0
002357.SZ,20190923,6.29,6.44,6.29,6.37,6.36,0.01,0.1572,33705.99,21478.291
002357.SZ,20190920,6.36,6.47,6.36,6.36,6.31,0.05,0.7924,57802.97,37095.528
002357.SZ,20190919,6.25,6.32,6.24,6.31,6.26,0.05,0.7987,18183.59,11430.919
002357.SZ,20190918,6.24,6.29,6.23,6.26,6.22,0.04,0.6431,19884.29,12459.105
002357.SZ,20190917,6.35,6.39,6.21,6.22,6.36,-0.14,-2.2013,37229.0,23366.454
002357.SZ,20190916,6.38,6.42,6.34,6.36,6.38,-0.02,-0.3135,30826.46,19616.118
002357.SZ,20190912,6.44,6.47,6.3,6.38,6.39,-0.01,-0.1565,47184.79,29977.56
002357.SZ,20190911,6.36,6.44,6.33,6.39,6.33,0.06,0.9479,52513.22,33524.757
002357.SZ,20190910,6.32,6.38,6.26,6.33,6.32,0.01,0.1582,42286.27,26740.281
002357.SZ,20190909,6.29,6.33,6.24,6.32,6.25,0.07,1.12,50307.4,31616.918
002357.SZ,20190906,6.3,6.35,6.2,6.25,6.29,-0.04,-0.6359,65992.57,41231.036
002357.SZ,20190905,6.38,6.42,6.28,6.29,6.38,-0.09,-1.4107,105536.18,66996.092
002357.SZ,20190904,6.05,6.43,6.05,6.38,6.55,-0.17,-2.5954,152737.66,96043.681
002357.SZ,20190903,7.06,7.14,6.45,6.55,6.49,0.06,0.9245,250159.47,172329.533
002357.SZ,20190902,5.88,6.49,5.85,6.49,5.9,0.59,10.0,77204.17,49448.204
002357.SZ,20190830,5.98,6.02,5.81,5.9,5.94,-0.04,-0.6734,30252.0,17937.652
002357.SZ,20190829,6.03,6.06,5.93,5.94,6.05,-0.11,-1.8182,30088.0,18024.301
002357.SZ,20190828,6.06,6.14,6.01,6.05,6.03,0.02,0.3317,29486.38,17882.465
002357.SZ,20190827,5.99,6.05,5.96,6.03,5.96,0.07,1.1745,30423.4,18332.049
002357.SZ,20190826,5.89,5.99,5.86,5.96,5.99,-0.03,-0.5008,15999.67,9492.339
002357.SZ,20190823,5.98,6.02,5.94,5.99,5.98,0.01,0.1672,13821.99,8259.549
002357.SZ,20190822,5.96,6.01,5.94,5.98,5.96,0.02,0.3356,14306.59,8543.532
002357.SZ,20190821,6.02,6.02,5.94,5.96,6.02,-0.06,-0.9967,26499.0,15826.466
002357.SZ,20190820,5.95,6.04,5.94,6.02,5.95,0.07,1.1765,40728.0,24453.857
002357.SZ,20190819,5.85,5.97,5.8,5.95,5.82,0.13,2.2337,29641.03,17520.556
002357.SZ,20190816,5.79,5.86,5.75,5.82,5.81,0.01,0.1721,21810.0,12668.077
002357.SZ,20190815,5.71,5.82,5.6,5.81,5.77,0.04,0.6932,21248.0,12111.085
002357.SZ,20190814,5.85,5.9,5.72,5.77,5.77,0.0,0.0,19413.2,11277.573
002357.SZ,20190813,5.73,5.82,5.69,5.77,5.73,0.04,0.6981,22435.4,12958.797
002357.SZ,20190812,5.64,5.75,5.62,5.73,5.64,0.09,1.5957,24072.38,13718.463
002357.SZ,20190809,5.82,5.84,5.6,5.64,5.83,-0.19,-3.259,27918.79,15954.227
002357.SZ,20190808,5.84,5.86,5.8,5.83,5.82,0.01,0.1718,17755.38,10345.566
002357.SZ,20190807,5.94,5.94,5.78,5.82,5.9,-0.08,-1.3559,14605.4,8552.696
002357.SZ,20190806,6.0,6.0,5.76,5.9,6.11,-0.21,-3.437,27209.36,16007.782
002357.SZ,20190805,6.13,6.22,6.1,6.11,6.16,-0.05,-0.8117,16650.02,10262.882
002357.SZ,20190802,6.23,6.26,6.11,6.16,6.34,-0.18,-2.8391,23883.82,14775.865
002357.SZ,20190801,6.33,6.36,6.3,6.34,6.35,-0.01,-0.1575,10550.0,6681.09
002357.SZ,20190731,6.37,6.38,6.32,6.35,6.38,-0.03,-0.4702,11961.0,7591.661
002357.SZ,20190730,6.35,6.45,6.34,6.38,6.36,0.02,0.3145,22581.01,14432.372
002357.SZ,20190729,6.38,6.4,6.33,6.36,6.42,-0.06,-0.9346,10060.0,6397.395
002357.SZ,20190726,6.4,6.44,6.32,6.42,6.39,0.03,0.4695,17635.4,11223.436
002357.SZ,20190725,6.33,6.44,6.32,6.39,6.37,0.02,0.314,16640.4,10612.004
002357.SZ,20190724,6.31,6.42,6.31,6.37,6.32,0.05,0.7911,18195.2,11595.808
002357.SZ,20190723,6.32,6.33,6.28,6.32,6.3,0.02,0.3175,9808.2,6181.456
002357.SZ,20190722,6.43,6.46,6.23,6.3,6.43,-0.13,-2.0218,19451.4,12244.135
002357.SZ,20190719,6.39,6.47,6.36,6.43,6.35,0.08,1.2598,16255.6,10439.98
002357.SZ,20190718,6.55,6.55,6.31,6.35,6.5,-0.15,-2.3077,20864.0,13358.371
002357.SZ,20190717,6.52,6.55,6.47,6.5,6.52,-0.02,-0.3067,18507.6,12065.427
002357.SZ,20190716,6.55,6.56,6.5,6.52,6.54,-0.02,-0.3058,14397.6,9387.424
002357.SZ,20190715,6.5,6.55,6.41,6.54,6.48,0.06,0.9259,20911.4,13595.384
002357.SZ,20190712,6.47,6.5,6.42,6.48,6.46,0.02,0.3096,14708.55,9508.972
002357.SZ,20190711,6.53,6.59,6.44,6.46,6.52,-0.06,-0.9202,16997.6,11064.429
002357.SZ,20190710,6.5,6.59,6.48,6.52,6.52,0.0,0.0,17702.21,11571.988
002357.SZ,20190709,6.55,6.56,6.44,6.52,6.5,0.02,0.3077,23876.6,15532.181
002357.SZ,20190708,6.93,6.94,6.56,6.6,6.92,-0.32,-4.6243,40101.4,26795.153
002357.SZ,20190705,6.94,6.98,6.89,6.92,6.95,-0.03,-0.4317,22902.04,15853.285
002357.SZ,20190704,6.96,7.02,6.91,6.95,6.93,0.02,0.2886,20397.56,14165.433
002357.SZ,20190703,7.07,7.08,6.91,6.93,7.09,-0.16,-2.2567,50006.95,34830.378
002357.SZ,20190702,7.01,7.18,6.96,7.09,7.0,0.09,1.2857,83324.55,59009.763
002357.SZ,20190701,6.96,7.05,6.96,7.0,6.88,0.12,1.7442,46398.4,32463.276
002357.SZ,20190628,6.95,6.98,6.78,6.88,6.94,-0.06,-0.8646,29295.43,20121.836
002357.SZ,20190627,6.93,7.04,6.92,6.94,6.91,0.03,0.4342,27607.87,19223.568
002357.SZ,20190626,6.98,7.0,6.88,6.91,6.99,-0.08,-1.1445,23216.0,16099.056
002357.SZ,20190625,7.06,7.06,6.9,6.99,7.05,-0.06,-0.8511,31647.62,22040.843
002357.SZ,20190624,7.01,7.18,6.96,7.05,7.02,0.03,0.4274,55686.8,39311.08
002357.SZ,20190621,7.04,7.08,6.95,7.02,6.96,0.06,0.8621,43769.07,30648.681
002357.SZ,20190620,6.87,7.02,6.81,6.96,6.86,0.1,1.4577,41186.59,28569.391
002357.SZ,20190619,6.84,6.95,6.8,6.86,6.77,0.09,1.3294,36798.0,25317.929
002357.SZ,20190618,6.83,6.83,6.73,6.77,6.8,-0.03,-0.4412,18965.2,12863.807
002357.SZ,20190617,6.9,6.91,6.76,6.8,6.95,-0.15,-2.1583,43739.01,29909.381
002357.SZ,20190614,6.86,7.09,6.72,6.95,6.83,0.12,1.757,51495.01,35276.061
002357.SZ,20190613,6.79,6.86,6.75,6.83,6.78,0.05,0.7375,26706.0,18179.295
002357.SZ,20190612,6.81,6.84,6.75,6.78,6.8,-0.02,-0.2941,25126.0,17047.516
002357.SZ,20190611,6.61,6.85,6.6,6.8,6.59,0.21,3.1866,41212.4,27801.058
002357.SZ,20190610,6.51,6.69,6.48,6.59,6.49,0.1,1.5408,26577.01,17449.822
002357.SZ,20190606,6.76,6.76,6.49,6.49,6.74,-0.25,-3.7092,35620.4,23490.099
002357.SZ,20190605,6.8,6.84,6.69,6.74,6.74,0.0,0.0,24957.2,16835.401
002357.SZ,20190604,6.71,6.8,6.59,6.74,6.73,0.01,0.1486,28283.07,18865.177
002357.SZ,20190603,6.79,6.86,6.61,6.73,6.77,-0.04,-0.5908,32664.47,21921.23
002357.SZ,20190531,6.82,6.88,6.74,6.77,6.79,-0.02,-0.2946,31772.2,21634.813
002357.SZ,20190530,6.76,6.84,6.63,6.79,6.73,0.06,0.8915,36234.72,24462.454
002357.SZ,20190529,6.77,6.86,6.72,6.73,6.77,-0.04,-0.5908,28582.6,19395.626
002357.SZ,20190528,6.85,6.95,6.73,6.77,6.79,-0.02,-0.2946,36485.4,24853.361
002357.SZ,20190527,6.59,6.93,6.51,6.79,6.54,0.25,3.8226,42055.4,28273.483
002357.SZ,20190524,6.7,6.75,6.5,6.54,6.67,-0.13,-1.949,38283.0,25230.107
002357.SZ,20190523,6.63,6.85,6.62,6.67,6.9,-0.23,-3.3333,49120.85,32932.925
002357.SZ,20190522,7.06,7.08,6.84,6.9,7.07,-0.17,-2.4045,52382.19,36338.081
002357.SZ,20190521,6.94,7.1,6.91,7.07,6.97,0.1,1.4347,58548.3,41147.583
002357.SZ,20190520,6.9,6.99,6.48,6.97,6.81,0.16,2.3495,66775.74,45354.67
002357.SZ,20190517,7.24,7.28,6.76,6.81,7.29,-0.48,-6.5844,95244.81,66769.564
002357.SZ,20190516,7.22,7.3,7.06,7.29,7.24,0.05,0.6906,110254.82,78981.13
002357.SZ,20190515,7.05,7.47,7.05,7.24,7.03,0.21,2.9872,170911.0,124640.624
002357.SZ,20190514,6.9,7.03,6.85,7.03,7.07,-0.04,-0.5658,82655.01,57466.46
002357.SZ,20190513,7.05,7.17,6.91,7.07,7.27,-0.2,-2.751,146751.0,103321.354
002357.SZ,20190510,6.6,7.27,6.6,7.27,6.61,0.66,9.9849,161801.77,112570.571
002357.SZ,20190509,6.47,6.8,6.45,6.61,6.45,0.16,2.4806,68594.0,45567.456
002357.SZ,20190508,6.32,6.59,6.28,6.45,6.45,0.0,0.0,45264.0,29297.521
002357.SZ,20190507,6.34,6.55,6.32,6.45,6.26,0.19,3.0351,46965.87,30147.394
002357.SZ,20190506,6.5,6.64,6.23,6.26,6.88,-0.62,-9.0116,83573.27,53797.25
002357.SZ,20190430,6.6,6.88,6.6,6.88,6.52,0.36,5.5215,63989.2,43453.062
002357.SZ,20190429,6.79,6.82,6.51,6.52,6.77,-0.25,-3.6928,57504.8,38156.795
002357.SZ,20190426,6.7,6.86,6.66,6.77,6.64,0.13,1.9578,51553.47,35004.961
002357.SZ,20190425,7.0,7.02,6.61,6.64,7.05,-0.41,-5.8156,65514.84,44981.098
002357.SZ,20190424,7.05,7.09,6.88,7.05,7.09,-0.04,-0.5642,64466.46,45125.932
002357.SZ,20190423,7.07,7.14,7.0,7.09,7.05,0.04,0.5674,64913.0,45928.962
002357.SZ,20190422,7.24,7.27,7.0,7.05,7.22,-0.17,-2.3546,87123.2,62032.194
002357.SZ,20190419,7.13,7.25,7.08,7.22,7.16,0.06,0.838,86344.92,61968.509
002357.SZ,20190418,7.25,7.33,7.15,7.16,7.36,-0.2,-2.7174,120728.4,87362.368
002357.SZ,20190417,7.29,7.5,7.22,7.36,7.4,-0.04,-0.5405,173968.76,127642.083
002357.SZ,20190416,7.34,7.49,7.07,7.4,7.69,-0.29,-3.7711,245364.41,178619.068
002357.SZ,20190415,8.7,8.75,7.63,7.69,8.48,-0.79,-9.316,445182.58,362835.165
002357.SZ,20190412,7.56,8.48,7.21,8.48,7.71,0.77,9.987,415440.26,332810.942
002357.SZ,20190411,7.01,7.71,6.98,7.71,7.01,0.7,9.9857,84332.02,63439.574
002357.SZ,20190410,7.06,7.2,6.95,7.01,7.04,-0.03,-0.4261,102992.8,72717.213
002357.SZ,20190409,6.88,7.05,6.77,7.04,6.82,0.22,3.2258,91624.03,63787.241
002357.SZ,20190408,6.93,6.97,6.71,6.82,6.93,-0.11,-1.5873,76799.07,52533.058
002357.SZ,20190404,7.07,7.09,6.87,6.93,7.07,-0.14,-1.9802,82392.07,57395.938
002357.SZ,20190403,6.81,7.08,6.73,7.07,6.8,0.27,3.9706,133791.87,92950.204
002357.SZ,20190402,6.83,6.87,6.75,6.8,6.77,0.03,0.4431,68340.8,46538.428
002357.SZ,20190401,6.58,6.78,6.57,6.77,6.6,0.17,2.5758,68554.54,46113.635
002357.SZ,20190329,6.45,6.6,6.36,6.6,6.43,0.17,2.6439,51466.86,33378.382
002357.SZ,20190328,6.43,6.56,6.35,6.43,6.48,-0.05,-0.7716,39941.3,25820.009
002357.SZ,20190327,6.48,6.5,6.37,6.48,6.4,0.08,1.25,52067.61,33608.821
002357.SZ,20190326,6.68,6.73,6.35,6.4,6.63,-0.23,-3.4691,66182.2,43347.209
002357.SZ,20190325,6.61,6.78,6.61,6.63,6.79,-0.16,-2.3564,60393.6,40453.787
002357.SZ,20190322,6.75,6.81,6.63,6.79,6.76,0.03,0.4438,47981.8,32278.349
002357.SZ,20190321,6.75,6.88,6.68,6.76,6.75,0.01,0.1481,72515.83,49156.079
002357.SZ,20190320,6.85,6.87,6.66,6.75,6.9,-0.15,-2.1739,80601.68,54471.61
002357.SZ,20190319,6.78,7.2,6.7,6.9,6.84,0.06,0.8772,147099.83,101341.686
002357.SZ,20190318,6.85,6.87,6.54,6.84,6.83,0.01,0.1464,143475.11,96478.63
002357.SZ,20190315,6.69,7.04,6.63,6.83,6.69,0.14,2.0927,169531.06,116071.752
002357.SZ,20190314,6.51,6.9,6.3,6.69,6.56,0.13,1.9817,170639.4,113423.737
002357.SZ,20190313,6.6,6.81,6.51,6.56,6.58,-0.02,-0.304,106145.95,70482.885
002357.SZ,20190312,6.49,6.7,6.47,6.58,6.45,0.13,2.0155,117871.53,77621.187
002357.SZ,20190311,6.25,6.46,6.25,6.45,6.22,0.23,3.6977,72224.6,46010.124
002357.SZ,20190308,6.58,6.58,6.17,6.22,6.67,-0.45,-6.7466,107188.01,68822.658
002357.SZ,20190307,6.63,6.74,6.55,6.67,6.63,0.04,0.6033,110715.0,73593.463
002357.SZ,20190306,6.49,6.64,6.39,6.63,6.49,0.14,2.1572,124387.9,81134.697
002357.SZ,20190305,6.44,6.52,6.32,6.49,6.55,-0.06,-0.916,114789.45,73604.671
002357.SZ,20190304,6.19,6.58,6.15,6.55,6.18,0.37,5.9871,129128.91,81996.216
002357.SZ,20190301,6.22,6.24,6.1,6.18,6.21,-0.03,-0.4831,31456.6,19374.941
002357.SZ,20190228,6.16,6.23,6.15,6.21,6.18,0.03,0.4854,39675.53,24535.623
002357.SZ,20190227,6.11,6.3,6.11,6.18,6.22,-0.04,-0.6431,71681.93,44472.871
002357.SZ,20190226,6.31,6.42,6.16,6.22,6.44,-0.22,-3.4161,118029.91,74192.593
002357.SZ,20190225,6.45,6.5,6.2,6.44,6.08,0.36,5.9211,143232.1,90913.565
002357.SZ,20190222,5.83,6.1,5.81,6.08,5.83,0.25,4.2882,65427.49,39031.284
002357.SZ,20190221,5.9,5.96,5.81,5.83,5.88,-0.05,-0.8503,37180.18,21960.004
002357.SZ,20190220,5.9,5.91,5.79,5.88,5.9,-0.02,-0.339,25542.31,14946.953
002357.SZ,20190219,5.97,5.97,5.8,5.9,5.92,-0.02,-0.3378,36852.2,21628.236
002357.SZ,20190218,5.74,5.92,5.73,5.92,5.71,0.21,3.6778,37007.81,21635.699
002357.SZ,20190215,5.73,5.78,5.69,5.71,5.74,-0.03,-0.5226,20996.0,12046.567
002357.SZ,20190214,5.66,5.74,5.64,5.74,5.69,0.05,0.8787,26298.26,14951.994
002357.SZ,20190213,5.61,5.72,5.56,5.69,5.6,0.09,1.6071,22256.4,12604.992
002357.SZ,20190212,5.57,5.66,5.54,5.6,5.57,0.03,0.5386,15498.97,8661.451
002357.SZ,20190211,5.45,5.59,5.4,5.57,5.37,0.2,3.7244,15934.85,8791.416
002357.SZ,20190201,5.19,5.4,5.18,5.37,5.18,0.19,3.668,13601.38,7229.118
002357.SZ,20190131,5.42,5.42,5.15,5.18,5.37,-0.19,-3.5382,19940.97,10479.85
002357.SZ,20190130,5.44,5.45,5.33,5.37,5.37,0.0,0.0,9806.08,5288.94
002357.SZ,20190129,5.61,5.61,5.26,5.37,5.61,-0.24,-4.2781,22423.0,12138.405
002357.SZ,20190128,5.75,5.78,5.56,5.61,5.73,-0.12,-2.0942,18746.0,10594.334
002357.SZ,20190125,5.82,5.86,5.72,5.73,5.82,-0.09,-1.5464,18121.78,10456.855
002357.SZ,20190124,5.81,5.85,5.75,5.82,5.82,0.0,0.0,15278.03,8864.785
002357.SZ,20190123,5.8,5.83,5.75,5.82,5.82,0.0,0.0,18410.37,10665.447
002357.SZ,20190122,5.92,6.0,5.78,5.82,5.92,-0.1,-1.6892,21900.2,12809.25
002357.SZ,20190121,5.88,5.98,5.87,5.92,5.88,0.04,0.6803,21498.83,12751.268
002357.SZ,20190118,5.85,5.92,5.81,5.88,5.87,0.01,0.1704,15065.6,8837.659
002357.SZ,20190117,6.01,6.01,5.85,5.87,6.04,-0.17,-2.8146,25881.8,15328.307
002357.SZ,20190116,5.91,6.07,5.88,6.04,5.91,0.13,2.1997,39802.0,23813.144
002357.SZ,20190115,5.85,5.92,5.81,5.91,5.85,0.06,1.0256,26553.0,15559.661
002357.SZ,20190114,5.92,5.98,5.84,5.85,5.93,-0.08,-1.3491,20801.0,12257.211
002357.SZ,20190111,5.91,5.95,5.86,5.93,5.94,-0.01,-0.1684,28820.88,17012.365
002357.SZ,20190110,5.91,6.06,5.86,5.94,6.02,-0.08,-1.3289,45361.0,26999.475
002357.SZ,20190109,5.97,6.36,5.95,6.02,5.89,0.13,2.2071,74435.21,45547.459
002357.SZ,20190108,5.8,5.92,5.73,5.89,5.81,0.08,1.3769,34598.84,20087.094
002357.SZ,20190107,5.72,5.85,5.7,5.81,5.7,0.11,1.9298,27822.37,16084.042
002357.SZ,20190104,5.48,5.75,5.45,5.7,5.56,0.14,2.518,23818.0,13448.419
002357.SZ,20190103,5.6,5.68,5.53,5.56,5.6,-0.04,-0.7143,15356.0,8596.783
002357.SZ,20190102,5.51,5.62,5.43,5.6,5.49,0.11,2.0036,18115.61,10001.096
002357.SZ,20181228,5.58,5.61,5.46,5.49,5.57,-0.08,-1.4363,16545.0,9174.132
002357.SZ,20181227,5.71,5.76,5.53,5.57,5.63,-0.06,-1.0657,19464.4,10999.485
002357.SZ,20181226,5.66,5.71,5.61,5.63,5.65,-0.02,-0.354,17224.0,9751.848
002357.SZ,20181225,5.7,5.72,5.48,5.65,5.82,-0.17,-2.921,29162.04,16280.072
002357.SZ,20181224,5.77,5.83,5.73,5.82,5.79,0.03,0.5181,15987.0,9252.835
002357.SZ,20181221,5.82,5.84,5.69,5.79,5.84,-0.05,-0.8562,19365.0,11175.873
002357.SZ,20181220,5.72,5.85,5.72,5.84,5.75,0.09,1.5652,20547.58,11926.774
002357.SZ,20181219,5.78,5.89,5.75,5.75,5.78,-0.03,-0.519,18316.8,10638.76
002357.SZ,20181218,5.84,5.89,5.73,5.78,5.85,-0.07,-1.1966,21286.02,12355.336
002357.SZ,20181217,5.82,5.87,5.7,5.85,5.86,-0.01,-0.1706,21129.2,12235.982
002357.SZ,20181214,6.06,6.06,5.85,5.86,6.1,-0.24,-3.9344,34072.4,20274.239
002357.SZ,20181213,5.98,6.17,5.87,6.1,5.98,0.12,2.0067,44943.25,27197.592
002357.SZ,20181212,6.0,6.01,5.92,5.98,5.96,0.02,0.3356,19318.0,11523.567
002357.SZ,20181211,5.91,5.99,5.86,5.96,5.91,0.05,0.846,26503.33,15733.647
002357.SZ,20181210,5.95,6.02,5.9,5.91,5.98,-0.07,-1.1706,20058.33,11900.896
002357.SZ,20181207,5.95,6.07,5.94,5.98,5.96,0.02,0.3356,17972.5,10807.749
002357.SZ,20181206,6.15,6.15,5.94,5.96,6.16,-0.2,-3.2468,39626.4,23921.416
002357.SZ,20181205,6.13,6.2,6.12,6.16,6.28,-0.12,-1.9108,31225.8,19215.538
002357.SZ,20181204,6.2,6.29,6.18,6.28,6.21,0.07,1.1272,35487.29,22126.52
002357.SZ,20181203,6.08,6.29,6.05,6.21,5.92,0.29,4.8986,51758.15,32003.275
002357.SZ,20181130,5.99,6.04,5.8,5.92,6.0,-0.08,-1.3333,39824.22,23592.177
002357.SZ,20181129,6.29,6.33,6.0,6.0,6.26,-0.26,-4.1534,40867.4,25216.683
002357.SZ,20181128,6.2,6.27,6.07,6.26,6.22,0.04,0.6431,35556.6,21930.193
002357.SZ,20181127,6.23,6.3,6.14,6.22,6.21,0.01,0.161,35060.61,21788.068
002357.SZ,20181126,6.22,6.36,6.13,6.21,6.21,0.0,0.0,38482.0,24061.847
002357.SZ,20181123,6.55,6.62,6.02,6.21,6.48,-0.27,-4.1667,64513.0,40768.492
002357.SZ,20181122,6.49,6.62,6.48,6.48,6.52,-0.04,-0.6135,54733.33,35770.844
002357.SZ,20181121,6.33,6.55,6.33,6.52,6.5,0.02,0.3077,69034.26,44553.424
002357.SZ,20181120,6.83,6.89,6.5,6.5,7.0,-0.5,-7.1429,142141.35,94266.856
002357.SZ,20181119,7.29,7.58,6.9,7.0,6.89,0.11,1.5965,231464.47,166888.06
002357.SZ,20181116,6.73,6.97,6.55,6.89,6.67,0.22,3.2984,140316.02,95339.683
002357.SZ,20181115,6.47,6.79,6.4,6.67,6.42,0.25,3.8941,126910.0,83821.949
002357.SZ,20181114,6.65,6.73,6.36,6.42,6.55,-0.13,-1.9847,96819.6,62513.064
002357.SZ,20181113,6.3,6.7,6.27,6.55,6.3,0.25,3.9683,139302.12,90296.112
002357.SZ,20181112,6.16,6.37,6.09,6.3,6.13,0.17,2.7732,88287.12,55141.399
002357.SZ,20181109,6.11,6.35,6.0,6.13,6.1,0.03,0.4918,77533.58,47654.18
002357.SZ,20181108,6.23,6.32,6.03,6.1,6.29,-0.19,-3.0207,110860.33,68563.392
002357.SZ,20181107,6.18,6.6,6.18,6.29,6.24,0.05,0.8013,166788.33,106655.728
002357.SZ,20181106,6.96,6.96,6.23,6.24,6.86,-0.62,-9.0379,224147.87,144774.065
002357.SZ,20181105,6.54,6.86,6.48,6.86,6.24,0.62,9.9359,82481.77,55661.93
002357.SZ,20181102,5.69,6.24,5.69,6.24,5.67,0.57,10.0529,61326.07,37211.151
002357.SZ,20181101,5.56,5.93,5.55,5.67,5.58,0.09,1.6129,55356.17,31602.964
002357.SZ,20181031,5.48,5.64,5.48,5.58,5.5,0.08,1.4545,49038.6,27276.91
002357.SZ,20181030,5.31,5.53,5.2,5.5,5.28,0.22,4.1667,54069.29,29196.189
002357.SZ,20181029,5.48,5.52,5.28,5.28,5.57,-0.29,-5.2065,49839.8,26623.191
002357.SZ,20181026,6.02,6.02,5.55,5.57,5.47,0.1,1.8282,83658.03,48727.022
002357.SZ,20181025,5.34,5.5,5.25,5.47,5.57,-0.1,-1.7953,41220.35,22205.714
002357.SZ,20181024,5.44,5.61,5.44,5.57,5.44,0.13,2.3897,49249.27,27235.343
002357.SZ,20181023,5.4,5.62,5.33,5.44,5.42,0.02,0.369,59138.87,32420.754
002357.SZ,20181022,5.31,5.52,5.2,5.42,5.12,0.3,5.8594,47591.72,25612.25
002357.SZ,20181019,4.86,5.16,4.85,5.12,5.05,0.07,1.3861,35729.92,18026.535
002357.SZ,20181018,5.37,5.38,5.01,5.05,5.42,-0.37,-6.8266,30913.09,16129.014
002357.SZ,20181017,5.5,5.55,5.31,5.42,5.44,-0.02,-0.3676,31052.05,16802.906
002357.SZ,20181016,5.53,5.61,5.42,5.44,5.53,-0.09,-1.6275,21991.0,12103.697
002357.SZ,20181015,5.8,5.87,5.48,5.53,5.84,-0.31,-5.3082,43038.0,24518.109
002357.SZ,20181012,5.8,5.9,5.41,5.84,5.86,-0.02,-0.3413,69433.7,39217.415
002357.SZ,20181011,6.18,6.42,5.86,5.86,6.51,-0.65,-9.9846,77434.0,46828.138
002357.SZ,20181010,6.36,6.7,6.36,6.51,6.35,0.16,2.5197,44059.09,28684.041
002357.SZ,20181009,6.42,6.51,6.32,6.35,6.44,-0.09,-1.3975,40374.06,25871.61
002357.SZ,20181008,6.54,6.63,6.44,6.44,6.69,-0.25,-3.7369,40599.87,26519.668
002357.SZ,20180928,6.56,6.69,6.55,6.69,6.59,0.1,1.5175,45777.0,30335.474
002357.SZ,20180927,6.86,6.89,6.59,6.59,6.88,-0.29,-4.2151,60922.0,41194.523
002357.SZ,20180926,6.79,6.9,6.73,6.88,6.78,0.1,1.4749,86499.29,59065.61
002357.SZ,20180925,6.84,6.9,6.72,6.78,6.97,-0.19,-2.726,82230.84,55866.288
002357.SZ,20180921,7.01,7.44,6.93,6.97,7.13,-0.16,-2.244,172977.17,123007.536
002357.SZ,20180920,6.47,7.13,6.43,7.13,6.48,0.65,10.0309,127064.36,86746.972
002357.SZ,20180919,6.45,6.62,6.4,6.48,6.51,-0.03,-0.4608,58593.75,38122.795
002357.SZ,20180918,6.35,6.55,6.28,6.51,6.43,0.08,1.2442,56626.11,36441.615
002357.SZ,20180917,6.53,6.56,6.3,6.43,6.6,-0.17,-2.5758,55268.61,35347.935
002357.SZ,20180914,6.4,6.87,6.32,6.6,6.39,0.21,3.2864,115590.52,75957.0
002357.SZ,20180913,6.15,6.71,6.11,6.39,6.12,0.27,4.4118,82776.08,52797.048
002357.SZ,20180912,6.13,6.2,6.07,6.12,6.13,-0.01,-0.1631,33225.16,20387.572
002357.SZ,20180911,6.19,6.28,6.08,6.13,6.1,0.03,0.4918,37320.72,22999.821
002357.SZ,20180910,6.24,6.25,6.09,6.1,6.21,-0.11,-1.7713,27920.26,17190.566
002357.SZ,20180907,6.19,6.3,6.13,6.21,6.18,0.03,0.4854,30651.26,19020.436
002357.SZ,20180906,6.13,6.31,6.11,6.18,6.15,0.03,0.4878,36664.26,22780.546
002357.SZ,20180905,6.2,6.28,6.15,6.15,6.22,-0.07,-1.1254,33036.33,20507.226
002357.SZ,20180904,6.15,6.3,6.1,6.22,6.15,0.07,1.1382,29303.0,18223.405
002357.SZ,20180903,6.12,6.18,6.02,6.15,6.13,0.02,0.3263,26052.26,15870.828
002357.SZ,20180831,6.28,6.28,6.06,6.13,6.28,-0.15,-2.3885,36119.87,22199.433
002357.SZ,20180830,6.35,6.45,6.26,6.28,6.34,-0.06,-0.9464,27543.07,17456.65
002357.SZ,20180829,6.45,6.46,6.33,6.34,6.45,-0.11,-1.7054,28434.12,18109.783
002357.SZ,20180828,6.46,6.49,6.38,6.45,6.5,-0.05,-0.7692,32931.4,21218.075
002357.SZ,20180827,6.34,6.57,6.34,6.5,6.41,0.09,1.4041,45212.8,29285.227
002357.SZ,20180824,6.79,6.8,6.41,6.41,6.44,-0.03,-0.4658,64118.72,42380.6
002357.SZ,20180823,6.33,6.47,6.27,6.44,6.39,0.05,0.7825,50920.7,32388.751
002357.SZ,20180822,6.17,6.78,6.17,6.39,6.22,0.17,2.7331,76184.11,49481.895
002357.SZ,20180821,6.13,6.31,6.09,6.22,6.17,0.05,0.8104,37043.26,23070.682
002357.SZ,20180820,6.32,6.35,6.01,6.17,6.34,-0.17,-2.6814,57023.74,35000.71
002357.SZ,20180817,6.69,6.74,6.33,6.34,6.62,-0.28,-4.2296,40601.4,26433.641
002357.SZ,20180816,6.66,6.75,6.58,6.62,6.75,-0.13,-1.9259,33573.0,22352.366
002357.SZ,20180815,6.9,6.97,6.74,6.75,6.96,-0.21,-3.0172,40648.4,27846.541
002357.SZ,20180814,6.75,7.19,6.75,6.96,6.81,0.15,2.2026,73118.0,51147.517
002357.SZ,20180813,6.74,6.81,6.64,6.81,6.82,-0.01,-0.1466,38262.13,25738.723
002357.SZ,20180810,6.78,6.84,6.73,6.82,6.8,0.02,0.2941,35211.0,23867.625
002357.SZ,20180809,6.6,6.88,6.6,6.8,6.65,0.15,2.2556,52242.99,35377.658
002357.SZ,20180808,6.63,6.94,6.57,6.65,6.67,-0.02,-0.2999,58449.0,39338.164
002357.SZ,20180807,6.49,6.72,6.48,6.67,6.48,0.19,2.9321,49603.99,32720.291
002357.SZ,20180806,6.61,6.7,6.43,6.48,6.67,-0.19,-2.8486,49076.44,31980.926
002357.SZ,20180803,6.66,6.85,6.62,6.67,6.75,-0.08,-1.1852,41286.78,27869.455
002357.SZ,20180802,7.0,7.08,6.5,6.75,7.06,-0.31,-4.3909,82842.0,55991.696
002357.SZ,20180801,7.13,7.24,7.02,7.06,7.26,-0.2,-2.7548,87123.83,62182.099
002357.SZ,20180731,7.26,7.4,7.18,7.26,7.21,0.05,0.6935,80982.22,59099.765
002357.SZ,20180730,7.6,7.68,7.2,7.21,7.85,-0.64,-8.1529,158197.12,116856.784
002357.SZ,20180727,8.6,8.6,7.85,7.85,8.53,-0.68,-7.9719,299287.69,244541.002
002357.SZ,20180726,8.16,8.53,8.16,8.53,7.75,0.78,10.0645,207117.46,175876.777
002357.SZ,20180725,7.54,7.85,7.47,7.75,7.53,0.22,2.9216,171693.44,131845.416
002357.SZ,20180724,7.49,7.66,7.33,7.53,7.55,-0.02,-0.2649,156070.25,116407.648
002357.SZ,20180723,7.21,7.88,7.14,7.55,7.16,0.39,5.4469,185777.05,139864.37
002357.SZ,20180720,7.08,7.24,7.0,7.16,7.08,0.08,1.1299,59735.0,42736.521
002357.SZ,20180719,7.33,7.35,7.02,7.08,7.28,-0.2,-2.75,73570.55,52587.404
002357.SZ,20180718,7.36,7.41,7.26,7.28,7.36,-0.08,-1.09,64918.38,47753.473
002357.SZ,20180717,7.4,7.41,7.19,7.36,7.42,-0.06,-0.81,65009.83,47560.622
002357.SZ,20180716,7.4,7.48,7.2,7.42,7.34,0.08,1.09,75589.23,55711.146
002357.SZ,20180713,7.51,7.64,7.23,7.34,7.57,-0.23,-3.04,126708.92,94260.129
002357.SZ,20180712,7.39,7.65,7.35,7.57,7.35,0.22,2.99,143573.66,107810.816
002357.SZ,20180711,7.79,7.79,7.11,7.35,7.83,-0.48,-6.13,179575.3,133522.437
002357.SZ,20180710,7.85,7.89,7.68,7.83,7.94,-0.11,-1.39,145784.08,113559.749
002357.SZ,20180709,7.7,7.96,7.63,7.94,7.8,0.14,1.79,174746.88,136789.275
002357.SZ,20180706,7.81,7.99,7.6,7.8,7.8,0.0,0.0,189366.2,148060.527
002357.SZ,20180705,8.25,8.39,7.59,7.8,8.41,-0.61,-7.25,244773.21,196461.646
002357.SZ,20180704,8.85,8.91,8.14,8.41,9.03,-0.62,-6.87,303414.97,258441.41
002357.SZ,20180703,9.5,9.94,8.9,9.03,9.66,-0.63,-6.52,377421.24,351013.059
002357.SZ,20180702,9.3,10.42,9.16,9.66,9.47,0.19,2.01,510650.88,494844.956
002357.SZ,20180629,8.7,9.47,8.55,9.47,8.61,0.86,9.99,435611.77,398622.799
002357.SZ,20180628,8.61,8.61,7.99,8.61,7.83,0.78,9.96,309210.06,262832.431
002357.SZ,20180627,7.83,7.83,7.83,7.83,7.12,0.71,9.97,6979.02,5464.572
002357.SZ,20180626,7.12,7.12,7.12,7.12,6.47,0.65,10.05,10203.0,7264.536
002357.SZ,20180608,6.62,6.64,6.41,6.47,6.65,-0.18,-2.71,36878.66,24062.021
002357.SZ,20180607,6.77,6.79,6.64,6.65,6.75,-0.1,-1.48,21264.41,14253.838
002357.SZ,20180606,6.77,6.81,6.69,6.75,6.77,-0.02,-0.3,34312.39,23179.133
002357.SZ,20180605,6.61,6.77,6.61,6.77,6.69,0.08,1.2,25589.45,17200.35
002357.SZ,20180604,6.75,6.77,6.64,6.69,6.72,-0.03,-0.45,27032.79,18048.541
002357.SZ,20180601,6.69,6.87,6.65,6.72,6.69,0.03,0.45,41377.24,27930.576
002357.SZ,20180531,6.63,6.72,6.56,6.69,6.57,0.12,1.83,37629.34,25027.262
002357.SZ,20180530,6.78,6.78,6.57,6.57,6.94,-0.37,-5.33,52982.35,35321.125
002357.SZ,20180529,6.9,7.03,6.88,6.94,6.94,0.0,0.0,35904.14,24895.588
002357.SZ,20180528,7.0,7.05,6.91,6.94,7.04,-0.1,-1.42,50638.31,35287.758
002357.SZ,20180525,7.1,7.1,6.83,7.04,7.13,-0.09,-1.26,92181.85,64074.593
002357.SZ,20180524,7.28,7.29,7.11,7.13,7.3,-0.17,-2.33,66099.2,47607.768
002357.SZ,20180523,7.33,7.42,7.29,7.3,7.32,-0.02,-0.27,65084.39,47831.569
002357.SZ,20180522,7.37,7.37,7.28,7.32,7.4,-0.08,-1.08,56151.74,41086.75
002357.SZ,20180521,7.35,7.42,7.34,7.4,7.34,0.06,0.82,69618.0,51305.518
002357.SZ,20180518,7.53,7.55,7.32,7.34,7.53,-0.19,-2.52,95397.96,70532.024
002357.SZ,20180517,7.4,7.88,7.33,7.53,7.37,0.16,2.17,125567.93,95121.556
002357.SZ,20180516,7.3,7.52,7.26,7.37,7.63,-0.26,-3.41,148342.81,109643.341
002357.SZ,20180515,7.32,7.89,7.32,7.63,8.13,-0.5,-6.15,278807.93,208487.353
002357.SZ,20180514,8.13,8.13,8.13,8.13,9.03,-0.9,-9.97,5001.0,4065.813
002357.SZ,20180511,9.03,9.03,9.03,9.03,10.03,-1.0,-9.97,6047.0,5460.441
002357.SZ,20171115,10.44,10.44,10.12,10.13,10.46,-0.33,-3.15,67513.97,68836.248
002357.SZ,20171114,10.72,10.72,10.36,10.46,10.71,-0.25,-2.33,77672.04,81214.373
002357.SZ,20171113,10.64,10.89,10.56,10.71,10.64,0.07,0.66,66225.6,71095.18
002357.SZ,20171110,10.8,10.9,10.62,10.64,10.87,-0.23,-2.12,55358.99,59352.169
002357.SZ,20171109,10.7,10.92,10.62,10.87,10.77,0.1,0.93,44142.85,47552.687
002357.SZ,20171108,10.99,11.2,10.72,10.77,11.06,-0.29,-2.62,73733.27,80827.904
002357.SZ,20171107,10.68,11.1,10.54,11.06,10.69,0.37,3.46,83372.19,90510.074
002357.SZ,20171106,10.76,10.76,10.46,10.69,10.72,-0.03,-0.28,45440.6,48243.475
002357.SZ,20171103,11.01,11.08,10.64,10.72,11.03,-0.31,-2.81,65222.4,70265.432
002357.SZ,20171102,11.16,11.22,10.95,11.03,11.24,-0.21,-1.87,67469.2,74599.024
002357.SZ,20171101,11.25,11.41,11.16,11.24,11.36,-0.12,-1.06,92613.13,104225.628
002357.SZ,20171031,10.81,11.38,10.71,11.36,10.92,0.44,4.03,148482.05,165725.116
002357.SZ,20171030,11.1,11.1,10.61,10.92,11.1,-0.18,-1.62,101160.11,110127.391
002357.SZ,20171027,10.62,11.58,10.53,11.1,10.68,0.42,3.93,131462.4,144389.07
002357.SZ,20171026,10.58,10.72,10.44,10.68,10.61,0.07,0.66,57934.0,61276.609
002357.SZ,20171025,10.52,10.71,10.43,10.61,10.63,-0.02,-0.19,64828.18,68495.413
002357.SZ,20171024,10.79,10.85,10.39,10.63,10.89,-0.26,-2.39,80580.42,85356.563
002357.SZ,20171023,10.8,11.0,10.73,10.89,11.08,-0.19,-1.71,105180.12,114238.906
002357.SZ,20171020,10.41,11.2,10.41,11.08,10.65,0.43,4.04,198581.1,215772.245
002357.SZ,20171019,10.6,11.22,10.38,10.65,10.2,0.45,4.41,188112.91,201436.793
002357.SZ,20171018,9.98,10.2,9.93,10.2,10.02,0.18,1.8,28111.73,28261.804
002357.SZ,20171017,9.96,10.08,9.95,10.02,9.96,0.06,0.6,16399.13,16390.839
002357.SZ,20171016,10.15,10.21,9.96,9.96,10.18,-0.22,-2.16,30029.0,30201.502
002357.SZ,20171013,10.13,10.21,10.08,10.18,10.12,0.06,0.59,21431.74,21753.405
002357.SZ,20171012,10.25,10.25,10.06,10.12,10.22,-0.1,-0.98,20152.64,20411.835
002357.SZ,20171011,10.2,10.24,10.17,10.22,10.2,0.02,0.2,24062.22,24556.336
002357.SZ,20171010,10.05,10.2,9.97,10.2,10.06,0.14,1.39,32575.29,32992.682
002357.SZ,20171009,10.18,10.19,10.03,10.06,10.02,0.04,0.4,25141.28,25315.057
002357.SZ,20170929,9.91,10.06,9.91,10.02,9.94,0.08,0.8,24650.95,24620.065
002357.SZ,20170928,10.0,10.03,9.93,9.94,9.99,-0.05,-0.5,21180.0,21132.567
002357.SZ,20170927,10.02,10.07,9.96,9.99,10.02,-0.03,-0.3,24060.98,24082.33
002357.SZ,20170926,9.99,10.05,9.95,10.02,9.99,0.03,0.3,24952.71,24924.076
002357.SZ,20170925,10.29,10.29,9.99,9.99,10.28,-0.29,-2.82,43040.01,43578.88
002357.SZ,20170922,10.36,10.36,10.23,10.28,10.33,-0.05,-0.48,36054.64,37037.933
002357.SZ,20170921,10.55,10.58,10.32,10.33,10.58,-0.25,-2.36,40477.37,42246.954
002357.SZ,20170920,10.56,10.63,10.48,10.58,10.58,0.0,0.0,41857.53,44084.313
002357.SZ,20170919,10.45,10.68,10.39,10.58,10.43,0.15,1.44,72269.3,76268.214
002357.SZ,20170918,10.4,10.52,10.36,10.43,10.44,-0.01,-0.1,33226.18,34621.519
002357.SZ,20170915,10.41,10.56,10.36,10.44,10.47,-0.03,-0.29,42393.19,44243.418
002357.SZ,20170914,10.41,10.49,10.3,10.47,10.41,0.06,0.58,44849.45,46558.126
002357.SZ,20170913,10.37,10.46,10.25,10.41,10.42,-0.01,-0.1,44721.3,46278.044
002357.SZ,20170912,10.48,10.62,10.34,10.42,10.54,-0.12,-1.14,85154.13,89062.307
002357.SZ,20170911,10.1,10.71,10.1,10.54,10.14,0.4,3.94,143064.85,148733.133
002357.SZ,20170908,10.25,10.25,10.09,10.14,10.26,-0.12,-1.17,40028.32,40746.596
002357.SZ,20170907,10.2,10.27,10.13,10.26,10.2,0.06,0.59,50024.97,51045.569
002357.SZ,20170906,10.21,10.28,10.12,10.2,10.21,-0.01,-0.1,42577.83,43349.327
002357.SZ,20170905,10.02,10.26,10.0,10.21,10.04,0.17,1.69,107326.45,108834.495
002357.SZ,20170904,9.98,10.09,9.95,10.04,9.99,0.05,0.5,42393.54,42442.122
002357.SZ,20170901,9.9,10.02,9.89,9.99,9.91,0.08,0.81,37945.84,37818.856
002357.SZ,20170831,9.89,9.92,9.85,9.91,9.86,0.05,0.51,27074.35,26778.646
002357.SZ,20170830,10.04,10.05,9.85,9.86,10.04,-0.18,-1.79,63900.37,63344.536
002357.SZ,20170829,10.04,10.08,9.98,10.04,10.05,-0.01,-0.1,26427.8,26482.084
002357.SZ,20170828,9.92,10.09,9.91,10.05,9.95,0.1,1.01,37100.24,37183.552
002357.SZ,20170825,9.88,9.97,9.85,9.95,9.88,0.07,0.71,19670.23,19555.916
002357.SZ,20170824,9.99,10.0,9.86,9.88,9.99,-0.11,-1.1,23481.0,23284.152
002357.SZ,20170823,10.06,10.1,9.93,9.99,10.15,-0.16,-1.58,28295.07,28269.254
002357.SZ,20170822,10.25,10.25,10.1,10.15,10.17,-0.02,-0.2,25979.8,26364.121
002357.SZ,20170821,10.03,10.23,10.03,10.17,10.03,0.14,1.4,33547.27,34061.679
002357.SZ,20170818,10.05,10.06,9.96,10.03,10.09,-0.06,-0.59,18830.34,18848.658
002357.SZ,20170817,10.08,10.09,9.97,10.09,10.07,0.02,0.2,30519.51,30627.4
002357.SZ,20170816,9.88,10.07,9.83,10.07,9.86,0.21,2.13,39193.55,39104.786
002357.SZ,20170815,9.95,9.99,9.85,9.86,9.97,-0.11,-1.1,36018.91,35638.435
002357.SZ,20170814,9.88,9.99,9.8,9.97,9.89,0.08,0.81,33686.76,33445.545
002357.SZ,20170811,10.0,10.14,9.8,9.89,10.14,-0.25,-2.47,42913.77,42698.081
002357.SZ,20170810,10.31,10.44,10.05,10.14,10.26,-0.12,-1.17,58793.06,60232.587
002357.SZ,20170809,10.57,10.58,10.18,10.26,10.29,-0.03,-0.29,80564.99,83225.921
002357.SZ,20170808,10.06,10.4,10.01,10.29,10.01,0.28,2.8,49021.58,49760.975
002357.SZ,20170807,9.96,10.06,9.92,10.01,9.96,0.05,0.5,13311.25,13317.801
002357.SZ,20170804,10.03,10.05,9.94,9.96,10.01,-0.05,-0.5,17067.42,17030.946
002357.SZ,20170803,9.89,10.06,9.89,10.01,9.92,0.09,0.91,19764.79,19762.536
002357.SZ,20170802,10.14,10.14,9.92,9.92,10.14,-0.22,-2.17,31621.19,31669.529
002357.SZ,20170801,10.17,10.18,10.06,10.14,10.18,-0.04,-0.39,27445.72,27784.871
002357.SZ,20170731,10.13,10.22,10.08,10.18,10.18,0.0,0.0,21281.62,21609.437
002357.SZ,20170728,10.23,10.24,10.12,10.18,10.18,0.0,0.0,26501.79,26976.651
002357.SZ,20170727,9.93,10.23,9.9,10.18,9.98,0.2,2.0,38173.87,38577.596
002357.SZ,20170726,10.16,10.16,9.93,9.98,10.09,-0.11,-1.09,22418.0,22443.263
002357.SZ,20170725,10.11,10.21,10.02,10.09,10.12,-0.03,-0.3,21309.97,21534.991
002357.SZ,20170724,10.02,10.17,9.91,10.12,10.05,0.07,0.7,31505.5,31585.917
002357.SZ,20170721,10.05,10.09,9.99,10.05,10.05,0.0,0.0,23976.92,24094.044
002357.SZ,20170720,10.02,10.15,9.94,10.05,10.04,0.01,0.1,20757.57,20913.595
002357.SZ,20170719,9.96,10.05,9.89,10.04,9.96,0.08,0.8,21652.23,21586.684
002357.SZ,20170718,9.93,10.06,9.85,9.96,10.05,-0.09,-0.9,24930.51,24836.622
002357.SZ,20170717,10.41,10.45,9.75,10.05,10.49,-0.44,-4.19,55810.31,55763.792
002357.SZ,20170714,10.56,10.56,10.43,10.49,10.57,-0.08,-0.76,18151.6,19032.258
002357.SZ,20170713,10.59,10.62,10.48,10.57,10.63,-0.06,-0.56,23981.8,25320.761
002357.SZ,20170712,10.48,10.64,10.26,10.63,10.53,0.1,0.95,43747.51,45693.782
002357.SZ,20170711,10.59,10.99,10.5,10.53,10.65,-0.12,-1.13,41160.12,44067.209
002357.SZ,20170710,10.92,10.94,10.6,10.65,10.82,-0.17,-1.57,64252.22,69109.358
002357.SZ,20170707,10.59,10.97,10.53,10.82,10.63,0.19,1.79,51053.43,54659.622
002357.SZ,20170706,10.67,10.67,10.47,10.63,10.63,0.0,0.0,36967.87,39134.017
002357.SZ,20170705,10.61,10.64,10.46,10.63,10.57,0.06,0.57,32706.1,34476.449
002357.SZ,20170704,10.5,10.68,10.48,10.57,10.66,-0.09,-0.84,27222.56,28786.667
002357.SZ,20170703,10.48,10.71,10.41,10.66,10.48,0.18,1.72,42500.91,45001.704
002357.SZ,20170630,10.37,10.53,10.28,10.48,10.4,0.08,0.77,29329.61,30521.839
002357.SZ,20170629,10.44,10.48,10.27,10.4,10.46,-0.06,-0.57,25731.94,26702.034
002357.SZ,20170628,10.6,10.6,10.36,10.46,10.62,-0.16,-1.51,31520.0,32873.914
002357.SZ,20170627,10.53,10.66,10.5,10.62,10.52,0.1,0.95,39881.87,42227.704
002357.SZ,20170626,10.52,10.54,10.39,10.52,10.5,0.02,0.19,34672.08,36319.055
002357.SZ,20170623,10.5,10.5,10.21,10.5,10.49,0.01,0.1,29468.55,30567.464
002357.SZ,20170622,10.72,10.76,10.46,10.49,10.74,-0.25,-2.33,33634.56,35644.98
002357.SZ,20170621,10.66,10.79,10.52,10.74,10.63,0.11,1.03,35106.25,37392.666
002357.SZ,20170620,10.74,10.74,10.56,10.63,10.69,-0.06,-0.56,31249.3,33309.927
002357.SZ,20170619,10.42,10.69,10.4,10.69,10.52,0.17,1.62,31207.83,33094.38
002357.SZ,20170616,10.56,10.69,10.46,10.52,10.49,0.03,0.29,40894.58,43134.594
002357.SZ,20170615,10.29,10.56,10.22,10.49,10.25,0.24,2.34,54272.16,56758.724
002357.SZ,20170614,10.31,10.32,10.21,10.25,10.31,-0.06,-0.58,36404.69,37317.13
002357.SZ,20170613,10.07,10.35,10.03,10.31,10.15,0.16,1.58,40682.42,41557.942
002357.SZ,20170612,10.38,10.42,10.02,10.15,10.52,-0.37,-3.52,60678.16,61903.878
002357.SZ,20170609,10.36,10.84,10.25,10.52,10.36,0.16,1.54,52298.83,55141.326
002357.SZ,20170608,10.44,10.53,10.31,10.36,10.48,-0.12,-1.15,25736.92,26740.051
002357.SZ,20170607,10.19,10.58,10.08,10.48,10.14,0.34,3.35,50002.73,51734.241
002357.SZ,20170606,10.15,10.17,10.03,10.14,10.16,-0.02,-0.2,22543.02,22772.607
002357.SZ,20170605,10.0,10.2,9.93,10.16,9.95,0.21,2.11,36766.5,36943.242
002357.SZ,20170602,9.99,10.05,9.71,9.95,10.05,-0.1,-1.0,34214.71,33837.043
002357.SZ,20170601,10.48,10.48,9.91,10.05,10.41,-0.36,-3.46,34233.95,34547.363
002357.SZ,20170531,10.48,10.64,10.38,10.41,10.35,0.06,0.58,24563.54,25828.268
002357.SZ,20170526,10.32,10.43,10.26,10.35,10.28,0.07,0.68,15909.55,16467.858
002357.SZ,20170525,10.41,10.54,10.2,10.43,10.5,-0.07,-0.67,28736.39,29846.447
002357.SZ,20170524,10.44,10.59,10.12,10.5,10.44,0.06,0.57,28645.81,29598.036
002357.SZ,20170523,10.69,10.77,10.35,10.44,10.77,-0.33,-3.06,25493.58,26916.804
002357.SZ,20170522,10.79,10.88,10.57,10.77,10.78,-0.01,-0.09,29687.24,31865.675
002357.SZ,20170519,10.86,10.86,10.67,10.78,10.81,-0.03,-0.28,24860.79,26759.208
002357.SZ,20170518,10.9,10.9,10.75,10.81,10.96,-0.15,-1.37,31765.65,34412.395
002357.SZ,20170517,10.89,11.11,10.82,10.96,10.86,0.1,0.92,39974.19,43630.826
002357.SZ,20170516,10.6,10.88,10.54,10.86,10.66,0.2,1.88,24987.98,26809.632
002357.SZ,20170515,10.92,11.0,10.54,10.66,10.91,-0.25,-2.29,33074.86,35414.895
002357.SZ,20170512,11.1,11.1,10.77,10.91,11.08,-0.17,-1.53,18608.49,20385.346
002357.SZ,20170511,11.13,11.15,10.6,11.08,11.15,-0.07,-0.63,26118.94,28454.463
002357.SZ,20170510,11.2,11.35,11.1,11.15,11.18,-0.03,-0.27,15715.53,17633.826
002357.SZ,20170509,11.23,11.3,10.98,11.18,11.25,-0.07,-0.62,18340.41,20421.403
002357.SZ,20170508,11.51,11.51,11.21,11.25,11.53,-0.28,-2.43,17875.78,20305.793
002357.SZ,20170505,11.62,11.7,11.51,11.53,11.62,-0.09,-0.77,28586.82,33217.281
002357.SZ,20170504,11.42,11.67,11.28,11.62,11.42,0.2,1.75,26007.55,29929.113
002357.SZ,20170503,11.33,11.45,11.23,11.42,11.38,0.04,0.35,28674.55,32528.112
002357.SZ,20170502,11.42,11.56,11.35,11.38,11.42,-0.04,-0.35,26407.18,30113.648
002357.SZ,20170428,11.31,11.46,11.18,11.42,11.37,0.05,0.44,23283.98,26435.579
002357.SZ,20170427,11.19,11.43,10.7,11.37,11.19,0.18,1.61,44825.07,49537.641
002357.SZ,20170426,11.18,11.26,11.13,11.19,11.13,0.06,0.54,22330.79,24936.997
002357.SZ,20170425,11.19,11.36,11.1,11.13,11.27,-0.14,-1.24,25629.09,28719.472
002357.SZ,20170424,11.6,11.6,11.08,11.27,11.63,-0.36,-3.1,40895.72,46036.936
002357.SZ,20170421,11.65,12.08,11.5,11.63,11.58,0.05,0.43,44023.55,51670.266
002357.SZ,20170420,11.39,12.47,11.3,11.58,11.41,0.17,1.49,75150.5,88221.828
002357.SZ,20170419,11.79,11.79,11.21,11.41,11.85,-0.44,-3.71,34310.53,39053.128
002357.SZ,20170418,12.1,12.23,11.82,11.85,12.16,-0.31,-2.55,31238.44,37546.092
002357.SZ,20170417,12.68,12.76,11.95,12.16,12.67,-0.51,-4.03,42462.54,51636.877
002357.SZ,20170414,12.84,12.84,12.53,12.67,12.8,-0.13,-1.02,19200.81,24260.637
002357.SZ,20170413,12.7,12.85,12.58,12.8,12.67,0.13,1.03,25731.33,32846.831
002357.SZ,20170412,12.8,12.8,12.59,12.67,12.79,-0.12,-0.94,24421.89,31035.479
002357.SZ,20170411,12.99,12.99,12.45,12.79,12.84,-0.05,-0.39,31660.56,39972.918
002357.SZ,20170410,13.22,13.24,12.82,12.84,13.22,-0.38,-2.87,36030.52,46764.187
002357.SZ,20170407,13.18,13.29,13.07,13.22,13.12,0.1,0.76,22448.24,29630.094
002357.SZ,20170406,12.96,13.45,12.85,13.12,12.85,0.27,2.1,47177.13,62365.909
002357.SZ,20170405,12.55,12.99,12.55,12.85,12.5,0.35,2.8,37606.0,48348.974
002357.SZ,20170331,12.44,12.59,12.36,12.5,12.45,0.05,0.4,31078.31,38739.885
002357.SZ,20170330,13.12,13.12,12.43,12.45,13.13,-0.68,-5.18,56254.02,71763.217
002357.SZ,20170329,13.46,13.48,13.13,13.13,13.46,-0.33,-2.45,32997.17,43621.376
002357.SZ,20170328,13.35,13.47,13.32,13.46,13.39,0.07,0.52,17508.59,23491.519
002357.SZ,20170327,13.56,13.56,13.32,13.39,13.54,-0.15,-1.11,29348.6,39311.28
002357.SZ,20170324,13.58,13.58,13.35,13.54,13.6,-0.06,-0.44,24102.22,32474.376
002357.SZ,20170323,13.65,13.65,13.48,13.6,13.67,-0.07,-0.51,30020.8,40678.251
002357.SZ,20170322,13.82,13.85,13.5,13.67,13.84,-0.17,-1.23,24898.37,33941.708
002357.SZ,20170321,13.73,13.85,13.65,13.84,13.73,0.11,0.8,20944.66,28867.402
002357.SZ,20170320,13.79,13.81,13.55,13.73,13.76,-0.03,-0.22,20832.38,28440.53
002357.SZ,20170317,13.81,13.89,13.66,13.76,13.78,-0.02,-0.15,25163.56,34706.024
002357.SZ,20170316,13.66,13.79,13.63,13.78,13.63,0.15,1.1,27040.66,37132.593
002357.SZ,20170315,13.73,13.73,13.58,13.63,13.65,-0.02,-0.15,14453.2,19718.984
002357.SZ,20170314,13.7,13.75,13.56,13.65,13.7,-0.05,-0.37,24366.13,33289.487
002357.SZ,20170313,13.46,13.71,13.38,13.7,13.42,0.28,2.09,34737.71,47281.555
002357.SZ,20170310,13.72,13.82,13.4,13.42,13.68,-0.26,-1.9,43889.05,59614.469
002357.SZ,20170309,13.9,13.93,13.67,13.68,13.92,-0.24,-1.72,25056.71,34452.178
002357.SZ,20170308,14.0,14.05,13.81,13.92,14.0,-0.08,-0.57,20504.79,28492.777
002357.SZ,20170307,13.97,14.06,13.85,14.0,13.9,0.1,0.72,31758.91,44340.888
002357.SZ,20170306,13.83,13.95,13.72,13.9,13.77,0.13,0.94,37255.41,51694.579
002357.SZ,20170303,13.91,13.91,13.58,13.77,13.9,-0.13,-0.94,29714.01,40763.358
002357.SZ,20170302,14.15,14.19,13.82,13.9,14.14,-0.24,-1.7,51074.75,71179.081
002357.SZ,20170301,13.95,14.26,13.86,14.14,13.88,0.26,1.87,61110.68,86078.732
002357.SZ,20170228,13.74,14.02,13.74,13.88,13.98,-0.1,-0.72,34815.47,48256.742
002357.SZ,20170227,14.12,14.19,13.92,13.98,14.12,-0.14,-0.99,31016.86,43602.171
002357.SZ,20170224,14.04,14.18,13.96,14.12,14.04,0.08,0.57,29093.66,40945.749
002357.SZ,20170223,14.25,14.25,13.91,14.04,14.25,-0.21,-1.47,31362.93,44116.626
002357.SZ,20170222,14.2,14.3,14.12,14.25,14.13,0.12,0.85,36900.95,52474.545
002357.SZ,20170221,14.1,14.2,14.03,14.13,14.24,-0.11,-0.77,31240.28,44159.984
002357.SZ,20170220,14.33,14.33,13.92,14.24,14.25,-0.01,-0.07,51908.54,72970.21
002357.SZ,20170217,14.08,14.26,13.85,14.25,14.08,0.17,1.21,31555.62,44395.128
002357.SZ,20170216,14.0,14.16,13.75,14.08,13.94,0.14,1.0,23773.55,33151.11
002357.SZ,20170215,14.33,14.33,13.83,13.94,14.29,-0.35,-2.45,31463.23,44341.148
002357.SZ,20170214,14.37,14.37,14.2,14.29,14.32,-0.03,-0.21,21760.98,31078.248
002357.SZ,20170213,14.2,14.44,14.16,14.32,14.19,0.13,0.92,40620.02,58079.807
002357.SZ,20170210,14.25,14.44,14.11,14.19,14.19,0.0,0.0,36151.19,51683.119
002357.SZ,20170209,14.28,14.33,14.18,14.19,14.34,-0.15,-1.05,41789.26,59515.429
002357.SZ,20170208,14.35,14.43,14.2,14.34,14.35,-0.01,-0.07,22232.97,31796.306
002357.SZ,20170207,14.65,14.69,14.25,14.35,14.56,-0.21,-1.44,14960.81,21626.023
002357.SZ,20170206,14.68,14.73,14.5,14.56,14.55,0.01,0.07,14286.8,20876.907
002357.SZ,20170203,14.58,14.73,14.43,14.55,14.77,-0.22,-1.49,12554.05,18234.182
002357.SZ,20170126,14.23,14.77,14.18,14.77,14.16,0.61,4.31,16152.18,23231.531
002357.SZ,20170125,14.13,14.3,14.02,14.16,14.11,0.05,0.35,12977.19,18406.378
002357.SZ,20170124,14.16,14.16,14.01,14.11,14.11,0.0,0.0,8244.65,11612.547
002357.SZ,20170123,14.1,14.22,14.0,14.11,14.06,0.05,0.36,17481.09,24629.149
002357.SZ,20170120,13.88,14.1,13.73,14.06,13.85,0.21,1.52,19683.58,27458.015
002357.SZ,20170119,13.88,13.89,13.62,13.85,13.79,0.06,0.44,16481.8,22747.197
002357.SZ,20170118,13.85,13.86,13.61,13.79,13.76,0.03,0.22,15202.22,20927.348
002357.SZ,20170117,13.61,13.87,13.15,13.76,13.67,0.09,0.66,20219.55,27365.363
002357.SZ,20170116,14.15,14.38,12.95,13.67,14.39,-0.72,-5.0,36412.34,49973.851
002357.SZ,20170113,14.81,14.81,14.05,14.39,14.71,-0.32,-2.18,26799.85,38705.469
002357.SZ,20170112,14.99,15.09,14.7,14.71,14.91,-0.2,-1.34,21770.0,32429.572
002357.SZ,20170111,15.27,15.27,14.9,14.91,15.27,-0.36,-2.36,19310.8,29025.341
002357.SZ,20170110,15.03,15.35,14.82,15.27,15.03,0.24,1.6,36289.2,54968.109
002357.SZ,20170109,15.0,15.27,14.73,15.03,15.02,0.01,0.07,34526.0,51997.059
002357.SZ,20170106,15.18,15.18,14.8,15.02,15.2,-0.18,-1.18,33149.96,49550.499
002357.SZ,20170105,15.22,15.29,15.05,15.2,15.22,-0.02,-0.13,38245.35,57971.147
002357.SZ,20170104,15.28,15.37,15.06,15.22,15.21,0.01,0.07,37290.98,56644.618
002357.SZ,20170103,15.13,15.38,15.06,15.21,15.22,-0.01,-0.07,33111.97,50469.385
002357.SZ,20161230,14.89,15.22,14.75,15.22,14.82,0.4,2.7,22809.28,34004.146
002357.SZ,20161229,15.01,15.04,14.76,14.82,14.99,-0.17,-1.13,18128.3,26954.84
002357.SZ,20161228,15.14,15.14,14.8,14.99,14.99,0.0,0.0,24789.69,37040.211
002357.SZ,20161227,15.08,15.13,14.76,14.99,14.97,0.02,0.13,26071.59,38995.001
002357.SZ,20161226,14.75,14.98,14.4,14.97,14.69,0.28,1.91,48018.97,70375.4
002357.SZ,20161223,15.22,15.22,14.55,14.69,15.17,-0.48,-3.16,50536.67,74879.806
002357.SZ,20161222,15.4,15.52,15.06,15.17,15.37,-0.2,-1.3,35410.07,53846.709
002357.SZ,20161221,15.5,15.69,15.3,15.37,15.5,-0.13,-0.84,31333.61,48423.03
002357.SZ,20161220,16.0,16.11,15.43,15.5,16.11,-0.61,-3.79,42221.41,65966.424
002357.SZ,20161219,16.01,16.45,15.78,16.11,16.25,-0.14,-0.86,32298.0,52072.855
002357.SZ,20161216,15.48,16.5,15.3,16.25,15.38,0.87,5.66,49666.81,78173.28
002357.SZ,20161215,15.14,15.59,15.08,15.38,15.12,0.26,1.72,24975.36,38288.774
002357.SZ,20161214,15.35,15.55,15.06,15.12,15.39,-0.27,-1.75,18154.59,27859.522
002357.SZ,20161213,15.73,15.73,15.05,15.39,15.5,-0.11,-0.71,35746.04,55094.593
002357.SZ,20161212,16.3,16.53,15.42,15.5,16.86,-1.36,-8.07,53149.81,84660.648
002357.SZ,20161209,16.9,16.9,15.2,16.86,16.88,-0.02,-0.12,122910.55,197063.298
002357.SZ,20161208,17.29,17.29,16.73,16.88,17.2,-0.32,-1.86,34069.44,57789.222
002357.SZ,20161207,17.1,17.37,16.86,17.2,17.22,-0.02,-0.12,42816.35,72961.072
002357.SZ,20161206,17.13,17.38,16.95,17.22,17.13,0.09,0.53,38466.41,66055.602
002357.SZ,20161205,16.54,17.3,16.35,17.13,16.74,0.39,2.33,49959.91,85151.124
002357.SZ,20161202,16.74,17.17,16.6,16.74,16.74,0.0,0.0,34739.17,58479.361
002357.SZ,20161201,16.91,16.91,16.33,16.74,16.84,-0.1,-0.59,46789.66,77914.127
002357.SZ,20161130,17.6,17.61,16.72,16.84,17.6,-0.76,-4.32,54246.37,92414.005
002357.SZ,20161129,17.15,17.78,16.84,17.6,17.05,0.55,3.23,97733.52,170338.784
002357.SZ,20161128,16.73,17.38,16.58,17.05,16.88,0.17,1.01,53255.55,89992.456
002357.SZ,20161125,16.84,17.08,16.25,16.88,16.9,-0.02,-0.12,45850.85,76398.573
002357.SZ,20161124,16.93,17.28,16.56,16.9,17.12,-0.22,-1.29,50084.7,84633.247
002357.SZ,20161123,16.67,17.31,16.46,17.12,16.65,0.47,2.82,71785.66,121510.246
002357.SZ,20161122,16.9,17.03,16.56,16.65,16.87,-0.22,-1.3,64131.91,107343.398
002357.SZ,20161121,17.21,17.99,16.83,16.87,17.38,-0.51,-2.93,129475.45,223629.863
002357.SZ,20161118,16.7,17.8,16.7,17.38,16.87,0.51,3.02,158518.88,274326.161
002357.SZ,20161117,16.65,16.97,16.44,16.87,16.73,0.14,0.84,60125.74,100446.712
002357.SZ,20161116,16.7,17.0,16.41,16.73,16.66,0.07,0.42,63641.74,106413.014
002357.SZ,20161115,16.28,16.81,16.17,16.66,16.2,0.46,2.84,116757.49,192740.269
002357.SZ,20161114,16.1,16.37,15.96,16.2,16.1,0.1,0.62,73007.86,118035.788
002357.SZ,20161111,16.45,16.45,15.88,16.1,16.26,-0.16,-0.98,63363.19,101484.537
002357.SZ,20161110,16.1,16.4,15.95,16.26,16.07,0.19,1.18,96592.01,156077.287
002357.SZ,20161109,16.77,16.79,15.65,16.07,16.43,-0.36,-2.19,106356.46,171365.452
002357.SZ,20161108,16.29,16.69,15.9,16.43,16.38,0.05,0.31,130206.92,212059.405
002357.SZ,20161107,15.82,16.59,15.7,16.38,15.82,0.56,3.54,157601.04,255073.456
002357.SZ,20161104,15.49,16.55,15.35,15.82,15.4,0.42,2.73,233716.07,373177.31
002357.SZ,20161103,15.01,15.65,15.01,15.4,15.25,0.15,0.98,203590.76,311289.023
002357.SZ,20161102,15.3,15.36,14.95,15.25,15.26,-0.01,-0.07,210794.8,319571.072
002357.SZ,20161101,13.85,15.26,13.85,15.26,13.87,1.39,10.02,184858.0,272663.479
002357.SZ,20161031,13.87,13.95,13.7,13.87,13.88,-0.01,-0.07,15004.11,20717.777
002357.SZ,20161028,14.02,14.11,13.87,13.88,14.01,-0.13,-0.93,18275.0,25516.4428
002357.SZ,20161027,13.99,14.08,13.91,14.01,14.0,0.01,0.07,23422.77,32785.243
002357.SZ,20161026,14.28,14.29,13.98,14.0,14.21,-0.21,-1.48,29570.01,41649.7827
002357.SZ,20161025,14.31,14.38,14.15,14.21,14.45,-0.24,-1.66,41497.64,58984.4917
002357.SZ,20161024,13.98,14.55,13.74,14.45,14.17,0.28,1.98,86613.19,122152.9751
002357.SZ,20161021,14.22,14.22,14.06,14.17,14.19,-0.02,-0.14,20414.45,28866.8347
002357.SZ,20161020,14.35,14.36,14.11,14.19,14.35,-0.16,-1.12,30743.06,43633.8677
002357.SZ,20161019,14.41,14.45,14.27,14.35,14.42,-0.07,-0.49,28221.88,40464.225
002357.SZ,20161018,14.11,14.44,14.07,14.42,14.11,0.31,2.2,31005.83,44352.7753
002357.SZ,20161017,14.3,14.46,14.01,14.11,14.31,-0.2,-1.4,29937.72,42740.6636
002357.SZ,20161014,14.28,14.35,14.14,14.31,14.28,0.03,0.21,28372.5,40408.5216
002357.SZ,20161013,14.11,14.55,14.11,14.28,14.11,0.17,1.2,48597.3,69765.4503
002357.SZ,20161012,14.19,14.21,14.03,14.11,14.24,-0.13,-0.91,28430.25,40138.0562
002357.SZ,20161011,14.16,14.3,14.05,14.24,14.2,0.04,0.28,39547.15,56074.6446
002357.SZ,20161010,13.85,14.2,13.85,14.2,13.81,0.39,2.82,40276.89,56487.152
002357.SZ,20160930,13.9,13.9,13.73,13.81,13.91,-0.1,-0.72,21429.96,29622.1689
002357.SZ,20160929,13.8,13.98,13.75,13.91,13.94,-0.03,-0.22,35056.38,48635.0227
002357.SZ,20160928,14.21,14.22,13.65,13.94,14.18,-0.24,-1.69,53910.56,74756.2659
002357.SZ,20160927,13.81,14.19,13.81,14.18,13.8,0.38,2.75,35411.96,49709.9087
002357.SZ,20160926,13.95,14.04,13.75,13.8,14.0,-0.2,-1.43,32261.08,44834.2639
002357.SZ,20160923,14.0,14.05,13.81,14.0,13.93,0.07,0.5,22624.22,31560.2644
002357.SZ,20160922,13.82,14.04,13.76,13.93,13.74,0.19,1.38,24158.76,33678.837
002357.SZ,20160921,13.68,13.83,13.65,13.74,13.78,-0.04,-0.29,11822.88,16253.7746
002357.SZ,20160920,13.81,13.95,13.7,13.78,13.84,-0.06,-0.43,17891.33,24730.2953
002357.SZ,20160919,13.49,13.95,13.46,13.84,13.5,0.34,2.52,22995.59,31534.0787
002357.SZ,20160914,13.49,13.54,13.35,13.5,13.52,-0.02,-0.15,18715.63,25149.6243
002357.SZ,20160913,13.75,13.85,13.43,13.52,13.75,-0.23,-1.67,33767.44,45738.8661
002357.SZ,20160912,13.58,14.0,13.5,13.75,14.14,-0.39,-2.76,38153.77,52209.3649
002357.SZ,20160909,14.34,14.46,14.14,14.14,14.36,-0.22,-1.53,36121.14,51701.3943
002357.SZ,20160908,14.24,14.37,14.2,14.36,14.24,0.12,0.84,36361.78,51992.6079
002357.SZ,20160907,13.91,14.43,13.87,14.24,13.94,0.3,2.15,69010.17,98258.0335
002357.SZ,20160906,13.81,13.96,13.37,13.94,13.81,0.13,0.94,37628.52,51644.5346
002357.SZ,20160905,14.08,14.1,13.71,13.81,14.01,-0.2,-1.43,36364.51,50488.3992
002357.SZ,20160902,14.16,14.16,13.9,14.01,14.0,0.01,0.07,22182.36,31166.4637
002357.SZ,20160901,14.02,14.07,13.92,14.0,14.0,0.0,0.0,23122.53,32395.5018
002357.SZ,20160831,14.15,14.15,13.84,14.0,14.08,-0.08,-0.57,19486.88,27173.8355
002357.SZ,20160830,14.18,14.22,14.0,14.08,14.1,-0.02,-0.14,28402.35,40067.4203
002357.SZ,20160829,13.94,14.11,13.83,14.1,14.0,0.1,0.71,31889.01,44467.7649
002357.SZ,20160826,13.87,14.06,13.77,14.0,13.9,0.1,0.72,38409.68,53525.3098
002357.SZ,20160825,14.03,14.08,13.75,13.9,14.08,-0.18,-1.28,38710.65,53648.5137
002357.SZ,20160824,14.0,14.16,14.0,14.08,13.98,0.1,0.72,23694.85,33383.903
002357.SZ,20160823,14.21,14.21,13.88,13.98,14.08,-0.1,-0.71,39013.21,54574.4195
002357.SZ,20160822,14.74,14.74,14.02,14.08,14.69,-0.61,-4.15,43797.67,63123.0869
002357.SZ,20160819,14.83,14.83,14.61,14.69,14.77,-0.08,-0.54,24924.35,36703.5511
002357.SZ,20160818,14.8,14.83,14.64,14.77,14.71,0.06,0.41,36130.51,53218.5712
002357.SZ,20160817,14.85,14.87,14.58,14.71,14.86,-0.15,-1.01,43034.84,63260.3303
002357.SZ,20160816,14.71,14.97,14.5,14.86,14.69,0.17,1.16,65799.28,97264.1044
002357.SZ,20160815,14.05,14.69,13.96,14.69,14.05,0.64,4.56,63689.19,91760.1377
002357.SZ,20160812,13.84,14.08,13.78,14.05,13.82,0.23,1.66,18174.22,25327.947
002357.SZ,20160811,14.1,14.14,13.81,13.82,14.12,-0.3,-2.12,20883.2,29254.6844
002357.SZ,20160810,14.24,14.45,14.1,14.12,14.34,-0.22,-1.53,28065.3,39969.9656
002357.SZ,20160809,14.17,14.36,13.99,14.34,14.15,0.19,1.34,35295.0,50037.4969
002357.SZ,20160808,13.95,14.18,13.62,14.15,14.0,0.15,1.07,30904.58,42992.231
002357.SZ,20160805,14.09,14.09,13.92,14.0,14.09,-0.09,-0.64,16713.79,23389.5682
002357.SZ,20160804,14.18,14.19,13.82,14.09,14.08,0.01,0.07,27538.76,38463.8383
002357.SZ,20160803,13.88,14.28,13.75,14.08,13.84,0.24,1.73,42770.31,60330.0327
002357.SZ,20160802,13.5,13.9,13.46,13.84,13.67,0.17,1.24,32380.58,44641.2435
002357.SZ,20160801,13.69,13.85,13.09,13.67,13.75,-0.08,-0.58,52559.19,70097.7899
002357.SZ,20160729,13.57,13.95,13.57,13.75,13.88,-0.13,-0.94,36860.69,50704.9161
002357.SZ,20160728,14.1,14.29,13.5,13.88,14.13,-0.25,-1.77,58899.92,81697.2116
002357.SZ,20160727,14.99,15.05,13.83,14.13,15.03,-0.9,-5.99,64956.29,93339.6853
002357.SZ,20160726,14.75,15.06,14.72,15.03,14.8,0.23,1.55,34076.21,51013.4768
002357.SZ,20160725,15.25,15.35,14.72,14.8,15.25,-0.45,-2.95,67611.38,100805.1404
002357.SZ,20160722,15.41,15.49,15.07,15.25,15.52,-0.27,-1.74,64402.62,98341.532
002357.SZ,20160721,15.6,15.84,15.31,15.52,15.62,-0.1,-0.64,71403.33,110860.9279
002357.SZ,20160720,15.28,15.89,15.2,15.62,15.22,0.4,2.63,128796.63,201712.6757
002357.SZ,20160719,14.93,15.27,14.71,15.22,14.92,0.3,2.01,50215.92,76068.1264
002357.SZ,20160718,15.2,15.2,14.88,14.92,15.21,-0.29,-1.91,38173.0,57210.647
002357.SZ,20160715,15.01,15.36,15.01,15.21,15.11,0.1,0.66,76513.27,116598.3696
002357.SZ,20160714,15.08,15.15,14.9,15.11,15.03,0.08,0.53,49030.12,73745.1852
002357.SZ,20160713,14.97,15.19,14.83,15.03,14.95,0.08,0.54,69467.96,104311.9173
002357.SZ,20160712,15.14,15.24,14.51,14.95,15.18,-0.23,-1.52,115606.54,170987.4507
002357.SZ,20160711,15.3,15.56,14.95,15.18,15.39,-0.21,-1.36,61877.96,94725.7001
002357.SZ,20160708,15.11,15.58,15.07,15.39,15.2,0.19,1.25,78227.01,120302.4049
002357.SZ,20160707,15.8,15.8,15.19,15.2,15.8,-0.6,-3.8,91838.79,141457.8964
002357.SZ,20160706,15.9,15.9,15.5,15.8,15.95,-0.15,-0.94,72298.41,113606.8089
002357.SZ,20160705,15.71,16.06,15.53,15.95,15.71,0.24,1.53,86012.32,136060.6227
002357.SZ,20160704,15.38,15.84,15.32,15.71,15.45,0.26,1.68,67747.03,105846.8871
002357.SZ,20160701,15.52,15.77,15.38,15.45,15.43,0.02,0.13,64835.85,100884.6104
002357.SZ,20160630,15.69,15.71,15.25,15.43,15.75,-0.32,-2.03,81442.63,125650.4937
002357.SZ,20160629,16.08,16.25,15.46,15.75,16.12,-0.37,-2.3,139051.91,218295.3044
002357.SZ,20160628,16.01,16.4,15.91,16.12,16.29,-0.17,-1.04,129992.88,210007.9116
002357.SZ,20160627,15.75,16.64,15.56,16.29,15.94,0.35,2.2,172988.24,280494.7449
002357.SZ,20160624,15.17,16.3,14.9,15.94,15.2,0.74,4.87,181786.63,285877.3049
002357.SZ,20160623,15.7,15.74,14.91,15.2,15.7,-0.5,-3.18,104481.7,159945.2309
002357.SZ,20160622,15.24,15.76,14.71,15.7,15.23,0.47,3.09,188029.62,286101.3667
002357.SZ,20160621,16.57,16.87,15.37,15.42,16.7,-1.28,-7.66,210608.85,338375.6369
002357.SZ,20160620,16.53,17.16,16.06,16.7,16.19,0.51,3.15,189781.12,315254.0117
002357.SZ,20160617,16.99,17.48,16.0,16.19,16.35,-0.16,-0.98,255265.92,423393.9128
002357.SZ,20160616,16.0,16.9,15.9,16.35,15.36,0.99,6.45,379419.93,624416.4567
002357.SZ,20160615,13.7,15.36,13.6,15.36,13.96,1.4,10.03,208518.81,315325.6322
002357.SZ,20160614,14.0,14.39,13.68,13.96,14.15,-0.19,-1.34,50043.02,70374.1127
002357.SZ,20160613,14.31,14.78,14.0,14.15,14.49,-0.34,-2.35,88609.06,126928.118
002357.SZ,20160608,15.06,15.06,14.18,14.49,14.99,-0.5,-3.34,97662.31,142257.7506
002357.SZ,20160607,14.2,15.34,14.11,14.99,14.28,0.71,4.97,145112.24,213947.1941
002357.SZ,20160606,14.24,14.66,14.05,14.28,14.25,0.03,0.21,77777.95,110773.0443
002357.SZ,20160603,13.4,14.5,13.4,14.25,13.45,0.8,5.95,124752.13,175156.2624
002357.SZ,20160602,13.34,13.45,13.16,13.45,13.36,0.09,0.67,40179.32,53336.9595
002357.SZ,20160601,13.47,13.49,13.26,13.36,13.29,0.07,0.53,48782.56,65202.3902
002357.SZ,20160531,12.89,13.43,12.8,13.29,12.83,0.46,3.59,40411.23,53339.9994
002357.SZ,20160530,12.6,12.96,12.52,12.83,12.74,0.09,0.71,20262.12,25968.2671
002357.SZ,20160527,12.77,12.87,12.5,12.74,12.77,-0.03,-0.23,23600.03,30097.5221
002357.SZ,20160526,12.87,12.93,12.45,12.77,12.87,-0.1,-0.78,31122.93,39269.9896
002357.SZ,20160525,12.97,13.35,12.8,12.87,12.97,-0.1,-0.77,34925.98,45512.871
002357.SZ,20160524,13.26,13.29,12.85,12.97,13.3,-0.33,-2.48,36373.94,47405.4579
002357.SZ,20160523,13.1,13.39,12.98,13.3,13.03,0.27,2.07,61799.14,81612.3887
002357.SZ,20160520,12.97,13.17,12.58,13.03,13.17,-0.14,-1.06,34183.42,44136.7941
002357.SZ,20160519,12.92,13.6,12.91,13.17,12.9,0.27,2.09,61757.96,82261.4023
002357.SZ,20160518,13.46,13.48,12.8,12.9,13.56,-0.66,-4.87,54704.34,71878.7025
002357.SZ,20160517,12.86,14.14,12.75,13.56,12.85,0.71,5.53,117875.99,160411.1961
002357.SZ,20160516,12.45,12.86,12.38,12.85,12.49,0.36,2.88,33789.24,42885.6025
002357.SZ,20160513,12.45,12.84,12.4,12.49,12.67,-0.18,-1.42,35703.82,45159.1618
002357.SZ,20160512,12.5,12.75,11.98,12.67,12.6,0.07,0.56,40587.2,50100.7621
002357.SZ,20160511,12.99,13.03,12.48,12.6,12.9,-0.3,-2.33,58838.17,74488.4765
002357.SZ,20160510,13.12,13.13,12.6,12.9,12.99,-0.09,-0.69,65228.52,83430.1641
002357.SZ,20160509,13.75,13.75,12.99,12.99,13.78,-0.79,-5.73,50021.48,65928.0044
002357.SZ,20160506,14.65,14.68,13.78,13.78,14.65,-0.87,-5.94,73410.6,103879.0051
002357.SZ,20160505,14.9,14.9,14.41,14.65,14.93,-0.28,-1.88,63326.56,92550.9352
002357.SZ,20160504,15.0,15.1,14.8,14.93,15.06,-0.13,-0.86,69400.7,103910.6944
002357.SZ,20160503,14.54,15.1,14.31,15.06,14.9,0.16,1.07,102029.05,150929.0555
002357.SZ,20160429,14.52,14.93,14.52,14.9,14.8,0.1,0.68,43523.43,63979.7969
002357.SZ,20160428,15.05,15.23,14.47,14.8,14.98,-0.18,-1.2,60575.23,88911.6869
002357.SZ,20160427,15.48,15.5,14.95,14.98,15.39,-0.41,-2.66,58013.58,88176.5718
002357.SZ,20160426,15.0,15.4,14.9,15.39,15.1,0.29,1.92,63174.68,96163.6111
002357.SZ,20160425,14.77,15.13,14.16,15.1,14.88,0.22,1.48,52049.93,76684.928
002357.SZ,20160422,14.25,14.96,14.03,14.88,14.31,0.57,3.98,59834.34,87627.9318
002357.SZ,20160421,14.38,14.75,14.24,14.31,14.71,-0.4,-2.72,53821.66,78326.5876
002357.SZ,20160420,14.97,15.44,14.02,14.71,14.93,-0.22,-1.47,98229.9,144484.4069
002357.SZ,20160419,14.88,14.99,14.62,14.93,14.78,0.15,1.01,54753.63,81128.9446
002357.SZ,20160418,15.2,15.3,14.47,14.78,15.47,-0.69,-4.46,113027.11,166378.9725
002357.SZ,20160415,16.01,16.01,15.39,15.47,15.93,-0.46,-2.89,57760.59,89994.7767
002357.SZ,20160414,15.9,16.06,15.76,15.93,16.07,-0.14,-0.87,52933.61,84097.7638
002357.SZ,20160413,15.94,16.07,15.55,16.07,15.8,0.27,1.71,130575.47,206408.2885
002357.SZ,20160412,15.32,16.43,15.05,15.8,15.38,0.42,2.73,161146.46,256200.3244
002357.SZ,20160411,14.0,15.38,14.0,15.38,13.98,1.4,10.01,121125.37,180506.8098
002357.SZ,20160408,13.79,13.98,13.49,13.98,13.91,0.07,0.5,39255.5,53698.3767
002357.SZ,20160407,14.43,14.56,13.88,13.91,14.41,-0.5,-3.47,64044.33,90177.3229
002357.SZ,20160406,14.31,14.53,14.16,14.41,14.45,-0.04,-0.28,42963.68,61713.8534
002357.SZ,20160405,13.93,14.58,13.79,14.45,14.02,0.43,3.07,67623.89,96435.2294
002357.SZ,20160401,13.99,14.1,13.7,14.02,13.95,0.07,0.5,64650.88,90044.3616
002357.SZ,20160331,13.69,14.25,13.64,13.95,13.65,0.3,2.2,66912.54,93300.629
002357.SZ,20160330,13.25,13.65,13.16,13.65,13.14,0.51,3.88,47631.71,63632.0142
002357.SZ,20160329,13.5,13.5,13.0,13.14,13.4,-0.26,-1.94,35133.64,46229.9659
002357.SZ,20160328,13.64,13.99,13.37,13.4,13.61,-0.21,-1.54,50749.51,69687.5869
002357.SZ,20160325,13.4,13.8,13.3,13.61,13.31,0.3,2.25,53004.31,71973.2219
002357.SZ,20160324,13.54,13.78,13.28,13.31,13.78,-0.47,-3.41,62520.64,84188.2102
002357.SZ,20160323,13.55,13.81,13.47,13.78,13.65,0.13,0.95,43598.85,59460.8821
002357.SZ,20160322,13.63,14.06,13.61,13.65,13.94,-0.29,-2.08,61362.05,84437.0405
002357.SZ,20160321,13.35,13.99,13.35,13.94,13.17,0.77,5.85,102020.24,140063.4539
002357.SZ,20160318,12.7,13.37,12.7,13.17,12.68,0.49,3.86,69736.29,91754.389
002357.SZ,20160317,12.34,12.76,12.16,12.68,12.28,0.4,3.26,49473.04,62191.6268
002357.SZ,20160316,12.35,12.62,12.09,12.28,12.22,0.06,0.49,40511.31,50227.6183
002357.SZ,20160315,12.16,12.45,12.1,12.22,12.29,-0.07,-0.57,29863.62,36734.2012
002357.SZ,20160314,12.14,12.47,12.0,12.29,11.92,0.37,3.1,41356.68,51034.416
002357.SZ,20160311,11.77,11.99,11.65,11.92,11.96,-0.04,-0.33,21553.76,25480.1906
002357.SZ,20160310,12.15,12.32,11.9,11.96,12.15,-0.19,-1.56,25193.75,30354.1874
002357.SZ,20160309,12.4,12.46,12.06,12.15,12.61,-0.46,-3.65,35065.98,42888.94
002357.SZ,20160308,12.48,12.7,11.9,12.61,12.57,0.04,0.32,37811.92,46412.8564
002357.SZ,20160307,12.42,12.76,12.16,12.57,12.04,0.53,4.4,53039.53,66500.1515
002357.SZ,20160304,12.61,12.74,11.8,12.04,12.63,-0.59,-4.67,52202.79,63699.9142
002357.SZ,20160303,12.78,12.94,12.61,12.63,12.74,-0.11,-0.86,60165.35,76793.0178
002357.SZ,20160302,11.8,12.88,11.72,12.74,11.71,1.03,8.8,70271.14,86124.621
002357.SZ,20160301,11.8,11.88,11.25,11.71,11.68,0.03,0.26,61092.65,70890.484
002357.SZ,20160229,12.7,12.87,11.57,11.68,12.86,-1.18,-9.18,67124.28,79356.9463
002357.SZ,20160226,12.96,13.28,12.5,12.86,12.87,-0.01,-0.08,54259.37,69918.0302
002357.SZ,20160225,14.51,14.6,12.87,12.87,14.3,-1.43,-10.0,99326.26,135999.8534
002357.SZ,20160224,14.08,14.38,13.6,14.3,14.09,0.21,1.49,85440.99,120519.7059
002357.SZ,20160223,14.74,14.74,13.98,14.09,14.2,-0.11,-0.77,108083.23,154709.5464
002357.SZ,20160222,13.05,14.2,13.05,14.2,12.91,1.29,9.99,95149.28,133194.1413
002357.SZ,20160219,12.91,13.1,12.77,12.91,12.87,0.04,0.31,30818.11,39921.1673
002357.SZ,20160218,13.38,13.38,12.8,12.87,13.21,-0.34,-2.57,44732.66,58607.6931
002357.SZ,20160217,13.3,13.38,12.98,13.21,13.38,-0.17,-1.27,58197.29,76458.2856
002357.SZ,20160216,12.94,13.45,12.85,13.38,12.84,0.54,4.21,64876.86,85620.2297
002357.SZ,20160215,12.2,12.9,12.0,12.84,12.51,0.33,2.64,50101.75,63004.1595
002357.SZ,20160205,12.75,12.96,12.45,12.51,12.76,-0.25,-1.96,29491.79,37174.4577
002357.SZ,20160204,12.56,13.08,12.38,12.76,12.51,0.25,2.0,64202.96,81990.0846
002357.SZ,20160203,11.8,12.6,11.5,12.51,12.02,0.49,4.08,66533.2,80285.8618
002357.SZ,20160202,11.6,12.16,11.6,12.02,11.66,0.36,3.09,37812.69,45460.9218
002357.SZ,20160201,11.68,11.78,11.25,11.66,11.75,-0.09,-0.77,36560.9,42405.6447
002357.SZ,20160129,11.05,11.85,10.9,11.75,10.98,0.77,7.01,51714.37,58981.9681
002357.SZ,20160128,11.35,11.45,10.82,10.98,11.45,-0.47,-4.1,36982.43,41343.7728
002357.SZ,20160127,11.69,11.69,10.34,11.45,11.29,0.16,1.42,62514.96,69082.1536
002357.SZ,20160126,12.37,12.57,11.28,11.29,12.53,-1.24,-9.9,50320.65,59847.0725
002357.SZ,20160125,12.67,12.95,12.38,12.53,12.51,0.02,0.16,41178.45,52234.2198
002357.SZ,20160122,12.15,12.55,11.74,12.51,11.97,0.54,4.51,64738.81,79463.858
002357.SZ,20160121,12.0,12.53,11.9,11.97,12.3,-0.33,-2.68,61263.72,75124.2845
002357.SZ,20160120,11.9,12.79,11.71,12.3,11.95,0.35,2.93,87027.67,107169.4965
002357.SZ,20160119,11.29,12.1,11.25,11.95,11.33,0.62,5.47,63134.3,74219.6599
002357.SZ,20160118,11.05,11.57,10.81,11.33,11.05,0.28,2.53,56225.85,63627.3991
002357.SZ,20160115,11.9,12.0,10.86,11.05,12.0,-0.95,-7.92,76674.4,87047.9564
002357.SZ,20160114,11.25,12.27,11.02,12.0,11.68,0.32,2.74,62555.5,73708.7193
002357.SZ,20160113,12.45,12.6,11.68,11.68,12.34,-0.66,-5.35,44024.43,53854.8539
002357.SZ,20160112,12.2,12.53,11.7,12.34,12.12,0.22,1.82,58921.25,72158.4537
002357.SZ,20160111,13.0,13.29,12.12,12.12,13.47,-1.35,-10.02,83209.09,104828.3113
002357.SZ,20160108,13.86,14.1,12.57,13.47,13.47,0.0,0.0,65968.19,89281.4054
002357.SZ,20160107,14.55,14.75,13.45,13.47,14.94,-1.47,-9.84,15856.6,22154.3908
002357.SZ,20160106,14.67,15.0,14.52,14.94,14.67,0.27,1.84,55892.83,82593.6577
002357.SZ,20160105,14.0,15.2,13.92,14.67,14.98,-0.31,-2.07,89005.8,128786.606
002357.SZ,20160104,16.5,16.59,14.96,14.98,16.62,-1.64,-9.87,55385.71,87353.0993
002357.SZ,20151231,16.68,17.14,16.56,16.62,16.71,-0.09,-0.54,87074.15,147116.2441
002357.SZ,20151230,16.1,16.85,16.01,16.71,16.03,0.68,4.24,78606.31,129857.735
002357.SZ,20151229,15.71,16.05,15.47,16.03,15.75,0.28,1.78,46404.92,73128.6255
002357.SZ,20151228,16.48,16.61,15.73,15.75,16.5,-0.75,-4.55,72526.62,117062.597
002357.SZ,20151225,16.4,16.65,16.35,16.5,16.46,0.04,0.24,37262.82,61372.4272
002357.SZ,20151224,16.65,16.74,16.06,16.46,16.68,-0.22,-1.32,60749.92,99567.1437
002357.SZ,20151223,17.06,17.29,16.67,16.68,16.86,-0.18,-1.07,114683.61,194888.1589
002357.SZ,20151222,16.97,17.06,16.56,16.86,16.96,-0.1,-0.59,80702.9,135116.9811
002357.SZ,20151221,16.0,17.2,16.0,16.96,16.24,0.72,4.43,154465.64,260354.9294
002357.SZ,20151218,16.7,16.84,16.14,16.24,16.71,-0.47,-2.81,96071.91,157680.9291
002357.SZ,20151217,15.8,16.84,15.8,16.71,15.85,0.86,5.43,137426.51,227018.3673
002357.SZ,20151216,15.88,16.2,15.7,15.85,15.83,0.02,0.13,83262.74,132759.4207
002357.SZ,20151215,14.92,15.85,14.6,15.83,14.79,1.04,7.03,91445.7,140270.151
002357.SZ,20151214,14.22,14.8,14.16,14.79,14.35,0.44,3.07,43724.69,63587.282
002357.SZ,20151211,14.8,14.8,14.32,14.35,14.8,-0.45,-3.04,50666.78,73277.5939
002357.SZ,20151210,14.78,15.0,14.71,14.8,14.78,0.02,0.14,45093.26,66970.395
002357.SZ,20151209,14.62,15.05,14.6,14.78,14.77,0.01,0.07,43320.7,64294.4898
002357.SZ,20151208,15.29,15.29,14.72,14.77,15.3,-0.53,-3.46,65801.03,98358.9756
002357.SZ,20151207,15.13,15.3,15.0,15.3,15.05,0.25,1.66,58015.29,88043.0196
002357.SZ,20151204,15.33,15.34,14.93,15.05,15.33,-0.28,-1.83,62701.32,94852.9288
002357.SZ,20151203,15.32,15.35,15.01,15.33,15.18,0.15,0.99,65466.19,99520.6207
002357.SZ,20151202,14.91,15.39,14.74,15.18,14.73,0.45,3.06,95137.83,143416.5571
002357.SZ,20151201,14.36,15.0,14.36,14.73,14.8,-0.07,-0.47,77167.33,113465.893
002357.SZ,20151130,15.03,15.25,13.79,14.8,15.06,-0.26,-1.73,137282.15,200813.0318
002357.SZ,20151127,16.41,16.78,14.99,15.06,16.65,-1.59,-9.55,143730.0,227589.7464
002357.SZ,20151126,17.19,17.2,16.6,16.65,17.1,-0.45,-2.63,109940.72,184936.1869
002357.SZ,20151125,16.52,17.3,16.52,17.1,16.68,0.42,2.52,135341.53,230831.3386
002357.SZ,20151124,16.34,16.78,16.12,16.68,16.47,0.21,1.28,94296.98,155111.8533
002357.SZ,20151123,17.0,17.0,16.34,16.47,16.96,-0.49,-2.89,138612.3,229641.0639
002357.SZ,20151120,17.35,17.44,16.81,16.96,17.22,-0.26,-1.51,144603.33,245703.4137
002357.SZ,20151119,16.81,17.48,16.77,17.22,16.74,0.48,2.87,180672.76,308706.5633
002357.SZ,20151118,16.46,16.93,16.32,16.74,16.59,0.15,0.9,141709.75,236710.6957
002357.SZ,20151117,17.62,17.79,16.5,16.59,17.05,-0.46,-2.7,195819.81,333337.0584
002357.SZ,20151116,16.45,17.47,16.36,17.05,17.05,0.0,0.0,189464.73,319435.841
002357.SZ,20151113,16.03,17.93,15.96,17.05,16.6,0.45,2.71,347158.25,588810.9287
002357.SZ,20151112,15.9,17.23,15.78,16.6,15.95,0.65,4.08,330460.32,550459.8839
002357.SZ,20151111,15.91,16.12,15.45,15.95,16.2,-0.25,-1.54,273478.21,430790.9383
002357.SZ,20151110,16.45,16.85,15.78,16.2,16.29,-0.09,-0.55,476861.29,776239.0266
002357.SZ,20151109,16.29,16.29,16.05,16.29,14.81,1.48,9.99,254496.38,414105.2505
002357.SZ,20151106,14.81,14.81,14.81,14.81,13.46,1.35,10.03,23291.62,34494.8892
002357.SZ,20151105,13.46,13.46,13.46,13.46,12.24,1.22,9.97,6549.2,8815.2232
002357.SZ,20151104,12.24,12.24,12.24,12.24,11.13,1.11,9.97,799.42,978.4901
002357.SZ,20151103,11.13,11.13,11.13,11.13,10.12,1.01,9.98,657.18,731.4413
002357.SZ,20150918,10.2,10.43,9.77,10.12,10.1,0.02,0.2,94443.79,94794.6949
002357.SZ,20150917,10.55,10.93,10.1,10.1,10.42,-0.32,-3.07,137000.72,144408.9899
002357.SZ,20150916,15.48,16.67,15.0,16.67,15.15,1.52,10.03,86418.58,138516.7651
002357.SZ,20150915,15.55,16.24,15.0,15.15,16.38,-1.23,-7.51,70738.83,109998.742
002357.SZ,20150914,18.28,18.46,16.38,16.38,18.2,-1.82,-10.0,78468.91,134756.6995
002357.SZ,20150911,18.02,18.5,17.71,18.2,18.16,0.04,0.22,78509.63,141830.1578
002357.SZ,20150910,17.9,18.6,17.61,18.16,18.1,0.06,0.33,96667.47,175793.6292
002357.SZ,20150909,17.35,18.4,17.18,18.1,17.24,0.86,4.99,105981.88,189830.7693
002357.SZ,20150908,15.67,17.25,15.38,17.24,15.68,1.56,9.95,74540.59,121538.0197
002357.SZ,20150907,15.7,16.47,15.37,15.68,15.26,0.42,2.75,65103.4,103805.1005
002357.SZ,20150902,14.79,16.65,14.66,15.26,15.8,-0.54,-3.42,81884.54,128952.2814
002357.SZ,20150901,17.5,17.5,15.8,15.8,17.56,-1.76,-10.02,77008.36,124860.3141
002357.SZ,20150831,18.11,18.6,17.41,17.56,18.74,-1.18,-6.3,88622.05,158802.5395
002357.SZ,20150828,17.5,18.79,17.36,18.74,17.09,1.65,9.65,108984.47,195298.6589
002357.SZ,20150827,16.03,17.09,15.57,17.09,15.54,1.55,9.97,102390.0,166820.477
002357.SZ,20150826,16.6,17.22,14.65,15.54,16.25,-0.71,-4.37,142161.1,228290.5514
002357.SZ,20150825,16.25,17.03,16.25,16.25,18.05,-1.8,-9.97,82237.34,134585.3877
002357.SZ,20150824,18.9,19.38,18.05,18.05,20.05,-2.0,-9.98,67890.12,123947.1344
002357.SZ,20150821,20.8,21.3,19.78,20.05,21.51,-1.46,-6.79,80602.96,166157.1061
002357.SZ,20150820,22.94,23.0,21.48,21.51,23.1,-1.59,-6.88,85054.89,189302.3319
002357.SZ,20150819,20.96,23.6,20.0,23.1,21.91,1.19,5.43,122540.69,263296.0423
002357.SZ,20150818,24.35,25.15,21.91,21.91,24.34,-2.43,-9.98,142855.62,337132.4994
002357.SZ,20150817,23.75,25.0,22.92,24.34,24.1,0.24,1.0,114409.7,272937.5861
002357.SZ,20150814,25.25,25.93,23.99,24.1,24.75,-0.65,-2.63,158898.34,397493.07
002357.SZ,20150813,22.25,24.75,22.2,24.75,22.5,2.25,10.0,149312.25,355502.9465
002357.SZ,20150812,22.9,23.39,22.5,22.5,23.25,-0.75,-3.23,91721.66,209895.0104
002357.SZ,20150811,23.31,24.06,23.04,23.25,23.8,-0.55,-2.31,147549.1,347144.0667
002357.SZ,20150810,22.3,24.37,22.0,23.8,22.28,1.52,6.82,164055.64,381502.9996
002357.SZ,20150807,21.87,22.55,21.05,22.28,21.55,0.73,3.39,180623.19,396221.909
002357.SZ,20150806,18.88,21.55,18.5,21.55,19.59,1.96,10.01,183480.31,369825.8307
002357.SZ,20150805,19.35,20.21,19.1,19.59,18.67,0.92,4.93,168757.57,331950.9346
002357.SZ,20150804,17.17,18.67,17.17,18.67,16.97,1.7,10.02,129707.01,232185.1988
002357.SZ,20150803,18.2,18.58,16.84,16.97,18.71,-1.74,-9.3,124247.52,217689.366
002357.SZ,20150731,19.6,20.26,18.25,18.71,20.25,-1.54,-7.6,117048.64,227527.2447
002357.SZ,20150730,21.85,22.17,20.05,20.25,21.7,-1.45,-6.68,133204.64,286310.0791
002357.SZ,20150729,21.49,21.97,19.19,21.7,20.7,1.0,4.83,157914.07,330810.8188
002357.SZ,20150728,20.44,23.01,20.17,20.7,22.41,-1.71,-7.63,135638.24,284708.7422
002357.SZ,20150727,24.08,25.8,22.41,22.41,24.9,-2.49,-10.0,128284.7,312616.6008
002357.SZ,20150724,24.72,25.98,24.0,24.9,24.71,0.19,0.77,115814.41,289707.6712
002357.SZ,20150723,24.4,24.88,23.87,24.71,24.25,0.46,1.9,103951.61,254194.7533
002357.SZ,20150722,24.06,25.0,23.7,24.25,24.65,-0.4,-1.62,145898.86,352629.2515
002357.SZ,20150721,22.5,24.93,21.3,24.65,22.66,1.99,8.78,166487.51,396663.478
002357.SZ,20150720,22.0,22.66,21.0,22.66,20.6,2.06,10.0,183071.17,402241.6376
002357.SZ,20150717,19.2,20.6,19.05,20.6,18.73,1.87,9.98,94381.34,189136.7094
002357.SZ,20150716,17.0,18.73,15.7,18.73,17.03,1.7,9.98,272729.85,484510.5681
002357.SZ,20150715,17.03,17.03,17.03,17.03,15.48,1.55,10.01,16846.25,28689.1638
002357.SZ,20150714,15.48,15.48,15.48,15.48,14.07,1.41,10.02,761.57,1178.9104
002357.SZ,20150707,15.08,15.42,14.07,14.07,15.63,-1.56,-9.98,69820.15,101598.3913
002357.SZ,20150706,19.1,19.1,15.62,15.63,17.36,-1.73,-9.97,127456.11,216388.9403
002357.SZ,20150703,18.5,19.33,17.36,17.36,19.29,-1.93,-10.01,108561.03,195085.4435
002357.SZ,20150702,20.92,21.6,19.29,19.29,21.43,-2.14,-9.99,100140.06,197440.0295
002357.SZ,20150701,23.1,24.15,21.43,21.43,23.81,-2.38,-10.0,94392.15,218580.5728
002357.SZ,20150630,21.12,24.53,20.93,23.81,23.26,0.55,2.36,112113.82,252752.6742
002357.SZ,20150629,26.5,26.65,23.26,23.26,25.84,-2.58,-9.98,80292.43,194118.6624
002357.SZ,20150626,26.26,27.46,25.84,25.84,28.71,-2.87,-10.0,73984.49,193720.7262
002357.SZ,20150625,32.0,32.4,28.53,28.71,31.7,-2.99,-9.43,84626.52,260079.9314
002357.SZ,20150624,31.75,32.4,30.84,31.7,31.03,0.67,2.16,66191.09,209869.0226
002357.SZ,20150623,30.9,32.18,29.2,31.03,30.35,0.68,2.24,60832.82,188248.1104
002357.SZ,20150619,32.08,32.3,29.65,30.35,32.42,-2.07,-6.38,53600.11,164491.6217
002357.SZ,20150618,35.5,36.18,32.1,32.42,35.41,-2.99,-8.44,58480.44,202060.0433
002357.SZ,20150617,35.94,36.5,32.86,35.41,36.51,-1.1,-3.01,88588.29,304606.6326
002357.SZ,20150616,39.54,40.4,36.51,36.51,40.57,-4.06,-10.01,65074.42,246684.8809
002357.SZ,20150615,40.68,42.47,38.9,40.57,41.1,-0.53,-1.29,70226.19,282696.3762
002357.SZ,20150612,40.5,43.8,40.0,41.1,40.46,0.64,1.58,93813.97,394497.6547
002357.SZ,20150611,37.38,40.46,37.15,40.46,36.78,3.68,10.01,84256.42,329506.2008
002357.SZ,20150610,35.85,37.2,34.71,36.78,35.86,0.92,2.57,50544.71,184027.962
002357.SZ,20150609,37.55,37.55,35.08,35.86,37.51,-1.65,-4.4,92699.44,337842.0045
002357.SZ,20150608,34.0,37.51,33.66,37.51,34.1,3.41,10.0,153218.5,554076.0729
002357.SZ,20150605,34.1,35.02,32.59,34.1,33.45,0.65,1.94,65587.58,223789.0245
002357.SZ,20150604,34.9,35.0,31.68,33.45,35.2,-1.75,-4.97,66447.74,222129.8003
002357.SZ,20150603,34.18,36.78,33.8,35.2,34.2,1.0,2.92,87753.44,309079.6892
002357.SZ,20150602,34.1,34.54,33.12,34.2,33.99,0.21,0.62,70611.6,239041.4492
002357.SZ,20150601,31.8,33.99,31.5,33.99,31.97,2.02,6.32,92403.17,301649.3014
002357.SZ,20150529,31.88,33.29,29.63,31.97,31.88,0.09,0.28,81184.39,259083.2457
002357.SZ,20150528,34.0,36.48,31.18,31.88,33.58,-1.7,-5.06,116351.1,403460.0162
002357.SZ,20150527,33.2,34.91,32.95,33.58,32.9,0.68,2.07,92684.79,314163.5158
002357.SZ,20150526,31.07,32.99,30.86,32.9,31.07,1.83,5.89,105691.13,340117.2571
002357.SZ,20150525,30.5,32.0,29.41,31.07,31.0,0.07,0.23,105797.4,323976.1151
002357.SZ,20150522,32.05,32.5,30.08,31.0,31.38,-0.38,-1.21,118582.71,369668.9676
002357.SZ,20150521,29.2,31.7,29.2,31.38,29.98,1.4,4.67,161615.52,496354.2751
002357.SZ,20150520,29.0,32.15,28.38,29.98,29.76,0.22,0.74,187224.87,563646.2905
002357.SZ,20150519,28.3,30.98,27.05,29.76,28.16,1.6,5.68,264020.57,778929.4552
002357.SZ,20150518,27.99,28.16,26.26,28.16,25.6,2.56,10.0,269913.44,741540.8152
002357.SZ,20150515,25.6,25.6,25.6,25.6,23.27,2.33,10.01,4953.32,12680.4992
002357.SZ,20150514,23.27,23.27,23.27,23.27,21.15,2.12,10.02,3196.39,7437.9995
002357.SZ,20150513,21.15,21.15,21.15,21.15,19.23,1.92,9.98,1215.41,2570.5922
002357.SZ,20150512,19.23,19.23,19.23,19.23,17.48,1.75,10.01,959.17,1844.4839
002357.SZ,20150327,17.32,17.77,17.25,17.6,17.38,0.22,1.27,33982.48,59833.0057
002357.SZ,20150326,17.26,17.68,17.0,17.38,17.39,-0.01,-0.06,46624.03,81008.3231
002357.SZ,20150325,17.31,17.9,17.23,17.39,17.46,-0.07,-0.4,41948.22,73074.9019
002357.SZ,20150324,17.85,18.2,16.88,17.46,17.91,-0.45,-2.51,55994.89,98406.853
002357.SZ,20150323,17.67,18.38,17.43,17.91,17.67,0.24,1.36,46673.85,83290.2409
002357.SZ,20150320,17.6,17.83,17.45,17.67,17.76,-0.09,-0.51,32864.12,57964.6012
002357.SZ,20150319,17.3,17.85,16.95,17.76,17.6,0.16,0.91,74042.32,128912.5124
002357.SZ,20150318,16.21,17.88,16.21,17.6,16.36,1.24,7.58,95034.95,163770.1986
002357.SZ,20150317,16.44,16.58,16.15,16.36,16.44,-0.08,-0.49,42045.33,68648.6323
002357.SZ,20150316,16.22,16.64,16.08,16.44,16.22,0.22,1.36,44657.14,73348.4525
002357.SZ,20150313,15.66,16.4,15.66,16.22,15.66,0.56,3.58,37502.24,60515.984
002357.SZ,20150312,15.96,16.3,15.5,15.66,15.95,-0.29,-1.82,26932.93,42579.1469
002357.SZ,20150311,16.26,16.45,15.86,15.95,16.26,-0.31,-1.91,29971.6,48038.3802
002357.SZ,20150310,15.72,16.88,15.5,16.26,15.72,0.54,3.44,74334.87,121255.0306
002357.SZ,20150309,15.5,15.95,15.5,15.72,15.46,0.26,1.68,35414.31,55718.9028
002357.SZ,20150306,15.62,15.76,15.3,15.46,15.61,-0.15,-0.96,33187.42,51402.3317
002357.SZ,20150305,15.38,15.86,15.36,15.61,15.58,0.03,0.19,52972.17,82879.553
002357.SZ,20150304,15.39,16.0,15.39,15.58,15.21,0.37,2.43,120842.3,188827.3831
002357.SZ,20150303,14.52,15.65,14.45,15.21,14.54,0.67,4.61,104023.05,158020.0069
002357.SZ,20150302,14.38,14.58,14.18,14.54,14.64,-0.1,-0.68,37275.06,53474.6251
002357.SZ,20150227,14.57,14.8,14.57,14.64,14.74,-0.1,-0.68,19370.88,28522.6817
002357.SZ,20150226,14.78,15.09,14.56,14.74,14.74,0.0,0.0,22427.13,33247.8937
002357.SZ,20150225,14.55,14.85,14.37,14.74,14.56,0.18,1.24,19768.23,28992.0747
002357.SZ,20150217,14.23,14.65,14.23,14.56,14.23,0.33,2.32,22359.57,32400.8402
002357.SZ,20150216,14.12,14.28,14.05,14.23,14.12,0.11,0.78,16569.22,23510.4551
002357.SZ,20150213,14.13,14.29,14.05,14.12,14.14,-0.02,-0.14,19077.72,26955.1089
002357.SZ,20150212,13.73,14.14,13.65,14.14,13.61,0.53,3.89,15859.13,22156.0652
002357.SZ,20150211,13.75,13.75,13.53,13.61,13.53,0.08,0.59,8455.13,11508.6794
002357.SZ,20150210,13.74,13.74,13.51,13.53,13.53,0.0,0.0,10375.26,14121.7338
002357.SZ,20150209,13.78,13.9,13.32,13.53,13.78,-0.25,-1.81,12574.65,17076.4125
002357.SZ,20150206,13.9,14.27,13.76,13.78,13.98,-0.2,-1.43,14427.98,20194.8084
002357.SZ,20150205,14.18,14.28,13.93,13.98,14.18,-0.2,-1.41,18145.81,25616.222
002357.SZ,20150204,13.73,14.3,13.53,14.18,13.71,0.47,3.43,33274.81,46596.1445
002357.SZ,20150203,13.35,13.76,13.35,13.71,13.45,0.26,1.93,12529.67,17106.6463
002357.SZ,20150202,13.51,13.61,13.41,13.45,13.61,-0.16,-1.18,11066.39,14936.6586
002357.SZ,20150130,13.74,13.74,13.5,13.61,13.63,-0.02,-0.15,11368.82,15499.5648
002357.SZ,20150129,13.7,13.78,13.61,13.63,13.8,-0.17,-1.23,11525.5,15751.5551
002357.SZ,20150128,13.85,13.92,13.73,13.8,13.85,-0.05,-0.36,15822.11,21870.0832
002357.SZ,20150127,13.82,13.98,13.61,13.85,13.79,0.06,0.44,23446.12,32392.7106
002357.SZ,20150126,13.45,13.8,13.41,13.79,13.4,0.39,2.91,23998.96,32702.5861
002357.SZ,20150123,13.59,13.63,13.36,13.4,13.6,-0.2,-1.47,17536.0,23672.3214
002357.SZ,20150122,13.6,13.63,13.38,13.6,13.56,0.04,0.3,20505.09,27676.5437
002357.SZ,20150121,13.26,13.7,13.23,13.56,13.19,0.37,2.81,35463.53,47892.0445
002357.SZ,20150120,12.8,13.2,12.75,13.19,12.8,0.39,3.05,20469.37,26753.169
002357.SZ,20150119,12.88,13.26,12.52,12.8,13.03,-0.23,-1.77,22728.49,29508.5368
002357.SZ,20150116,13.02,13.06,12.85,13.03,13.02,0.01,0.08,11769.91,15261.6268
002357.SZ,20150115,12.9,13.05,12.87,13.02,12.89,0.13,1.01,17332.31,22501.6879
002357.SZ,20150114,12.8,12.99,12.78,12.89,12.77,0.12,0.94,18395.87,23689.004
002357.SZ,20150113,12.77,12.82,12.66,12.77,12.68,0.09,0.71,16051.08,20458.9994
002357.SZ,20150112,12.93,12.93,12.6,12.68,12.92,-0.24,-1.86,11281.85,14346.4389
002357.SZ,20150109,12.92,13.05,12.8,12.92,12.92,0.0,0.0,17969.92,23257.3088
002357.SZ,20150108,12.99,13.18,12.77,12.92,12.99,-0.07,-0.54,13357.74,17263.3838
002357.SZ,20150107,12.87,13.19,12.77,12.99,12.9,0.09,0.7,26616.55,34498.7749
002357.SZ,20150106,12.62,13.25,12.5,12.9,12.61,0.29,2.3,36213.39,46920.7763
002357.SZ,20150105,12.15,12.66,12.15,12.61,12.14,0.47,3.87,19379.76,24063.3783
002357.SZ,20141231,12.06,12.27,11.96,12.14,11.96,0.18,1.51,14337.21,17351.1134
002357.SZ,20141230,12.56,12.56,11.96,11.96,12.55,-0.59,-4.7,22421.0,27217.3702
002357.SZ,20141229,12.82,12.83,12.54,12.55,12.82,-0.27,-2.11,13445.99,16933.2729
002357.SZ,20141226,12.7,12.88,12.64,12.82,12.7,0.12,0.94,16444.74,20923.8798
002357.SZ,20141225,12.58,12.95,12.58,12.7,12.58,0.12,0.95,20086.98,25648.8335
002357.SZ,20141224,12.33,12.6,12.23,12.58,12.21,0.37,3.03,20476.92,25418.9247
002357.SZ,20141223,12.5,12.71,12.15,12.21,12.62,-0.41,-3.25,26151.26,32297.609
002357.SZ,20141222,13.75,13.75,12.47,12.62,13.85,-1.23,-8.88,44948.83,57379.852
002357.SZ,20141219,14.09,14.14,13.71,13.85,14.1,-0.25,-1.77,25891.26,35947.2483
002357.SZ,20141218,14.0,14.28,13.92,14.1,14.06,0.04,0.28,22917.92,32304.1185
002357.SZ,20141217,14.36,14.39,13.99,14.06,14.37,-0.31,-2.16,32942.71,46563.9639
002357.SZ,20141216,14.44,14.51,14.26,14.37,14.43,-0.06,-0.42,25886.33,37209.2151
002357.SZ,20141215,14.39,14.52,14.19,14.43,14.39,0.04,0.28,31815.96,45532.4454
002357.SZ,20141212,14.49,14.64,14.27,14.39,14.33,0.06,0.42,49962.0,71991.5165
002357.SZ,20141211,14.1,14.37,13.99,14.33,14.02,0.31,2.21,55295.07,78369.9488
002357.SZ,20141210,14.02,14.3,13.93,14.02,13.92,0.1,0.72,56323.7,79200.4718
002357.SZ,20141209,14.68,14.68,13.89,13.92,14.68,-0.76,-5.18,54128.29,76632.2916
002357.SZ,20141208,15.1,15.1,14.61,14.68,15.14,-0.46,-3.04,39968.38,59035.7294
002357.SZ,20141205,15.57,15.61,14.75,15.14,15.62,-0.48,-3.07,57468.92,86699.4973
002357.SZ,20141204,15.52,15.9,15.5,15.62,15.51,0.11,0.71,29385.88,46098.3593
002357.SZ,20141203,15.51,15.65,15.24,15.51,15.53,-0.02,-0.13,36140.56,55816.3634
002357.SZ,20141202,15.31,15.68,15.24,15.53,15.54,-0.01,-0.06,41451.13,63898.0637
002357.SZ,20141201,15.58,16.18,15.31,15.54,15.55,-0.01,-0.06,43920.62,69023.8082
002357.SZ,20141128,15.61,16.3,15.44,15.55,15.31,0.24,1.57,54097.3,85783.4805
002357.SZ,20141127,15.31,15.6,15.28,15.31,15.43,-0.12,-0.78,24726.18,38207.4036
002357.SZ,20141126,15.1,15.46,15.06,15.43,15.1,0.33,2.19,21888.93,33367.7409
002357.SZ,20141125,15.03,15.11,14.85,15.1,15.09,0.01,0.07,15529.07,23277.3896
002357.SZ,20141124,15.09,15.23,15.0,15.09,15.08,0.01,0.07,18717.53,28302.3105
002357.SZ,20141121,15.18,15.2,14.92,15.08,14.91,0.17,1.14,11443.74,17212.6594
002357.SZ,20141120,14.92,15.06,14.9,14.91,15.1,-0.19,-1.26,11357.08,16976.031
002357.SZ,20141119,14.66,15.12,14.64,15.1,14.65,0.45,3.07,28869.96,42965.7319
002357.SZ,20141118,14.65,14.82,14.57,14.65,14.68,-0.03,-0.2,21304.33,31205.2713
002357.SZ,20141117,14.75,14.84,14.5,14.68,14.67,0.01,0.07,25050.44,36663.8094
002357.SZ,20141114,14.71,14.88,14.61,14.67,14.76,-0.09,-0.61,14793.41,21825.4869
002357.SZ,20141113,15.0,15.18,14.65,14.76,15.01,-0.25,-1.67,17670.26,26317.5299
002357.SZ,20141112,14.64,15.14,14.6,15.01,14.68,0.33,2.25,15708.3,23459.4643
002357.SZ,20141111,15.42,15.49,14.68,14.68,15.4,-0.72,-4.68,28936.31,43171.5259
002357.SZ,20141110,15.15,15.51,15.15,15.4,15.15,0.25,1.65,21243.87,32606.0642
002357.SZ,20141107,15.63,15.63,15.15,15.15,15.64,-0.49,-3.13,15063.86,23205.9674
002357.SZ,20141106,15.5,15.64,15.21,15.64,15.5,0.14,0.9,16901.85,25894.466
002357.SZ,20141105,15.78,15.78,15.47,15.5,15.79,-0.29,-1.84,21805.62,33938.9983
002357.SZ,20141104,15.85,15.86,15.42,15.79,15.79,0.0,0.0,29350.45,46225.8701
002357.SZ,20141103,15.21,15.83,15.21,15.79,15.16,0.63,4.16,63396.82,99333.6484
002357.SZ,20141031,15.08,15.34,14.9,15.16,15.08,0.08,0.53,35858.56,54517.3632
002357.SZ,20141030,15.27,15.38,15.0,15.08,15.28,-0.2,-1.31,26194.8,39886.3741
002357.SZ,20141029,15.18,15.57,15.18,15.28,15.18,0.1,0.66,36997.76,57032.6836
002357.SZ,20141028,14.75,15.32,14.75,15.18,14.75,0.43,2.92,23017.58,34825.0722
002357.SZ,20141027,14.61,14.82,14.45,14.75,14.61,0.14,0.96,9065.66,13255.0585
002357.SZ,20141024,14.5,14.68,14.44,14.61,14.5,0.11,0.76,6292.01,9162.0522
002357.SZ,20141023,14.74,14.94,14.2,14.5,14.74,-0.24,-1.63,21457.18,31271.3298
002357.SZ,20141022,15.23,15.33,14.61,14.74,15.3,-0.56,-3.66,25128.07,37539.3714
002357.SZ,20141021,15.19,15.43,15.16,15.3,15.19,0.11,0.72,34639.77,53026.0281
002357.SZ,20141020,14.8,15.25,14.7,15.19,14.76,0.43,2.91,33067.6,50049.2947
002357.SZ,20141017,14.99,15.14,14.48,14.76,14.98,-0.22,-1.47,17662.83,26236.8358
002357.SZ,20141016,15.01,15.19,14.9,14.98,15.01,-0.03,-0.2,27927.19,42067.5782
002357.SZ,20141015,14.99,15.26,14.77,15.01,15.0,0.01,0.07,42947.3,64533.9248
002357.SZ,20141014,15.39,15.6,14.98,15.0,15.32,-0.32,-2.09,48646.2,74143.3611
002357.SZ,20141013,15.8,16.08,15.12,15.32,15.89,-0.57,-3.59,45557.35,70229.1861
002357.SZ,20141010,16.22,16.45,15.88,15.89,16.2,-0.31,-1.91,41742.2,67649.2413
002357.SZ,20141009,16.19,16.43,16.05,16.2,16.18,0.02,0.12,44291.66,71954.3929
002357.SZ,20141008,15.47,16.49,15.33,16.18,15.47,0.71,4.59,103585.15,165968.8539
002357.SZ,20140930,15.15,15.57,15.15,15.47,15.17,0.3,1.98,38263.87,59080.1796
002357.SZ,20140929,14.8,15.2,14.8,15.17,14.8,0.37,2.5,47072.55,70884.5784
002357.SZ,20140926,14.75,14.99,14.65,14.8,14.82,-0.02,-0.14,21315.78,31625.5217
002357.SZ,20140925,14.8,14.92,14.55,14.82,14.75,0.07,0.47,45924.68,67646.5426
002357.SZ,20140924,14.56,14.94,14.46,14.75,14.58,0.17,1.17,51560.86,76211.2543
002357.SZ,20140923,14.85,14.94,14.28,14.58,14.94,-0.36,-2.41,62878.59,91582.9693
002357.SZ,20140922,15.5,15.53,14.78,14.94,15.66,-0.72,-4.6,34017.08,51449.2695
002357.SZ,20140919,15.49,15.82,15.33,15.66,15.54,0.12,0.77,34684.0,53953.1985
002357.SZ,20140918,15.35,15.59,15.22,15.54,15.32,0.22,1.44,28698.84,44105.1938
002357.SZ,20140917,15.28,15.49,15.0,15.32,15.42,-0.1,-0.65,24649.02,37619.1137
002357.SZ,20140916,15.76,15.89,14.9,15.42,15.81,-0.39,-2.47,84019.93,128592.5398
002357.SZ,20140915,16.47,16.47,15.5,15.81,16.57,-0.76,-4.59,90901.84,143444.0667
002357.SZ,20140912,16.6,16.85,16.12,16.57,16.6,-0.03,-0.18,29970.43,48987.5052
002357.SZ,20140911,16.18,16.6,16.04,16.6,16.15,0.45,2.79,46562.01,76232.0073
002357.SZ,20140910,15.96,16.15,15.81,16.15,15.95,0.2,1.25,20241.49,32433.7577
002357.SZ,20140909,15.9,16.45,15.78,15.95,15.94,0.01,0.06,39260.46,63134.7391
002357.SZ,20140905,15.95,16.26,15.61,15.94,15.81,0.13,0.82,46266.73,74008.0552
002357.SZ,20140904,16.08,16.08,15.75,15.81,16.0,-0.19,-1.19,23277.01,37021.8042
002357.SZ,20140903,15.95,16.28,15.8,16.0,15.95,0.05,0.31,46309.02,74171.6548
002357.SZ,20140902,15.49,16.19,15.19,15.95,15.15,0.8,5.28,71141.62,112560.5016
002357.SZ,20140901,15.4,15.53,15.1,15.15,15.38,-0.23,-1.5,32670.12,50145.8741
002357.SZ,20140829,15.03,15.46,15.0,15.38,15.06,0.32,2.12,18016.8,27528.9984
002357.SZ,20140828,14.88,15.18,14.88,15.06,15.09,-0.03,-0.2,18591.05,28019.899
002357.SZ,20140827,15.0,15.29,14.7,15.09,15.07,0.02,0.13,31655.52,47719.9084
002357.SZ,20140826,15.15,15.26,14.6,15.07,14.87,0.2,1.35,28482.06,42817.8072
002357.SZ,20140825,14.76,15.09,14.65,14.87,14.98,-0.11,-0.73,13181.08,19553.4541
002357.SZ,20140822,14.93,15.06,14.72,14.98,14.93,0.05,0.33,22442.02,33428.5475
002357.SZ,20140821,15.39,15.39,14.6,14.93,15.45,-0.52,-3.37,41447.07,61860.4852
002357.SZ,20140820,14.3,15.45,14.03,15.45,14.18,1.27,8.96,52043.11,77389.7816
002357.SZ,20140819,14.35,14.99,14.13,14.18,14.46,-0.28,-1.94,37178.25,53829.1676
002357.SZ,20140818,14.19,14.57,13.92,14.46,13.93,0.53,3.8,39244.59,55558.9019
002357.SZ,20140815,12.99,14.29,12.99,13.93,12.99,0.94,7.24,54341.56,74761.6505
002357.SZ,20140814,12.93,13.05,12.78,12.99,12.93,0.06,0.46,14129.79,18261.4016
002357.SZ,20140813,13.1,13.1,12.83,12.93,13.14,-0.21,-1.6,14663.17,18931.8328
002357.SZ,20140812,13.16,13.29,13.05,13.14,13.16,-0.02,-0.15,16245.93,21383.5614
002357.SZ,20140811,13.09,13.27,12.98,13.16,12.91,0.25,1.94,25853.56,34067.6021
002357.SZ,20140808,12.7,13.08,12.7,12.91,12.7,0.21,1.65,19423.68,25229.7295
002357.SZ,20140807,12.69,12.9,12.66,12.7,12.69,0.01,0.08,9302.69,11897.0532
002357.SZ,20140806,12.78,12.89,12.61,12.69,12.78,-0.09,-0.7,6874.52,8731.1386
002357.SZ,20140805,12.88,12.92,12.71,12.78,12.88,-0.1,-0.78,7155.23,9142.7529
002357.SZ,20140804,12.48,12.91,12.48,12.88,12.46,0.42,3.37,15006.69,19171.4176
002357.SZ,20140801,12.42,12.68,12.31,12.46,12.45,0.01,0.08,11798.85,14802.8124
002357.SZ,20140731,12.3,12.53,12.27,12.45,12.25,0.2,1.63,10086.23,12512.4136
002357.SZ,20140730,12.22,12.29,12.16,12.25,12.24,0.01,0.08,6141.17,7503.6703
002357.SZ,20140729,12.07,12.25,11.93,12.24,12.07,0.17,1.41,7225.17,8763.2366
002357.SZ,20140728,11.99,12.08,11.86,12.07,11.93,0.14,1.17,9372.2,11235.2528
002357.SZ,20140725,11.69,11.93,11.52,11.93,11.7,0.23,1.97,5731.56,6723.9778
002357.SZ,20140724,11.81,11.85,11.56,11.7,11.81,-0.11,-0.93,5179.66,6041.5504
002357.SZ,20140723,12.06,12.06,11.71,11.81,12.07,-0.26,-2.15,6430.53,7611.3909
002357.SZ,20140722,12.06,12.09,11.89,12.07,12.1,-0.03,-0.25,5372.3,6442.4612
002357.SZ,20140721,11.95,12.1,11.81,12.1,11.97,0.13,1.09,4124.55,4916.7234
002357.SZ,20140718,12.06,12.07,11.87,11.97,12.05,-0.08,-0.66,4811.18,5756.1218
002357.SZ,20140717,12.04,12.09,11.96,12.05,12.04,0.01,0.08,3958.26,4757.0594
002357.SZ,20140716,12.41,12.41,11.86,12.04,12.4,-0.36,-2.9,10426.2,12662.5172
002357.SZ,20140715,12.44,12.52,12.31,12.4,12.44,-0.04,-0.32,6440.19,7969.4577
002357.SZ,20140714,12.42,12.5,12.33,12.44,12.46,-0.02,-0.16,6423.75,7952.2784
002357.SZ,20140711,12.41,12.56,12.33,12.46,12.41,0.05,0.4,8412.67,10444.4442
002357.SZ,20140710,12.46,12.51,12.34,12.41,12.47,-0.06,-0.48,5554.26,6901.6725
002357.SZ,20140709,12.61,12.61,12.43,12.47,12.62,-0.15,-1.19,6268.47,7826.7357
002357.SZ,20140708,12.58,12.66,12.41,12.62,12.69,-0.07,-0.55,12140.03,15219.6467
002357.SZ,20140707,12.96,12.96,12.53,12.69,12.95,-0.26,-2.01,17771.49,22479.8085
002357.SZ,20140704,12.42,13.49,12.42,12.95,12.39,0.56,4.52,41242.5,53315.0163
002357.SZ,20140703,12.18,12.44,12.12,12.39,12.18,0.21,1.72,10835.1,13308.4084
002357.SZ,20140702,12.29,12.29,12.08,12.18,12.2,-0.02,-0.16,6453.46,7855.1124
002357.SZ,20140701,11.86,12.2,11.86,12.2,11.85,0.35,2.95,8171.26,9873.8078
002357.SZ,20140630,11.98,12.0,11.75,11.85,11.99,-0.14,-1.17,10010.5,11855.4523
002357.SZ,20140627,12.26,12.27,11.98,11.99,12.28,-0.29,-2.36,8681.41,10481.8054
002357.SZ,20140626,12.49,12.52,12.2,12.28,12.43,-0.15,-1.21,6599.07,8138.8453
002357.SZ,20140625,12.47,12.48,12.28,12.43,12.37,0.06,0.49,4492.11,5567.5661
002357.SZ,20140624,12.49,12.49,12.27,12.37,12.41,-0.04,-0.32,5148.84,6362.1392
002357.SZ,20140623,12.05,12.41,12.05,12.41,12.06,0.35,2.9,6010.73,7403.1436
002357.SZ,20140620,11.84,12.06,11.5,12.06,11.84,0.22,1.86,2162.79,2565.5223
002357.SZ,20140619,12.26,12.26,11.83,11.84,12.15,-0.31,-2.55,3197.49,3861.5971
002357.SZ,20140618,12.25,12.35,12.1,12.15,12.12,0.03,0.25,4135.28,5054.1948
002357.SZ,20140617,12.28,12.43,12.12,12.12,12.3,-0.18,-1.46,5365.79,6556.0221
002357.SZ,20140616,12.5,12.56,12.27,12.3,12.47,-0.17,-1.36,13590.23,16850.3034
002357.SZ,20140613,12.31,12.54,12.21,12.47,12.38,0.09,0.73,5100.06,6351.4989
002357.SZ,20140612,12.59,12.62,12.36,12.38,12.51,-0.13,-1.04,2941.31,3665.5037
002357.SZ,20140611,12.51,12.66,12.32,12.51,12.49,0.02,0.16,6190.73,7736.303
002357.SZ,20140610,12.09,12.49,12.09,12.49,12.02,0.47,3.91,11484.41,14133.3515
002357.SZ,20140609,11.85,12.28,11.8,12.02,11.83,0.19,1.61,6569.94,7942.0028
002357.SZ,20140606,11.86,11.86,11.75,11.83,11.8,0.03,0.25,1678.41,1979.7354
002357.SZ,20140605,11.9,11.92,11.65,11.8,11.88,-0.08,-0.67,2207.16,2602.7153
002357.SZ,20140604,11.81,11.9,11.65,11.88,11.9,-0.02,-0.17,3271.0,3847.211
002357.SZ,20140603,11.8,11.9,11.6,11.9,11.8,0.1,0.85,6196.75,7297.1557
002357.SZ,20140530,11.8,11.81,11.4,11.8,11.8,0.0,0.0,7874.4,9122.7218
002357.SZ,20140529,11.9,11.9,11.63,11.8,11.83,-0.03,-0.25,4184.09,4921.9107
002357.SZ,20140528,11.79,11.86,11.7,11.83,11.79,0.04,0.34,4188.4,4936.0178
002357.SZ,20140527,11.89,11.91,11.7,11.79,11.8,-0.01,-0.08,3567.81,4208.2628
002357.SZ,20140526,11.85,11.93,11.74,11.8,11.85,-0.05,-0.42,5878.54,6935.9221
002357.SZ,20140523,11.9,11.94,11.74,11.85,11.86,-0.01,-0.08,3612.02,4272.414
002357.SZ,20140522,12.01,12.01,11.77,11.86,11.88,-0.02,-0.17,4137.49,4904.6543
002357.SZ,20140521,11.86,11.98,11.76,11.88,11.86,0.02,0.17,2696.37,3198.1551
002357.SZ,20140520,11.91,12.14,11.85,11.86,11.89,-0.03,-0.25,2795.01,3354.4081
002357.SZ,20140519,11.88,11.98,11.7,11.89,11.94,-0.05,-0.42,3794.86,4491.2659
002357.SZ,20140516,11.93,12.2,11.79,11.94,11.9,0.04,0.34,5443.87,6506.3119
002357.SZ,20140515,12.17,12.34,11.9,11.9,12.31,-0.41,-3.33,3243.7,3941.1789
002357.SZ,20140514,12.46,12.7,12.21,12.31,12.31,0.0,0.0,6339.0,7847.5956
002357.SZ,20140513,12.33,12.53,12.19,12.31,12.29,0.02,0.16,4535.3,5600.5669
002357.SZ,20140512,12.18,12.39,12.17,12.29,12.09,0.2,1.65,2380.61,2923.1496
002357.SZ,20140509,12.1,12.27,11.97,12.09,12.09,0.0,0.0,1828.5,2214.7055
002357.SZ,20140508,12.17,12.27,12.02,12.09,12.17,-0.08,-0.66,3104.83,3767.6278
002357.SZ,20140507,12.43,12.69,12.15,12.17,12.62,-0.45,-3.57,4844.02,6011.6215
002357.SZ,20140506,12.49,12.95,12.34,12.62,12.52,0.1,0.8,5891.76,7502.7153
002357.SZ,20140505,12.3,12.69,12.05,12.52,12.25,0.27,2.2,6540.23,8132.7867
002357.SZ,20140430,11.29,12.45,11.11,12.25,11.44,0.81,7.08,6599.9,7902.0927
002357.SZ,20140429,11.67,11.97,11.06,11.44,11.7,-0.26,-2.22,8106.0,9243.9193
002357.SZ,20140428,12.69,12.87,11.47,11.7,12.73,-1.03,-8.09,8881.19,10665.4635
002357.SZ,20140425,13.1,13.1,12.73,12.73,12.9,-0.17,-1.32,2973.6,3818.5172
002357.SZ,20140424,12.9,13.1,12.72,12.9,12.73,0.17,1.34,3769.46,4866.4051
002357.SZ,20140423,13.03,13.03,12.7,12.73,12.78,-0.05,-0.39,3883.96,4977.3192
002357.SZ,20140422,13.0,13.14,12.6,12.78,13.0,-0.22,-1.69,9911.72,12700.1145
002357.SZ,20140421,13.5,13.65,12.71,13.0,13.53,-0.53,-3.92,8111.52,10754.6934
002357.SZ,20140418,13.35,13.59,13.21,13.53,13.25,0.28,2.11,6324.03,8486.3721
002357.SZ,20140417,13.22,13.3,13.16,13.25,13.18,0.07,0.53,4476.16,5914.5877
002357.SZ,20140416,13.38,13.38,13.1,13.18,13.32,-0.14,-1.05,6290.54,8291.6735
002357.SZ,20140415,13.62,13.64,13.11,13.32,13.52,-0.2,-1.48,7847.5,10458.7455
002357.SZ,20140414,13.62,13.85,13.37,13.52,13.75,-0.23,-1.67,10057.87,13604.5905
002357.SZ,20140411,14.15,14.15,13.62,13.75,13.99,-0.24,-1.72,6725.15,9278.6197
002357.SZ,20140410,13.75,14.0,13.64,13.99,13.74,0.25,1.82,16759.39,23337.833
002357.SZ,20140409,13.56,13.75,13.53,13.74,13.56,0.18,1.33,5976.81,8131.9978
002357.SZ,20140408,13.66,13.68,13.45,13.56,13.68,-0.12,-0.88,5793.89,7866.6625
002357.SZ,20140404,13.78,13.93,13.51,13.68,13.75,-0.07,-0.51,8086.41,11090.2005
002357.SZ,20140403,12.7,14.05,12.7,13.85,12.81,1.04,8.12,11746.85,15895.9483
002357.SZ,20140402,12.98,13.1,12.72,12.81,12.81,0.0,0.0,5480.77,7026.0617
002357.SZ,20140401,12.84,12.85,12.7,12.81,12.73,0.08,0.63,3685.14,4708.5831
002357.SZ,20140331,12.88,13.12,12.63,12.73,12.9,-0.17,-1.32,4890.61,6251.3509
002357.SZ,20140328,13.53,13.53,12.6,12.9,13.4,-0.5,-3.73,10731.01,14052.8134
002357.SZ,20140327,13.45,13.67,13.33,13.4,13.45,-0.05,-0.37,6732.04,9100.9755
002357.SZ,20140326,13.6,13.64,13.42,13.45,13.6,-0.15,-1.1,5029.06,6795.2552
002357.SZ,20140325,13.7,13.88,13.4,13.6,13.64,-0.04,-0.29,6970.58,9507.7916
002357.SZ,20140324,13.32,13.83,13.26,13.64,13.32,0.32,2.4,5879.32,8004.9924
002357.SZ,20140321,13.15,13.47,12.75,13.32,13.35,-0.03,-0.22,17305.14,22595.1552
002357.SZ,20140320,13.78,13.96,13.35,13.35,13.79,-0.44,-3.19,8693.89,11898.9537
002357.SZ,20140319,13.72,13.9,13.5,13.79,13.8,-0.01,-0.07,7368.38,10066.2896
002357.SZ,20140318,13.88,14.06,13.7,13.8,13.8,0.0,0.0,11501.9,15937.091
002357.SZ,20140317,13.66,13.89,13.46,13.8,13.66,0.14,1.02,8292.63,11388.4803
002357.SZ,20140314,14.12,14.12,13.38,13.66,14.01,-0.35,-2.5,11094.63,15127.1402
002357.SZ,20140313,13.99,14.08,13.76,14.01,13.98,0.03,0.21,13069.73,18207.2557
002357.SZ,20140312,14.1,14.29,13.57,13.98,14.1,-0.12,-0.85,17461.93,24288.9574
002357.SZ,20140311,12.7,14.29,12.7,14.1,13.59,0.51,3.75,37325.11,51667.859
002357.SZ,20140310,12.91,14.12,12.86,13.59,12.84,0.75,5.84,48700.48,67410.1684
002357.SZ,20140307,12.11,12.84,12.11,12.84,12.21,0.63,5.16,11731.95,14738.6346
002357.SZ,20140306,12.32,12.41,12.1,12.21,12.49,-0.28,-2.24,11723.57,14282.1326
002357.SZ,20140305,12.45,12.57,12.3,12.49,12.45,0.04,0.32,5773.34,7191.5937
002357.SZ,20140304,12.45,12.72,12.3,12.45,12.48,-0.03,-0.24,6740.54,8435.4817
002357.SZ,20140303,12.32,12.56,12.16,12.48,12.3,0.18,1.46,9163.88,11367.629
002357.SZ,20140228,12.26,12.39,12.04,12.3,12.27,0.03,0.24,14424.54,17597.2144
002357.SZ,20140227,12.49,12.55,12.1,12.27,12.45,-0.18,-1.45,10427.4,12915.5171
002357.SZ,20140226,12.05,12.57,11.78,12.45,12.43,0.02,0.16,24602.1,29824.737
002357.SZ,20140225,13.56,13.82,12.42,12.43,13.55,-1.12,-8.27,20465.53,27231.2045
002357.SZ,20140224,13.47,13.66,13.36,13.55,13.57,-0.02,-0.15,9176.33,12449.3
002357.SZ,20140221,13.43,13.87,13.24,13.57,13.43,0.14,1.04,10036.45,13638.0333
002357.SZ,20140220,13.4,13.77,13.31,13.43,13.44,-0.01,-0.07,10014.27,13532.9852
002357.SZ,20140219,13.94,13.94,13.43,13.44,13.85,-0.41,-2.96,16622.65,22579.1064
002357.SZ,20140218,13.81,14.27,13.71,13.85,13.88,-0.03,-0.22,18958.58,26549.2319
002357.SZ,20140217,13.71,13.94,13.38,13.88,13.66,0.22,1.61,24910.32,34020.0595
002357.SZ,20140214,13.9,14.11,13.51,13.66,13.85,-0.19,-1.37,17612.85,24184.524
002357.SZ,20140213,14.78,14.93,13.8,13.85,14.56,-0.71,-4.88,19601.41,28334.7719
002357.SZ,20140212,14.06,14.6,14.06,14.56,14.24,0.32,2.25,19464.49,28056.609
002357.SZ,20140211,14.38,14.4,13.95,14.24,14.35,-0.11,-0.77,17237.95,24412.8845
002357.SZ,20140210,13.22,14.43,13.11,14.35,13.28,1.07,8.06,24800.96,34330.6294
002357.SZ,20140207,13.0,13.39,12.76,13.28,13.0,0.28,2.15,18519.32,24264.0604
002357.SZ,20140130,12.38,13.02,12.27,13.0,12.32,0.68,5.52,17163.69,22010.3915
002357.SZ,20140129,11.7,12.33,11.7,12.32,11.84,0.48,4.05,15763.57,19148.3095
002357.SZ,20140128,11.65,11.86,11.61,11.84,11.8,0.04,0.34,6572.13,7714.8039
002357.SZ,20140127,11.84,12.18,11.45,11.8,11.92,-0.12,-1.01,10424.32,12246.2165
002357.SZ,20140124,11.78,12.06,11.66,11.92,11.92,0.0,0.0,15407.08,18201.9754
002357.SZ,20140123,12.07,12.11,11.3,11.92,12.0,-0.08,-0.67,33612.57,39349.2575
002357.SZ,20140122,11.8,12.16,11.64,12.0,11.77,0.23,1.95,25120.34,30054.145
002357.SZ,20140121,11.23,11.77,11.12,11.77,11.19,0.58,5.18,23056.79,26609.7997
002357.SZ,20140120,11.05,11.2,11.05,11.19,11.08,0.11,0.99,16293.47,18127.7627
002357.SZ,20140117,11.15,11.25,11.01,11.08,11.16,-0.08,-0.72,17069.28,18919.1992
002357.SZ,20140116,11.1,11.3,11.01,11.16,11.2,-0.04,-0.36,16947.8,18914.5251
002357.SZ,20140115,10.61,11.27,10.58,11.2,10.68,0.52,4.87,43316.71,48085.5769
002357.SZ,20140114,10.52,10.8,10.5,10.68,10.59,0.09,0.85,27478.06,29304.2015
002357.SZ,20140113,10.12,10.6,10.1,10.59,10.16,0.43,4.23,27809.65,29016.0977
002357.SZ,20140110,10.28,10.28,10.11,10.16,10.33,-0.17,-1.65,7748.06,7878.4619
002357.SZ,20140109,10.29,10.48,10.17,10.33,10.38,-0.05,-0.48,11841.31,12229.5039
002357.SZ,20140108,9.96,10.38,9.9,10.38,9.96,0.42,4.22,18609.77,18977.7602
002357.SZ,20140107,9.9,10.03,9.82,9.96,9.9,0.06,0.61,5168.7,5134.9022
002357.SZ,20140106,10.39,10.39,9.82,9.9,10.34,-0.44,-4.26,26526.13,26612.0146
002357.SZ,20140103,10.2,10.48,10.1,10.34,10.2,0.14,1.37,14118.44,14593.5418
002357.SZ,20140102,10.13,10.25,10.1,10.2,10.2,0.0,0.0,7931.52,8061.215
002357.SZ,20131231,10.0,10.26,10.0,10.2,10.11,0.09,0.89,7643.49,7779.6068
002357.SZ,20131230,10.26,10.26,10.0,10.11,10.19,-0.08,-0.79,8609.94,8699.2368
002357.SZ,20131227,9.98,10.31,9.87,10.19,10.05,0.14,1.39,15688.76,15908.4676
002357.SZ,20131226,10.1,10.42,9.9,10.05,10.13,-0.08,-0.79,31156.8,31576.0764
002357.SZ,20131225,10.49,10.49,10.09,10.13,10.49,-0.36,-3.43,24796.2,25363.7143
002357.SZ,20131224,10.0,10.5,9.86,10.49,9.96,0.53,5.32,34340.41,35446.7742
002357.SZ,20131223,9.5,10.0,9.5,9.96,9.5,0.46,4.84,17178.11,16896.1267
002357.SZ,20131220,9.76,9.82,9.5,9.5,9.76,-0.26,-2.66,7444.55,7155.7392
002357.SZ,20131219,9.86,9.94,9.75,9.76,9.82,-0.06,-0.61,4681.98,4589.4389
002357.SZ,20131218,9.69,9.89,9.69,9.82,9.8,0.02,0.2,5688.94,5574.4717
002357.SZ,20131217,9.71,9.91,9.61,9.8,9.82,-0.02,-0.2,9076.71,8868.8202
002357.SZ,20131216,9.55,10.34,9.5,9.82,9.49,0.33,3.48,19193.7,18956.3774
002357.SZ,20131213,9.43,9.54,9.43,9.49,9.51,-0.02,-0.21,2130.68,2023.9753
002357.SZ,20131212,9.39,9.56,9.39,9.51,9.45,0.06,0.63,6869.39,6512.2861
002357.SZ,20131211,9.46,9.52,9.39,9.45,9.46,-0.01,-0.11,4507.89,4257.9796
002357.SZ,20131210,9.45,9.56,9.34,9.46,9.4,0.06,0.64,4749.14,4481.7215
002357.SZ,20131209,9.47,9.48,9.31,9.4,9.4,0.0,0.0,4814.0,4519.665
002357.SZ,20131206,9.55,9.63,9.31,9.4,9.55,-0.15,-1.57,5694.24,5353.2339
002357.SZ,20131205,9.53,9.62,9.41,9.55,9.53,0.02,0.21,6210.81,5915.6585
002357.SZ,20131204,9.38,9.63,9.38,9.53,9.5,0.03,0.32,9150.4,8723.9845
002357.SZ,20131203,9.25,9.55,9.18,9.5,9.2,0.3,3.26,8830.71,8313.01
002357.SZ,20131202,9.92,9.92,9.2,9.2,10.05,-0.85,-8.46,21008.75,20025.6295
002357.SZ,20131129,9.92,10.09,9.88,10.05,9.98,0.07,0.7,7856.51,7856.5145
002357.SZ,20131128,9.92,10.02,9.92,9.98,10.0,-0.02,-0.2,11352.65,11323.1341
002357.SZ,20131127,9.98,10.0,9.83,10.0,9.9,0.1,1.01,12525.93,12449.0787
002357.SZ,20131126,9.8,9.98,9.71,9.9,9.8,0.1,1.02,7347.33,7208.0927
002357.SZ,20131125,9.59,9.96,9.5,9.8,9.6,0.2,2.08,11532.82,11277.6621
002357.SZ,20131122,9.4,9.6,9.33,9.6,9.38,0.22,2.35,8833.72,8362.0646
002357.SZ,20131121,9.45,9.49,9.3,9.38,9.45,-0.07,-0.74,6430.49,6031.7024
002357.SZ,20131120,9.45,9.68,9.32,9.45,9.48,-0.03,-0.32,8204.09,7756.4103
002357.SZ,20131119,9.42,9.57,9.34,9.48,9.49,-0.01,-0.11,11502.26,10905.5109
002357.SZ,20131118,9.61,9.69,9.3,9.49,9.42,0.07,0.74,19828.75,18860.0962
002357.SZ,20131115,9.18,9.44,9.18,9.42,9.13,0.29,3.18,18472.23,17263.5743
002357.SZ,20131114,9.02,9.13,8.92,9.13,9.02,0.11,1.2195,10398.81,9415.3557
002357.SZ,20131113,8.93,9.19,8.86,9.02,9.0,0.02,0.22,11388.03,10304.6566
002357.SZ,20131112,8.9,9.09,8.83,9.0,8.89,0.11,1.24,9858.1,8838.3903
002357.SZ,20131111,8.4,8.89,8.25,8.89,8.45,0.44,5.21,14159.96,12252.248
002357.SZ,20131108,8.3,8.6,8.3,8.45,8.42,0.03,0.36,14178.53,12052.1844
002357.SZ,20131107,8.66,8.66,8.35,8.42,8.68,-0.26,-3.0,12238.62,10387.3699
002357.SZ,20131106,8.98,8.98,8.55,8.68,8.99,-0.31,-3.45,22964.12,19951.9706
002357.SZ,20131105,9.1,9.1,8.85,8.99,9.11,-0.12,-1.32,15963.75,14243.9746
002357.SZ,20131104,9.1,9.26,8.97,9.11,9.11,0.0,0.0,12869.39,11692.4278
002357.SZ,20131101,9.11,9.2,9.05,9.11,9.11,0.0,0.0,3430.63,3132.6615
002357.SZ,20131031,9.21,9.24,9.0,9.11,9.25,-0.14,-1.51,7243.18,6588.4416
002357.SZ,20131030,8.88,9.38,8.87,9.25,8.93,0.32,3.58,17323.59,15813.9878
002357.SZ,20131029,9.2,9.34,8.72,8.93,9.25,-0.32,-3.46,29350.08,26429.6014
002357.SZ,20131028,9.18,9.43,9.18,9.25,9.25,0.0,0.0,12436.36,11594.6496
002357.SZ,20131025,9.37,9.57,9.14,9.25,9.43,-0.18,-1.91,14644.54,13561.7489
002357.SZ,20131024,9.26,9.7,9.08,9.43,9.65,-0.22,-2.28,22024.8,20712.0325
002357.SZ,20131023,9.9,10.53,9.5,9.65,9.66,-0.01,-0.1,43964.17,43817.2669
002357.SZ,20131022,9.25,9.77,9.25,9.66,9.25,0.41,4.43,24860.92,23919.3953
002357.SZ,20131021,8.9,9.32,8.82,9.25,8.9,0.35,3.93,16609.06,15248.0388
002357.SZ,20131018,8.73,8.95,8.66,8.9,8.8,0.1,1.14,12442.66,10927.3717
002357.SZ,20131017,9.09,9.2,8.79,8.8,9.05,-0.25,-2.76,15131.02,13534.3513
002357.SZ,20131016,9.07,9.1,8.91,9.05,9.08,-0.03,-0.33,13278.08,11986.9118
002357.SZ,20131015,9.19,9.3,8.98,9.08,9.25,-0.17,-1.84,16903.96,15445.2459
002357.SZ,20131014,9.17,9.3,8.97,9.25,9.32,-0.07,-0.75,24909.05,22650.1614
002357.SZ,20131011,9.32,9.48,9.2,9.32,9.32,0.0,0.0,17920.3,16689.9513
002357.SZ,20131010,9.03,9.5,8.82,9.32,9.03,0.29,3.21,36491.89,33999.4259
002357.SZ,20131009,8.91,9.08,8.73,9.03,8.92,0.11,1.23,20919.71,18698.947
002357.SZ,20131008,8.4,9.16,8.38,8.92,8.33,0.59,7.08,41887.74,37542.8481
002357.SZ,20130930,8.0,8.33,8.0,8.33,8.05,0.28,3.48,19206.37,15779.4409
002357.SZ,20130927,8.03,8.15,8.01,8.05,8.07,-0.02,-0.25,9082.42,7319.6217
002357.SZ,20130926,8.11,8.25,8.03,8.07,8.12,-0.05,-0.62,20840.42,16980.6893
002357.SZ,20130925,7.96,8.14,7.91,8.12,8.02,0.1,1.25,14826.06,11956.2482
002357.SZ,20130924,7.89,8.19,7.88,8.02,7.9,0.12,1.52,23473.37,18894.7261
002357.SZ,20130923,7.74,7.93,7.74,7.9,7.74,0.16,2.07,15967.92,12578.98
002357.SZ,20130918,7.45,7.77,7.45,7.74,7.5,0.24,3.2,12463.86,9579.5554
002357.SZ,20130917,7.61,7.62,7.49,7.5,7.63,-0.13,-1.7,17042.04,12842.0295
002357.SZ,20130916,7.62,7.71,7.6,7.63,7.62,0.01,0.13,9855.31,7535.3174
002357.SZ,20130913,7.69,7.74,7.6,7.62,7.66,-0.04,-0.52,7907.88,6052.5159
002357.SZ,20130912,7.48,7.76,7.48,7.66,7.5,0.16,2.13,11798.14,9020.3966
002357.SZ,20130911,7.44,7.56,7.4,7.5,7.44,0.06,0.81,8580.55,6402.1487
002357.SZ,20130910,7.6,7.6,7.4,7.44,7.59,-0.15,-1.98,10447.5,7855.5718
002357.SZ,20130909,7.52,7.62,7.5,7.59,7.5,0.09,1.2,10696.7,8087.1781
002357.SZ,20130906,7.4,7.54,7.4,7.5,7.48,0.02,0.27,5190.04,3881.5386
002357.SZ,20130905,7.46,7.5,7.3,7.48,7.46,0.02,0.27,8259.86,6127.7326
002357.SZ,20130904,7.43,7.57,7.43,7.46,7.53,-0.07,-0.93,4138.25,3098.1017
002357.SZ,20130903,7.32,7.58,7.25,7.53,7.32,0.21,2.87,16221.48,12148.1774
002357.SZ,20130902,7.36,7.36,7.2,7.32,7.36,-0.04,-0.54,15066.3,10908.2114
002357.SZ,20130830,7.4,7.82,7.3,7.36,7.43,-0.07,-0.94,30348.59,22943.0759
002357.SZ,20130829,7.37,7.44,7.28,7.43,7.37,0.06,0.81,14149.95,10444.0137
002357.SZ,20130828,7.12,7.43,7.12,7.37,7.24,0.13,1.8,17231.22,12605.6748
002357.SZ,20130827,7.16,7.29,7.12,7.24,7.1,0.14,1.97,12563.43,9080.4256
002357.SZ,20130826,7.0,7.14,7.0,7.1,7.0,0.1,1.43,7570.23,5364.2844
002357.SZ,20130823,7.05,7.09,6.86,7.0,7.04,-0.04,-0.57,11259.24,7882.9106
002357.SZ,20130822,7.19,7.23,7.0,7.04,7.23,-0.19,-2.63,8641.0,6133.6527
002357.SZ,20130821,7.12,7.23,7.1,7.23,7.16,0.07,0.98,4581.08,3283.6562
002357.SZ,20130820,7.24,7.24,7.12,7.16,7.18,-0.02,-0.28,4512.29,3231.4553
002357.SZ,20130819,7.08,7.22,7.08,7.18,7.11,0.07,0.98,3675.87,2636.4541
002357.SZ,20130816,7.29,7.33,7.06,7.11,7.33,-0.22,-3.0,7675.15,5513.7282
002357.SZ,20130815,7.27,7.38,7.27,7.33,7.34,-0.01,-0.14,4122.5,3018.3305
002357.SZ,20130814,7.42,7.42,7.31,7.34,7.4,-0.06,-0.81,4118.01,3031.3824
002357.SZ,20130813,7.35,7.4,7.27,7.4,7.32,0.08,1.09,5921.77,4358.7317
002357.SZ,20130812,7.27,7.35,7.23,7.32,7.29,0.03,0.41,4994.96,3639.323
002357.SZ,20130809,7.15,7.3,7.15,7.29,7.16,0.13,1.82,8082.86,5848.8522
002357.SZ,20130808,7.16,7.2,7.11,7.16,7.16,0.0,0.0,4678.83,3349.7737
002357.SZ,20130807,7.25,7.25,7.09,7.16,7.23,-0.07,-0.97,9869.48,7063.1154
002357.SZ,20130806,7.08,7.24,7.04,7.23,7.11,0.12,1.69,8233.39,5909.3575
002357.SZ,20130805,7.16,7.21,6.95,7.11,7.18,-0.07,-0.97,10747.53,7613.1977
002357.SZ,20130802,7.24,7.29,7.15,7.18,7.25,-0.07,-0.97,6774.77,4880.3113
002357.SZ,20130801,7.12,7.26,7.12,7.25,7.11,0.14,1.97,7056.66,5074.7751
002357.SZ,20130731,7.07,7.15,7.07,7.11,7.08,0.03,0.42,3354.5,2385.1321
002357.SZ,20130730,7.09,7.26,7.05,7.08,7.15,-0.07,-0.98,6025.37,4284.3809
002357.SZ,20130729,7.15,7.22,7.06,7.15,7.15,0.0,0.0,11530.76,8240.3055
002357.SZ,20130726,6.88,7.15,6.85,7.15,6.91,0.24,3.47,11283.2,7945.7385
002357.SZ,20130725,6.95,6.99,6.88,6.91,6.98,-0.07,-1.0,7360.99,5096.9994
002357.SZ,20130724,6.91,7.03,6.91,6.98,6.95,0.03,0.43,7487.03,5212.2331
002357.SZ,20130723,6.86,7.03,6.85,6.95,6.9,0.05,0.72,8778.86,6093.9077
002357.SZ,20130722,6.8,6.92,6.66,6.9,6.8,0.1,1.47,11731.39,8076.1247
002357.SZ,20130719,6.81,6.92,6.69,6.8,6.8,0.0,0.0,9690.15,6587.8939
002357.SZ,20130718,6.69,6.81,6.6,6.8,6.73,0.07,1.04,7366.41,4961.2269
002357.SZ,20130717,6.86,6.9,6.63,6.73,6.91,-0.18,-2.6,13470.55,9127.3457
002357.SZ,20130716,7.4,7.4,6.8,6.91,6.8,0.11,1.62,24131.45,16824.8542
002357.SZ,20130715,6.59,6.88,6.59,6.8,6.62,0.18,2.72,7181.63,4881.5807
002357.SZ,20130712,6.54,6.7,6.53,6.62,6.56,0.06,0.91,12107.03,8018.0635
002357.SZ,20130711,6.36,6.68,6.36,6.56,6.39,0.17,2.66,14343.68,9375.9833
002357.SZ,20130710,6.13,6.46,6.13,6.39,6.18,0.21,3.4,10634.69,6758.964
002357.SZ,20130709,6.17,6.2,6.09,6.18,6.11,0.07,1.15,3935.69,2415.1471
002357.SZ,20130708,6.34,6.34,6.11,6.11,6.4,-0.29,-4.53,7757.5,4787.4544
002357.SZ,20130705,6.36,6.59,6.36,6.4,6.36,0.04,0.63,8144.41,5267.0053
002357.SZ,20130704,6.25,6.43,6.17,6.36,6.28,0.08,1.27,8311.59,5250.8554
002357.SZ,20130703,6.36,6.4,6.18,6.28,6.37,-0.09,-1.41,5795.19,3622.3009
002357.SZ,20130702,6.3,6.38,6.26,6.37,6.35,0.02,0.32,4913.65,3113.4103
002357.SZ,20130701,6.3,6.37,6.23,6.35,6.32,0.03,0.47,5249.41,3315.2584
002357.SZ,20130628,6.34,6.42,6.18,6.32,6.35,-0.03,-0.47,5125.59,3243.8873
002357.SZ,20130627,6.42,6.43,6.32,6.35,6.39,-0.04,-0.63,8305.5,5294.4339
002357.SZ,20130626,6.42,6.53,6.11,6.39,6.43,-0.04,-0.62,14671.96,9383.8301
002357.SZ,20130625,6.35,6.49,5.76,6.43,6.37,0.06,0.94,13969.59,8623.3843
002357.SZ,20130624,6.8,6.8,6.3,6.37,6.78,-0.41,-6.05,11379.19,7464.4673
002357.SZ,20130621,6.8,6.86,6.68,6.78,6.86,-0.08,-1.17,10009.17,6761.1284
002357.SZ,20130620,6.99,7.01,6.84,6.86,7.02,-0.16,-2.28,7107.0,4915.601
002357.SZ,20130619,7.09,7.09,6.85,7.02,7.1,-0.08,-1.13,8875.95,6187.3808
002357.SZ,20130618,7.05,7.15,6.99,7.1,7.03,0.07,1.0,8508.61,6007.1531
002357.SZ,20130617,7.07,7.11,6.95,7.03,7.07,-0.04,-0.57,13161.98,9240.5646
002357.SZ,20130614,7.03,7.17,7.0,7.07,7.05,0.02,0.28,20244.0,14298.6751
002357.SZ,20130613,7.26,7.26,6.83,7.05,7.31,-0.26,-3.56,17395.31,12210.2754
002357.SZ,20130607,7.54,7.55,7.31,7.31,7.53,-0.22,-2.92,8830.0,6560.1008
002357.SZ,20130606,7.56,7.67,7.53,7.53,7.57,-0.04,-0.53,11572.91,8774.2865
002357.SZ,20130605,7.5,7.6,7.48,7.57,7.53,0.04,0.53,6767.49,5110.9459
002357.SZ,20130604,7.63,7.72,7.48,7.53,7.68,-0.15,-1.95,14813.34,11242.863
002357.SZ,20130603,7.69,7.8,7.67,7.68,7.77,-0.09,-1.16,14909.03,11517.5822
002357.SZ,20130531,7.91,8.02,7.75,7.77,7.95,-0.18,-2.26,25260.02,19770.9741
002357.SZ,20130530,7.81,8.04,7.7,7.95,7.87,0.08,1.02,28064.28,22146.8264
002357.SZ,20130529,7.99,8.0,7.75,7.87,7.96,-0.09,-1.13,16991.54,13403.5957
002357.SZ,20130528,7.84,8.02,7.77,7.96,7.85,0.11,1.4,27750.91,22076.0507
002357.SZ,20130527,7.79,7.86,7.75,7.85,7.83,0.02,0.26,23879.28,18656.278
002357.SZ,20130524,7.8,7.87,7.67,7.83,7.89,-0.06,-0.76,50584.08,39220.1545
002357.SZ,20130523,7.45,7.94,7.38,7.89,7.45,0.44,5.91,68073.64,52844.1378
002357.SZ,20130522,7.56,7.56,7.42,7.45,7.51,-0.06,-0.8,11303.02,8453.3388
002357.SZ,20130521,7.45,7.56,7.43,7.51,7.45,0.06,0.81,12759.5,9581.3653
002357.SZ,20130520,7.45,7.5,7.4,7.45,7.41,0.04,0.54,15581.67,11610.8753
002357.SZ,20130517,7.39,7.42,7.35,7.41,7.35,0.06,0.82,17356.92,12820.2197
002357.SZ,20130516,7.29,7.38,7.24,7.35,7.29,0.06,0.82,13598.42,9955.9934
002357.SZ,20130515,7.24,7.3,7.24,7.29,7.24,0.05,0.69,6400.55,4659.5888
002357.SZ,20130514,7.31,7.31,7.18,7.24,7.35,-0.11,-1.5,5695.66,4126.1248
002357.SZ,20130513,7.29,7.35,7.27,7.35,7.29,0.06,0.82,6870.25,5032.2833
002357.SZ,20130510,7.24,7.3,7.18,7.29,7.23,0.06,0.83,6576.35,4776.3474
002357.SZ,20130509,7.3,7.32,7.17,7.23,7.3,-0.07,-0.96,7104.35,5136.0104
002357.SZ,20130508,7.3,7.31,7.22,7.3,7.27,0.03,0.41,5936.22,4309.0243
002357.SZ,20130507,7.27,7.27,7.21,7.27,7.27,0.0,0.0,3829.91,2772.2875
002357.SZ,20130506,7.25,7.28,7.17,7.27,7.21,0.06,0.83,7668.84,5542.9652
002357.SZ,20130503,7.12,7.25,7.1,7.21,7.12,0.09,1.26,5113.35,3686.6364
002357.SZ,20130502,7.11,7.16,7.09,7.12,7.11,0.01,0.14,3255.06,2316.0202
002357.SZ,20130426,7.28,7.3,7.11,7.11,7.23,-0.12,-1.66,8137.09,5844.8824
002357.SZ,20130425,7.54,7.64,7.39,7.43,7.61,-0.18,-2.37,11476.0,8603.1574
002357.SZ,20130424,7.44,7.68,7.4,7.61,7.44,0.17,2.28,13658.48,10384.475
002357.SZ,20130423,7.53,7.53,7.36,7.44,7.56,-0.12,-1.59,9650.07,7174.0858
002357.SZ,20130422,7.35,7.65,7.35,7.56,7.37,0.19,2.58,17111.67,12905.4945
002357.SZ,20130419,7.31,7.4,7.29,7.37,7.28,0.09,1.24,8712.04,6397.3776
002357.SZ,20130418,7.34,7.34,7.24,7.28,7.32,-0.04,-0.55,2923.62,2130.0374
002357.SZ,20130417,7.3,7.33,7.22,7.32,7.3,0.02,0.27,1948.5,1419.29
002357.SZ,20130416,7.15,7.33,7.15,7.3,7.19,0.11,1.53,4402.78,3183.265
002357.SZ,20130415,7.35,7.35,7.13,7.19,7.32,-0.13,-1.78,4890.81,3532.4574
002357.SZ,20130412,7.36,7.41,7.31,7.32,7.36,-0.04,-0.54,3110.99,2289.0657
002357.SZ,20130411,7.42,7.45,7.36,7.36,7.37,-0.01,-0.14,7663.91,5668.2724
002357.SZ,20130410,7.42,7.42,7.35,7.37,7.43,-0.06,-0.81,4958.51,3655.9304
002357.SZ,20130409,7.38,7.46,7.34,7.43,7.37,0.06,0.81,4612.64,3414.067
002357.SZ,20130408,7.5,7.5,7.31,7.37,7.5,-0.13,-1.73,5715.1,4208.0944
002357.SZ,20130403,7.79,7.79,7.49,7.5,7.73,-0.23,-2.98,11969.15,9089.6979
002357.SZ,20130402,7.77,7.89,7.71,7.73,7.83,-0.1,-1.28,16630.01,12997.7535
002357.SZ,20130401,7.66,7.88,7.64,7.83,7.71,0.12,1.56,15762.97,12251.6454
002357.SZ,20130329,7.66,7.77,7.66,7.71,7.72,-0.01,-0.13,5539.0,4281.073
002357.SZ,20130328,7.81,7.81,7.64,7.72,7.83,-0.11,-1.4,9849.91,7607.0405
002357.SZ,20130327,7.62,7.9,7.62,7.83,7.66,0.17,2.22,9136.01,7053.4486
002357.SZ,20130326,7.74,7.74,7.6,7.66,7.71,-0.05,-0.65,4717.56,3603.1529
002357.SZ,20130325,7.7,7.75,7.68,7.71,7.73,-0.02,-0.26,2938.1,2265.9009
002357.SZ,20130322,7.7,7.76,7.68,7.73,7.69,0.04,0.52,5921.09,4566.9657
002357.SZ,20130321,7.66,7.73,7.63,7.69,7.68,0.01,0.13,6274.0,4822.5134
002357.SZ,20130320,7.53,7.7,7.51,7.68,7.53,0.15,1.99,5997.07,4580.4076
002357.SZ,20130319,7.5,7.59,7.45,7.53,7.52,0.01,0.13,5618.37,4218.4663
002357.SZ,20130318,7.63,7.64,7.52,7.52,7.63,-0.11,-1.44,4324.4,3286.5915
002357.SZ,20130315,7.63,7.73,7.57,7.63,7.64,-0.01,-0.13,6348.66,4855.5656
002357.SZ,20130314,7.74,7.74,7.61,7.64,7.68,-0.04,-0.52,6823.77,5226.9857
002357.SZ,20130313,7.75,7.75,7.57,7.68,7.73,-0.05,-0.65,5480.94,4192.8492
002357.SZ,20130312,7.95,7.95,7.7,7.73,7.95,-0.22,-2.77,11365.33,8853.5338
002357.SZ,20130311,7.83,7.98,7.83,7.95,7.86,0.09,1.15,7511.38,5949.2563
002357.SZ,20130308,7.99,8.0,7.83,7.86,7.99,-0.13,-1.63,7946.44,6285.996
002357.SZ,20130307,7.95,8.03,7.91,7.99,7.98,0.01,0.13,16024.05,12772.3961
002357.SZ,20130306,7.86,7.99,7.79,7.98,7.88,0.1,1.27,18611.72,14686.1666
002357.SZ,20130305,7.82,7.91,7.79,7.88,7.79,0.09,1.16,8043.65,6328.5045
002357.SZ,20130304,7.98,7.98,7.7,7.79,7.99,-0.2,-2.5,13219.86,10354.972
002357.SZ,20130301,7.93,7.99,7.86,7.99,7.92,0.07,0.88,12396.14,9818.3413
002357.SZ,20130228,7.81,7.92,7.79,7.92,7.79,0.13,1.67,9760.1,7677.8299
002357.SZ,20130227,7.95,8.04,7.75,7.79,7.98,-0.19,-2.38,14054.28,11072.3549
002357.SZ,20130226,8.06,8.12,7.98,7.98,8.12,-0.14,-1.72,11949.94,9621.5816
002357.SZ,20130225,8.1,8.13,8.06,8.12,8.05,0.07,0.87,6031.34,4886.9148
002357.SZ,20130222,8.04,8.12,8.03,8.05,8.06,-0.01,-0.12,6087.73,4922.2231
002357.SZ,20130221,8.16,8.17,8.02,8.06,8.22,-0.16,-1.95,14567.38,11777.2197
002357.SZ,20130220,8.11,8.22,8.1,8.22,8.1,0.12,1.48,10541.88,8601.2631
002357.SZ,20130219,8.23,8.27,8.1,8.1,8.23,-0.13,-1.58,12198.3,9936.9526
002357.SZ,20130218,8.15,8.26,8.15,8.23,8.16,0.07,0.86,16502.95,13545.3841
002357.SZ,20130208,8.11,8.2,8.1,8.16,8.09,0.07,0.87,18767.82,15325.4677
002357.SZ,20130207,8.08,8.14,8.03,8.09,8.09,0.0,0.0,13238.63,10704.2228
002357.SZ,20130206,8.15,8.17,8.08,8.09,8.19,-0.1,-1.22,21210.53,17218.3864
002357.SZ,20130205,8.2,8.21,8.12,8.19,8.24,-0.05,-0.61,12658.78,10331.8063
002357.SZ,20130204,8.11,8.3,8.08,8.24,8.14,0.1,1.23,22371.27,18290.7645
002357.SZ,20130201,8.24,8.24,8.01,8.14,8.35,-0.21,-2.52,33456.53,27113.3989
002357.SZ,20130131,8.45,8.45,8.28,8.35,8.49,-0.14,-1.65,16706.66,13934.3406
002357.SZ,20130130,8.3,8.55,8.2,8.49,8.32,0.17,2.04,30828.01,25891.8281
002357.SZ,20130129,8.35,8.4,8.26,8.32,8.27,0.05,0.6,13717.69,11418.8592
002357.SZ,20130128,8.16,8.29,8.13,8.27,8.15,0.12,1.47,12101.27,9948.0779
002357.SZ,20130125,8.1,8.19,8.07,8.15,8.11,0.04,0.49,8942.9,7267.6542
002357.SZ,20130124,8.24,8.43,8.04,8.11,8.29,-0.18,-2.17,18826.37,15536.3942
002357.SZ,20130123,8.19,8.33,8.16,8.29,8.26,0.03,0.36,11640.38,9592.6336
002357.SZ,20130122,8.48,8.48,8.2,8.26,8.5,-0.24,-2.82,21019.08,17552.961
002357.SZ,20130121,8.39,8.57,8.39,8.5,8.49,0.01,0.12,29759.06,25198.3631
002357.SZ,20130118,8.2,8.6,8.2,8.49,8.21,0.28,3.41,50068.32,42455.3647
002357.SZ,20130117,8.27,8.28,8.15,8.21,8.28,-0.07,-0.85,9087.84,7454.5987
002357.SZ,20130116,8.33,8.36,8.12,8.28,8.33,-0.05,-0.6,15646.04,12909.1449
002357.SZ,20130115,8.25,8.36,8.21,8.33,8.22,0.11,1.34,29507.24,24505.5983
002357.SZ,20130114,7.95,8.25,7.95,8.22,7.99,0.23,2.88,19190.39,15683.19
002357.SZ,20130111,8.27,8.27,7.99,7.99,8.25,-0.26,-3.15,15462.46,12579.404
002357.SZ,20130110,8.26,8.31,8.2,8.25,8.26,-0.01,-0.12,11199.65,9235.1841
002357.SZ,20130109,8.21,8.31,8.15,8.26,8.21,0.05,0.61,15418.69,12714.2576
002357.SZ,20130108,8.24,8.25,8.08,8.21,8.24,-0.03,-0.36,19210.82,15661.7195
002357.SZ,20130107,8.15,8.26,8.13,8.24,8.23,0.01,0.12,11153.14,9165.857
002357.SZ,20130104,8.35,8.37,8.13,8.23,8.31,-0.08,-0.96,7679.94,6325.6695
002357.SZ,20121231,8.3,8.35,8.21,8.31,8.28,0.03,0.36,11487.33,9491.8757
002357.SZ,20121228,8.27,8.3,8.16,8.28,8.22,0.06,0.73,8035.42,6613.8433
002357.SZ,20121227,8.47,8.47,8.21,8.22,8.47,-0.25,-2.95,21424.29,17790.7814
002357.SZ,20121226,8.1,8.54,8.05,8.47,8.11,0.36,4.44,36192.36,30279.6025
002357.SZ,20121225,7.9,8.29,7.89,8.11,7.96,0.15,1.88,18813.5,15316.2643
002357.SZ,20121224,7.91,7.98,7.87,7.96,7.95,0.01,0.13,7831.34,6217.878
002357.SZ,20121221,7.85,8.05,7.85,7.95,7.98,-0.03,-0.38,15323.51,12202.3221
002357.SZ,20121220,7.75,8.0,7.66,7.98,7.8,0.18,2.31,14866.87,11650.9508
002357.SZ,20121219,7.71,7.82,7.65,7.8,7.73,0.07,0.91,6837.33,5282.5959
002357.SZ,20121218,7.72,7.79,7.66,7.73,7.75,-0.02,-0.26,6394.45,4936.8462
002357.SZ,20121217,7.7,7.85,7.67,7.75,7.74,0.01,0.13,12120.74,9394.6586
002357.SZ,20121214,7.45,7.77,7.37,7.74,7.4,0.34,4.59,16486.03,12621.9652
002357.SZ,20121213,7.5,7.54,7.39,7.4,7.55,-0.15,-1.99,3547.0,2641.707
002357.SZ,20121212,7.57,7.62,7.4,7.55,7.58,-0.03,-0.4,5937.81,4440.9924
002357.SZ,20121211,7.67,7.7,7.55,7.58,7.67,-0.09,-1.17,5133.4,3916.6061
002357.SZ,20121210,7.52,7.67,7.52,7.67,7.58,0.09,1.19,6112.47,4665.6873
002357.SZ,20121207,7.51,7.63,7.46,7.58,7.47,0.11,1.47,4552.46,3441.4194
002357.SZ,20121206,7.45,7.59,7.36,7.47,7.55,-0.08,-1.06,5215.19,3893.4657
002357.SZ,20121205,7.23,7.94,7.22,7.55,7.22,0.33,4.57,9588.14,7256.2549
002357.SZ,20121204,7.03,7.22,7.03,7.22,7.13,0.09,1.26,3460.45,2474.5229
002357.SZ,20121203,7.31,7.31,7.13,7.13,7.31,-0.18,-2.46,2987.2,2162.0171
002357.SZ,20121130,7.24,7.38,7.19,7.31,7.25,0.06,0.83,2521.4,1843.9469
002357.SZ,20121129,7.25,7.38,7.23,7.25,7.25,0.0,0.0,2645.39,1928.2862
002357.SZ,20121128,7.51,7.51,7.18,7.25,7.6,-0.35,-4.61,6141.2,4454.8527
002357.SZ,20121127,7.91,7.92,7.6,7.6,7.98,-0.38,-4.76,6629.98,5128.133
002357.SZ,20121126,8.05,8.05,7.93,7.98,8.11,-0.13,-1.6,4539.87,3621.2229
002357.SZ,20121123,7.91,8.18,7.91,8.11,7.93,0.18,2.27,7824.84,6310.3735
002357.SZ,20121122,8.01,8.01,7.92,7.93,8.02,-0.09,-1.12,2256.29,1793.5839
002357.SZ,20121121,7.99,8.04,7.88,8.02,7.96,0.06,0.75,4199.0,3333.9841
002357.SZ,20121120,7.99,8.01,7.93,7.96,7.99,-0.03,-0.38,2076.92,1654.0779
002357.SZ,20121119,7.89,8.0,7.88,7.99,7.94,0.05,0.63,2054.53,1629.8822
002357.SZ,20121116,8.06,8.06,7.88,7.94,7.98,-0.04,-0.5,3812.56,3025.2652
002357.SZ,20121115,8.02,8.13,7.95,7.98,8.08,-0.1,-1.24,4011.69,3220.292
002357.SZ,20121114,8.04,8.1,8.0,8.08,8.04,0.04,0.5,3854.8,3101.6414
002357.SZ,20121113,8.08,8.23,8.02,8.04,8.09,-0.05,-0.62,4530.4,3670.027
002357.SZ,20121112,8.02,8.11,8.02,8.09,8.03,0.06,0.75,2721.91,2197.6028
002357.SZ,20121109,8.06,8.11,8.0,8.03,8.06,-0.03,-0.37,4314.48,3469.355
002357.SZ,20121108,8.2,8.2,8.06,8.06,8.22,-0.16,-1.95,4156.85,3366.6947
002357.SZ,20121107,8.14,8.26,8.09,8.22,8.14,0.08,0.98,5341.47,4369.8658
002357.SZ,20121106,8.24,8.26,8.08,8.14,8.27,-0.13,-1.57,7046.12,5733.1756
002357.SZ,20121105,8.32,8.34,8.2,8.27,8.34,-0.07,-0.84,4977.51,4103.7853
002357.SZ,20121102,8.31,8.36,8.27,8.34,8.34,0.0,0.0,4107.31,3414.0572
002357.SZ,20121101,8.31,8.41,8.26,8.34,8.36,-0.02,-0.24,7850.89,6545.4224
002357.SZ,20121031,8.11,8.38,8.05,8.36,8.13,0.23,2.83,12334.57,10176.4355
002357.SZ,20121030,8.15,8.16,8.05,8.13,8.07,0.06,0.74,3501.89,2839.2088
002357.SZ,20121029,8.14,8.16,8.01,8.07,8.14,-0.07,-0.86,5174.88,4177.6145
002357.SZ,20121026,8.3,8.35,8.1,8.14,8.38,-0.24,-2.86,6838.08,5596.5937
002357.SZ,20121025,8.34,8.44,8.34,8.38,8.36,0.02,0.24,4670.87,3917.6032
002357.SZ,20121024,8.33,8.4,8.33,8.36,8.38,-0.02,-0.24,3569.8,2985.6718
002357.SZ,20121023,8.48,8.48,8.37,8.38,8.48,-0.1,-1.18,4330.11,3646.8496
002357.SZ,20121022,8.38,8.48,8.33,8.48,8.39,0.09,1.07,9234.93,7778.0323
002357.SZ,20121019,8.41,8.45,8.33,8.39,8.45,-0.06,-0.71,4290.82,3600.1723
002357.SZ,20121018,8.28,8.45,8.28,8.45,8.34,0.11,1.32,9494.44,7976.0676
002357.SZ,20121017,8.29,8.39,8.24,8.34,8.29,0.05,0.6,3420.02,2847.1771
002357.SZ,20121016,8.23,8.34,8.23,8.29,8.29,0.0,0.0,3415.19,2836.2922
002357.SZ,20121015,8.29,8.33,8.21,8.29,8.3,-0.01,-0.12,2547.26,2103.9312
002357.SZ,20121012,8.33,8.35,8.21,8.3,8.26,0.04,0.48,3586.03,2971.5629
002357.SZ,20121011,8.45,8.48,8.25,8.26,8.42,-0.16,-1.9,11861.82,9888.242
002357.SZ,20121010,8.37,8.55,8.31,8.42,8.39,0.03,0.36,8949.34,7531.3986
002357.SZ,20121009,8.3,8.41,8.25,8.39,8.25,0.14,1.7,10791.42,9030.018
002357.SZ,20121008,8.22,8.25,8.16,8.25,8.22,0.03,0.37,4178.73,3429.3866
002357.SZ,20120928,8.08,8.23,8.05,8.22,8.1,0.12,1.48,5503.51,4483.9328
002357.SZ,20120927,7.98,8.18,7.96,8.1,8.0,0.1,1.25,7458.3,6031.3877
002357.SZ,20120926,8.18,8.26,7.93,8.0,8.24,-0.24,-2.91,8017.6,6443.618
002357.SZ,20120925,8.3,8.5,8.21,8.24,8.26,-0.02,-0.24,7460.9,6211.6879
002357.SZ,20120924,8.09,8.3,8.09,8.26,8.19,0.07,0.85,6223.6,5119.872
002357.SZ,20120921,8.12,8.29,8.12,8.19,8.12,0.07,0.86,11845.79,9735.8186
002357.SZ,20120920,8.26,8.28,8.09,8.12,8.28,-0.16,-1.93,5860.62,4775.0672
002357.SZ,20120919,8.22,8.35,8.22,8.28,8.22,0.06,0.73,3795.9,3139.1532
002357.SZ,20120918,8.23,8.28,8.18,8.22,8.22,0.0,0.0,4208.0,3459.679
002357.SZ,20120917,8.45,8.45,8.2,8.22,8.41,-0.19,-2.26,7111.08,5897.6497
002357.SZ,20120914,8.45,8.52,8.37,8.41,8.43,-0.02,-0.24,9484.76,7992.6852
002357.SZ,20120913,8.52,8.59,8.41,8.43,8.55,-0.12,-1.4,7966.8,6777.2524
002357.SZ,20120912,8.47,8.57,8.46,8.55,8.47,0.08,0.94,6895.91,5875.9884
002357.SZ,20120911,8.54,8.54,8.43,8.47,8.58,-0.11,-1.28,10065.6,8527.8122
002357.SZ,20120910,8.52,8.71,8.51,8.58,8.57,0.01,0.12,15210.59,13102.3338
002357.SZ,20120907,8.4,8.64,8.4,8.57,8.37,0.2,2.39,18931.29,16184.6751
002357.SZ,20120906,8.38,8.46,8.33,8.37,8.36,0.01,0.12,5137.21,4306.0887
002357.SZ,20120905,8.3,8.38,8.24,8.36,8.28,0.08,0.97,6072.74,5066.4041
002357.SZ,20120904,8.24,8.4,8.24,8.28,8.26,0.02,0.24,8492.1,7053.2329
002357.SZ,20120903,8.15,8.29,8.1,8.26,8.19,0.07,0.85,6111.28,5028.0496
002357.SZ,20120831,8.07,8.19,8.07,8.19,8.13,0.06,0.74,3932.68,3195.8273
002357.SZ,20120830,8.24,8.3,8.08,8.13,8.26,-0.13,-1.57,9245.98,7542.4362
002357.SZ,20120829,8.23,8.38,8.19,8.26,8.22,0.04,0.49,5904.78,4895.4033
002357.SZ,20120828,8.15,8.29,8.13,8.22,8.15,0.07,0.86,4323.79,3547.5704
002357.SZ,20120827,8.26,8.26,8.15,8.15,8.3,-0.15,-1.81,6446.79,5288.7189
002357.SZ,20120824,8.55,8.56,8.27,8.3,8.53,-0.23,-2.7,6196.65,5209.4676
002357.SZ,20120823,8.4,8.55,8.38,8.53,8.46,0.07,0.83,5986.88,5090.2424
002357.SZ,20120822,8.53,8.6,8.4,8.46,8.54,-0.08,-0.94,8041.06,6840.45
002357.SZ,20120821,8.39,8.54,8.34,8.54,8.36,0.18,2.15,9490.57,8043.4324
002357.SZ,20120820,8.38,8.41,8.26,8.36,8.4,-0.04,-0.48,4158.86,3462.224
002357.SZ,20120817,8.23,8.45,8.2,8.4,8.23,0.17,2.07,10522.75,8769.7907
002357.SZ,20120816,8.2,8.31,8.2,8.23,8.22,0.01,0.12,4145.96,3415.7656
002357.SZ,20120815,8.33,8.34,8.21,8.22,8.35,-0.13,-1.56,4314.3,3568.944
002357.SZ,20120814,8.35,8.39,8.17,8.35,8.35,0.0,0.0,9864.28,8157.665
002357.SZ,20120813,8.57,8.6,8.35,8.35,8.57,-0.22,-2.57,6818.13,5782.0779
002357.SZ,20120810,8.62,8.63,8.5,8.57,8.62,-0.05,-0.58,10040.13,8591.4173
002357.SZ,20120809,8.52,8.66,8.5,8.62,8.59,0.03,0.35,13445.02,11562.5855
002357.SZ,20120808,8.63,8.71,8.51,8.59,8.59,0.0,0.0,9955.23,8570.5241
002357.SZ,20120807,8.58,8.65,8.49,8.59,8.56,0.03,0.35,10065.0,8647.4815
002357.SZ,20120806,8.38,8.58,8.3,8.56,8.41,0.15,1.78,9819.3,8303.2172
002357.SZ,20120803,8.38,8.44,8.31,8.41,8.27,0.14,1.69,9550.03,8001.5508
002357.SZ,20120802,8.28,8.33,8.16,8.27,8.35,-0.08,-0.96,5031.69,4160.382
002357.SZ,20120801,8.1,8.37,8.1,8.35,8.18,0.17,2.08,11179.67,9218.0987
002357.SZ,20120731,8.53,8.66,8.12,8.18,8.66,-0.48,-5.54,13706.63,11366.7476
002357.SZ,20120730,8.59,8.7,8.54,8.66,8.59,0.07,0.81,5974.32,5160.0657
002357.SZ,20120727,8.67,8.67,8.52,8.59,8.54,0.05,0.59,4216.99,3613.7811
002357.SZ,20120726,8.62,8.69,8.53,8.54,8.6,-0.06,-0.7,5573.19,4790.1858
002357.SZ,20120725,8.79,8.8,8.56,8.6,8.79,-0.19,-2.16,9735.21,8441.1763
002357.SZ,20120724,8.72,8.84,8.67,8.79,8.79,0.0,0.0,7233.71,6330.7344
002357.SZ,20120723,8.62,8.82,8.56,8.79,8.71,0.08,0.92,11689.7,10181.7475
002357.SZ,20120720,8.63,8.72,8.6,8.71,8.71,0.0,0.0,8182.74,7086.7231
002357.SZ,20120719,8.59,8.83,8.51,8.71,8.57,0.14,1.63,18145.26,15743.5698
002357.SZ,20120718,8.51,8.58,8.36,8.57,8.53,0.04,0.47,9448.39,8003.9887
002357.SZ,20120717,8.38,8.55,8.25,8.53,8.5,0.03,0.35,9741.01,8170.8115
002357.SZ,20120716,8.7,8.87,8.48,8.5,8.44,0.06,0.71,26740.47,23227.2963
002357.SZ,20120713,8.6,8.68,8.25,8.44,8.74,-0.3,-3.43,15720.9,13335.9543
002357.SZ,20120712,8.43,8.89,8.32,8.74,8.37,0.37,4.42,23276.45,20146.3303
002357.SZ,20120711,8.28,8.45,8.26,8.37,8.26,0.11,1.33,5225.32,4366.8381
002357.SZ,20120710,8.31,8.32,8.15,8.26,8.25,0.01,0.12,3731.69,3076.73
002357.SZ,20120709,8.39,8.39,8.24,8.25,8.38,-0.13,-1.55,3695.18,3072.9931
002357.SZ,20120706,8.27,8.42,8.18,8.38,8.23,0.15,1.82,3465.51,2873.1452
002357.SZ,20120705,8.38,8.4,8.2,8.23,8.38,-0.15,-1.79,4100.73,3380.8617
002357.SZ,20120704,8.49,8.5,8.33,8.38,8.46,-0.08,-0.95,4295.69,3611.2404
002357.SZ,20120703,8.46,8.54,8.41,8.46,8.45,0.01,0.12,3017.0,2564.7708
002357.SZ,20120702,8.39,8.52,8.35,8.45,8.39,0.06,0.72,3687.41,3106.5043
002357.SZ,20120629,8.18,8.39,8.18,8.39,8.26,0.13,1.57,4082.37,3386.239
002357.SZ,20120628,8.45,8.51,8.26,8.26,8.44,-0.18,-2.13,4459.0,3733.183
002357.SZ,20120627,8.49,8.61,8.41,8.44,8.49,-0.05,-0.59,5029.5,4292.6247
002357.SZ,20120626,8.46,8.55,8.36,8.49,8.47,0.02,0.24,3373.33,2849.5343
002357.SZ,20120625,8.72,8.72,8.45,8.47,8.73,-0.26,-2.98,5453.0,4662.8665
002357.SZ,20120621,8.92,8.92,8.64,8.73,8.91,-0.18,-2.02,7012.13,6129.3428
002357.SZ,20120620,8.92,8.96,8.88,8.91,8.9,0.01,0.11,4405.09,3928.5361
002357.SZ,20120619,8.87,8.96,8.84,8.9,8.88,0.02,0.23,5018.87,4469.927
002357.SZ,20120618,8.88,9.0,8.79,8.88,8.79,0.09,1.02,8447.76,7521.6305
002357.SZ,20120615,8.83,8.89,8.7,8.79,8.78,0.01,0.11,7123.21,6267.6553
002357.SZ,20120614,8.88,8.92,8.72,8.78,8.88,-0.1,-1.13,6824.66,6029.8415
002357.SZ,20120613,8.78,8.91,8.73,8.88,8.73,0.15,1.72,7081.45,6249.3143
002357.SZ,20120612,8.86,8.86,8.72,8.73,8.91,-0.18,-2.02,5580.96,4893.2422
002357.SZ,20120611,8.89,8.95,8.75,8.91,8.87,0.04,0.45,10402.68,9232.7733
002357.SZ,20120608,8.79,8.88,8.75,8.87,8.71,0.16,1.84,8379.9,7372.2052
002357.SZ,20120607,8.82,8.87,8.68,8.71,8.72,-0.01,-0.11,6195.17,5433.1375
002357.SZ,20120606,8.92,8.92,8.71,8.72,8.83,-0.11,-1.25,5212.31,4590.5073
002357.SZ,20120605,8.79,8.9,8.76,8.83,8.78,0.05,0.57,4746.46,4188.5702
002357.SZ,20120604,9.0,9.0,8.78,8.78,9.11,-0.33,-3.62,8016.0,7117.831
002357.SZ,20120601,9.25,9.26,9.03,9.11,9.22,-0.11,-1.19,6773.38,6192.4594
002357.SZ,20120531,9.15,9.29,9.12,9.22,9.2,0.02,0.22,6559.68,6047.0725
002357.SZ,20120530,9.26,9.32,9.18,9.2,9.26,-0.06,-0.65,7163.0,6624.9109
002357.SZ,20120529,8.99,9.35,8.95,9.26,9.01,0.25,2.77,16075.82,14830.7741
002357.SZ,20120528,8.9,9.04,8.71,9.01,8.92,0.09,1.01,11258.04,9981.7226
002357.SZ,20120525,8.98,9.06,8.88,8.92,8.98,-0.06,-0.67,6856.75,6148.0613
002357.SZ,20120524,9.0,9.11,8.96,8.98,9.07,-0.09,-0.99,5094.49,4604.1226
002357.SZ,20120523,9.14,9.17,8.92,9.07,9.07,0.0,0.0,9537.5,8636.0033
002357.SZ,20120522,9.13,9.28,9.13,9.22,9.1,0.12,1.32,6112.54,5628.8394
002357.SZ,20120521,9.29,9.37,9.01,9.1,9.3,-0.2,-2.15,8338.27,7632.2297
002357.SZ,20120518,9.47,9.57,9.3,9.3,9.58,-0.28,-2.92,14301.19,13481.5517
002357.SZ,20120517,9.3,9.62,9.26,9.58,9.29,0.29,3.12,21190.67,20121.7985
002357.SZ,20120516,9.3,9.4,9.25,9.29,9.32,-0.03,-0.32,7220.88,6729.353
002357.SZ,20120514,9.34,9.44,9.23,9.32,9.25,0.07,0.76,8533.46,7957.3332
002357.SZ,20120511,9.27,9.4,9.25,9.25,9.32,-0.07,-0.75,9172.54,8541.4493
002357.SZ,20120510,9.39,9.44,9.24,9.32,9.29,0.03,0.32,10744.92,10026.0094
002357.SZ,20120509,9.53,9.53,9.28,9.29,9.55,-0.26,-2.72,17041.9,15969.1372
002357.SZ,20120508,9.7,9.71,9.52,9.55,9.7,-0.15,-1.55,17591.32,16808.2514
002357.SZ,20120507,9.6,9.71,9.52,9.7,9.64,0.06,0.62,11347.33,10927.136
002357.SZ,20120504,9.71,9.74,9.57,9.64,9.76,-0.12,-1.23,14711.49,14203.1671
002357.SZ,20120503,9.7,9.82,9.63,9.76,9.77,-0.01,-0.1,16162.81,15740.3215
002357.SZ,20120502,9.75,9.93,9.67,9.77,9.75,0.02,0.21,23638.28,23178.1844
002357.SZ,20120427,9.5,9.75,9.34,9.75,9.48,0.27,2.85,12228.76,11609.1435
002357.SZ,20120426,9.68,9.7,9.39,9.48,9.68,-0.2,-2.07,27499.75,26215.604
002357.SZ,20120425,9.3,10.15,9.15,9.68,9.33,0.35,3.75,59004.06,57361.3449
002357.SZ,20120424,9.23,9.45,9.01,9.33,9.32,0.01,0.11,14653.71,13474.629
002357.SZ,20120423,9.43,9.54,9.25,9.32,9.41,-0.09,-0.96,13167.76,12380.7581
002357.SZ,20120420,9.39,9.53,9.3,9.41,9.36,0.05,0.53,14969.11,14094.1148
002357.SZ,20120419,9.15,9.44,9.11,9.36,9.17,0.19,2.07,21631.89,20184.7389
002357.SZ,20120418,8.93,9.18,8.93,9.17,8.92,0.25,2.8,9903.15,9035.7962
002357.SZ,20120417,9.11,9.14,8.89,8.92,9.1,-0.18,-1.98,6294.4,5669.6924
002357.SZ,20120416,9.08,9.15,9.03,9.1,9.08,0.02,0.22,6981.16,6348.6103
002357.SZ,20120413,9.08,9.18,9.01,9.08,9.07,0.01,0.11,8970.01,8147.8535
002357.SZ,20120412,8.97,9.09,8.9,9.07,8.97,0.1,1.11,10569.07,9536.0728
002357.SZ,20120411,8.81,9.03,8.76,8.97,8.94,0.03,0.34,4217.4,3768.8332
002357.SZ,20120410,8.88,8.96,8.62,8.94,8.86,0.08,0.9,6237.09,5469.6955
002357.SZ,20120409,9.0,9.1,8.86,8.86,8.99,-0.13,-1.45,7276.18,6533.3173
002357.SZ,20120406,8.88,9.11,8.85,8.99,8.98,0.01,0.11,8919.93,8022.7537
002357.SZ,20120405,8.71,9.08,8.66,8.98,8.69,0.29,3.34,10919.0,9722.4428
002357.SZ,20120330,8.8,8.8,8.56,8.69,8.73,-0.04,-0.46,6875.84,5944.224
002357.SZ,20120329,8.95,8.95,8.68,8.73,8.95,-0.22,-2.46,13784.92,12135.576
002357.SZ,20120328,9.38,9.38,8.9,8.95,9.37,-0.42,-4.48,13908.88,12544.7851
002357.SZ,20120327,9.32,9.5,9.27,9.37,9.33,0.04,0.43,8269.01,7725.649
002357.SZ,20120323,9.4,9.41,9.22,9.33,9.48,-0.15,-1.58,14256.95,13255.9294
002357.SZ,20120322,9.53,9.69,9.4,9.48,9.53,-0.05,-0.52,18379.69,17572.2098
002357.SZ,20120321,9.37,9.7,9.18,9.53,9.25,0.28,3.03,37837.14,35728.1187
002357.SZ,20120320,9.75,9.77,9.25,9.25,9.88,-0.63,-6.38,38259.77,36432.589
002357.SZ,20120319,9.13,9.96,9.08,9.88,9.15,0.73,7.98,39532.53,38080.2438
002357.SZ,20120316,8.99,9.18,8.96,9.15,8.98,0.17,1.89,12559.53,11397.8309
002357.SZ,20120315,9.26,9.4,8.81,8.98,9.26,-0.28,-3.02,18880.29,17072.39
002357.SZ,20120314,9.85,9.88,9.15,9.26,9.82,-0.56,-5.7,24580.22,23587.6837
002357.SZ,20120313,9.63,9.82,9.56,9.82,9.61,0.21,2.19,22342.37,21738.3404
002357.SZ,20120312,9.63,9.7,9.5,9.61,9.63,-0.02,-0.21,12747.77,12222.2149
002357.SZ,20120309,9.51,9.65,9.42,9.63,9.53,0.1,1.05,14763.53,14088.2481
002357.SZ,20120308,9.41,9.55,9.41,9.53,9.41,0.12,1.28,9841.71,9346.4007
002357.SZ,20120307,9.35,9.48,9.31,9.41,9.34,0.07,0.75,10525.67,9910.1202
002357.SZ,20120306,9.63,9.63,9.32,9.34,9.64,-0.3,-3.11,14041.9,13277.0385
002357.SZ,20120305,9.7,9.75,9.6,9.64,9.69,-0.05,-0.52,13361.17,12909.0891
002357.SZ,20120302,9.52,9.69,9.5,9.69,9.52,0.17,1.79,9881.24,9499.7005
002357.SZ,20120301,9.49,9.57,9.46,9.52,9.48,0.04,0.42,8088.38,7693.8701
002357.SZ,20120229,9.61,9.61,9.43,9.48,9.63,-0.15,-1.56,10756.04,10226.2175
002357.SZ,20120228,9.73,9.78,9.54,9.63,9.74,-0.11,-1.13,14513.55,13985.3379
002357.SZ,20120227,9.83,9.97,9.73,9.74,9.79,-0.05,-0.51,22857.0,22573.6387
002357.SZ,20120224,9.77,9.84,9.67,9.79,9.74,0.05,0.51,13012.01,12705.9131
002357.SZ,20120223,9.74,9.87,9.66,9.74,9.71,0.03,0.31,15527.61,15185.2171
002357.SZ,20120222,9.5,9.73,9.4,9.71,9.51,0.2,2.1,19452.22,18729.1007
002357.SZ,20120221,9.43,9.52,9.25,9.51,9.42,0.09,0.96,9825.99,9223.5321
002357.SZ,20120220,9.6,9.7,9.41,9.42,9.51,-0.09,-0.95,11923.54,11400.3185
002357.SZ,20120217,9.63,9.68,9.46,9.51,9.62,-0.11,-1.14,10334.41,9836.2645
002357.SZ,20120216,9.42,9.76,9.42,9.62,9.46,0.16,1.69,18582.91,17789.4
002357.SZ,20120215,9.3,9.57,9.3,9.46,9.33,0.13,1.39,11356.94,10736.9195
002357.SZ,20120214,9.4,9.49,9.3,9.33,9.47,-0.14,-1.48,10163.08,9517.488
002357.SZ,20120213,9.18,9.65,9.1,9.47,9.2,0.27,2.93,25234.61,23775.3375
002357.SZ,20120210,9.18,9.23,9.1,9.2,9.13,0.07,0.77,14161.46,12991.919
002357.SZ,20120209,9.06,9.27,9.01,9.13,9.05,0.08,0.88,18075.91,16553.5879
002357.SZ,20120208,8.88,9.08,8.8,9.05,8.9,0.15,1.69,11082.13,9957.0727
002357.SZ,20120207,9.0,9.0,8.79,8.9,9.05,-0.15,-1.66,7896.53,7012.174
002357.SZ,20120206,9.06,9.08,8.93,9.05,9.05,0.0,0.0,11284.86,10188.066
002357.SZ,20120203,8.95,9.06,8.9,9.05,8.95,0.1,1.12,8192.37,7377.7913
002357.SZ,20120202,8.76,8.96,8.76,8.95,8.78,0.17,1.94,4677.12,4153.79
002357.SZ,20120201,8.82,8.94,8.77,8.78,8.82,-0.04,-0.45,6919.13,6112.7654
002357.SZ,20120131,8.81,8.86,8.68,8.82,8.85,-0.03,-0.34,4724.73,4136.7712
002357.SZ,20120130,8.95,8.97,8.8,8.85,8.91,-0.06,-0.67,7109.48,6311.0489
002357.SZ,20120120,8.71,8.98,8.71,8.91,8.71,0.2,2.3,9661.36,8538.3553
002357.SZ,20120119,8.65,8.8,8.58,8.71,8.62,0.09,1.04,6494.1,5635.2465
002357.SZ,20120118,8.84,9.04,8.56,8.62,8.87,-0.25,-2.82,8938.22,7897.946
002357.SZ,20120117,8.49,8.9,8.41,8.87,8.4,0.47,5.6,10051.47,8753.3822
002357.SZ,20120116,8.65,8.77,8.38,8.4,8.78,-0.38,-4.33,7999.73,6879.4677
002357.SZ,20120113,8.95,9.13,8.68,8.78,8.99,-0.21,-2.34,14521.64,12914.1148
002357.SZ,20120112,9.0,9.12,8.92,8.99,9.06,-0.07,-0.77,10261.89,9246.7117
002357.SZ,20120111,9.08,9.16,8.97,9.06,9.08,-0.02,-0.22,11033.31,9957.8288
002357.SZ,20120110,8.7,9.15,8.67,9.08,8.7,0.38,4.37,16828.47,15080.0285
002357.SZ,20120109,8.35,8.72,8.26,8.7,8.4,0.3,3.57,9011.61,7753.472
002357.SZ,20120106,8.4,8.49,8.06,8.4,8.61,-0.21,-2.44,10469.51,8626.9029
002357.SZ,20120104,8.76,8.9,8.6,8.61,8.7,-0.09,-1.03,7634.16,6684.5545
002357.SZ,20111230,8.58,8.76,8.56,8.7,8.56,0.14,1.64,7749.72,6714.4588
002357.SZ,20111229,8.58,8.68,8.47,8.56,8.54,0.02,0.23,4461.51,3840.8206
002357.SZ,20111228,8.6,8.6,8.28,8.54,8.64,-0.1,-1.16,8889.82,7488.1981
002357.SZ,20111227,8.98,8.98,8.61,8.64,8.98,-0.34,-3.79,5977.36,5228.8306
002357.SZ,20111226,9.0,9.19,8.98,8.98,9.07,-0.09,-0.99,5784.06,5243.6547
002357.SZ,20111223,8.85,9.12,8.78,9.07,8.87,0.2,2.25,8529.96,7669.4162
002357.SZ,20111222,8.7,9.09,8.47,8.87,8.79,0.08,0.91,8723.37,7588.8574
002357.SZ,20111221,9.05,9.18,8.76,8.79,9.01,-0.22,-2.44,7880.0,7124.903
002357.SZ,20111220,8.91,9.23,8.88,9.01,8.97,0.04,0.45,8560.63,7777.8348
002357.SZ,20111219,8.8,8.97,8.61,8.97,8.85,0.12,1.36,6465.92,5671.9213
002357.SZ,20111216,8.58,8.85,8.53,8.85,8.56,0.29,3.39,6307.98,5467.6556
002357.SZ,20111215,8.85,8.9,8.56,8.56,8.87,-0.31,-3.49,7948.02,6927.5642
002357.SZ,20111214,8.97,9.11,8.82,8.87,9.0,-0.13,-1.44,7885.84,7042.0964
002357.SZ,20111213,9.41,9.41,8.99,9.0,9.48,-0.48,-5.06,11132.6,10124.6885
002357.SZ,20111212,9.48,9.58,9.42,9.48,9.48,0.0,0.0,6838.73,6486.8189
002357.SZ,20111209,9.35,9.5,9.35,9.48,9.43,0.05,0.53,5836.79,5502.7098
002357.SZ,20111208,9.25,9.59,9.21,9.43,9.28,0.15,1.62,13746.23,12966.5702
002357.SZ,20111207,9.21,9.37,9.21,9.28,9.24,0.04,0.43,4715.59,4388.4924
002357.SZ,20111206,9.16,9.34,9.11,9.24,9.16,0.08,0.87,5459.21,5026.6054
002357.SZ,20111205,9.59,9.63,9.13,9.16,9.59,-0.43,-4.48,9652.48,9001.7803
002357.SZ,20111202,9.72,9.81,9.5,9.59,9.73,-0.14,-1.44,8394.99,8100.0675
002357.SZ,20111201,9.75,9.96,9.72,9.73,9.49,0.24,2.53,17969.66,17676.4842
002357.SZ,20111130,9.97,10.08,9.25,9.49,10.15,-0.66,-6.5,24264.7,23489.1287
002357.SZ,20111129,9.72,10.38,9.62,10.15,9.61,0.54,5.62,27062.46,27142.1679
002357.SZ,20111128,9.5,9.64,9.46,9.61,9.61,0.0,0.0,7225.36,6918.9291
002357.SZ,20111124,9.7,9.78,9.45,9.61,9.82,-0.21,-2.14,11645.88,11160.2826
002357.SZ,20111123,10.02,10.08,9.79,9.82,10.05,-0.23,-2.29,12483.25,12378.1658
002357.SZ,20111122,10.07,10.11,9.92,10.05,10.12,-0.07,-0.69,7744.55,7752.0498
002357.SZ,20111121,10.05,10.12,9.87,10.12,10.14,-0.02,-0.2,12418.86,12390.0492
002357.SZ,20111118,10.18,10.33,10.1,10.14,10.2,-0.06,-0.59,22176.41,22647.6726
002357.SZ,20111117,10.26,10.43,10.2,10.2,10.26,-0.06,-0.58,14366.58,14785.6521
002357.SZ,20111116,10.67,10.78,10.21,10.26,10.68,-0.42,-3.93,27387.77,28603.8669
002357.SZ,20111115,10.64,10.72,10.47,10.68,10.62,0.06,0.57,26428.88,28059.1557
002357.SZ,20111114,10.29,10.71,10.29,10.62,10.23,0.39,3.81,33535.3,35229.3883
002357.SZ,20111111,10.45,10.55,10.2,10.23,10.42,-0.19,-1.82,21295.74,22092.9546
002357.SZ,20111110,10.65,10.75,10.35,10.42,10.8,-0.38,-3.52,31057.37,32799.3549
002357.SZ,20111109,10.6,10.88,10.44,10.8,10.55,0.25,2.37,47842.06,51176.825
002357.SZ,20111108,10.45,10.67,10.3,10.55,10.28,0.27,2.63,42239.56,44426.3176
002357.SZ,20111107,10.32,10.42,10.2,10.28,10.39,-0.11,-1.06,16896.1,17391.0666
002357.SZ,20111104,10.45,10.58,10.33,10.39,10.41,-0.02,-0.19,26116.53,27212.3973
002357.SZ,20111103,10.29,10.8,10.28,10.41,10.35,0.06,0.58,48097.9,50710.3214
002357.SZ,20111102,9.99,10.39,9.9,10.35,10.19,0.16,1.57,33075.17,33714.0994
002357.SZ,20111101,10.16,10.33,10.03,10.19,10.24,-0.05,-0.49,29535.14,30126.2229
002357.SZ,20111031,10.25,10.35,10.07,10.24,10.38,-0.14,-1.35,37390.88,38046.6625
002357.SZ,20111028,10.18,10.49,10.02,10.38,10.24,0.14,1.37,56477.89,58084.7623
002357.SZ,20111027,10.87,11.18,10.18,10.24,10.17,0.07,0.69,88848.16,94903.4442
002357.SZ,20111026,10.0,10.24,9.9,10.17,10.01,0.16,1.6,53503.45,54071.9993
002357.SZ,20111025,9.61,10.2,9.51,10.01,9.78,0.23,2.35,53028.04,52788.9358
002357.SZ,20111024,9.4,9.84,8.6,9.78,9.45,0.33,3.49,46195.83,42769.252
002357.SZ,20111021,9.64,9.64,9.22,9.45,9.66,-0.21,-2.17,23688.04,22334.9657
002357.SZ,20111020,9.85,9.85,9.37,9.66,9.88,-0.22,-2.23,30328.14,28998.3672
002357.SZ,20111019,9.85,10.07,9.77,9.88,9.93,-0.05,-0.5,32277.53,31946.0864
002357.SZ,20111018,10.2,10.27,9.92,9.93,10.42,-0.49,-4.7,50713.76,51269.835
002357.SZ,20111017,10.09,10.47,9.96,10.42,9.78,0.64,6.54,118847.98,121508.1389
002357.SZ,20111014,9.15,9.78,9.15,9.78,8.89,0.89,10.01,34154.69,33050.3672
002357.SZ,20111013,8.86,8.95,8.74,8.89,8.82,0.07,0.79,9567.35,8486.3326
002357.SZ,20111012,8.51,8.88,8.38,8.82,8.51,0.31,3.64,12630.18,10966.2879
002357.SZ,20111011,8.71,8.78,8.41,8.51,8.49,0.02,0.24,5983.89,5155.443
002357.SZ,20111010,8.5,8.62,8.45,8.49,8.48,0.01,0.12,4327.37,3684.9702
002357.SZ,20110930,8.51,8.64,8.38,8.48,8.51,-0.03,-0.35,5463.34,4629.7357
002357.SZ,20110929,8.9,8.9,8.5,8.51,8.93,-0.42,-4.7,11859.96,10273.3882
002357.SZ,20110928,9.07,9.18,8.9,8.93,9.05,-0.12,-1.33,7001.71,6334.0583
002357.SZ,20110927,9.04,9.16,8.97,9.05,9.0,0.05,0.56,6323.98,5722.767
002357.SZ,20110926,9.11,9.15,8.9,9.0,9.11,-0.11,-1.21,5798.19,5243.9921
002357.SZ,20110923,8.99,9.14,8.86,9.11,9.13,-0.02,-0.22,7539.6,6794.5887
002357.SZ,20110922,9.37,9.46,9.1,9.13,9.46,-0.33,-3.49,11578.1,10751.7485
002357.SZ,20110921,9.2,9.51,9.18,9.46,9.2,0.26,2.83,13063.16,12280.9614
002357.SZ,20110920,9.1,9.27,9.1,9.2,9.17,0.03,0.33,7720.94,7102.8728
002357.SZ,20110919,9.55,9.55,9.11,9.17,9.53,-0.36,-3.78,15667.37,14594.2876
002357.SZ,20110916,9.65,9.72,9.49,9.53,9.65,-0.12,-1.24,6069.99,5849.3307
002357.SZ,20110915,9.61,9.69,9.59,9.65,9.6,0.05,0.52,7050.42,6801.7571
002357.SZ,20110914,9.52,9.62,9.38,9.6,9.51,0.09,0.95,5712.95,5436.3527
002357.SZ,20110913,9.55,9.63,9.42,9.51,9.69,-0.18,-1.86,5086.19,4834.6979
002357.SZ,20110909,9.67,9.79,9.55,9.69,9.69,0.0,0.0,6492.0,6270.462
002357.SZ,20110908,9.97,9.98,9.66,9.69,9.94,-0.25,-2.52,8096.57,7960.8533
002357.SZ,20110907,9.75,9.96,9.72,9.94,9.74,0.2,2.05,11363.7,11197.6715
002357.SZ,20110906,9.61,9.82,9.5,9.74,9.65,0.09,0.93,8392.35,8111.7281
002357.SZ,20110905,9.74,9.85,9.45,9.65,9.78,-0.13,-1.33,8041.81,7709.3755
002357.SZ,20110902,9.81,9.87,9.65,9.78,9.84,-0.06,-0.61,7309.89,7125.2824
002357.SZ,20110901,9.98,10.05,9.81,9.84,9.94,-0.1,-1.01,10521.16,10459.5671
002357.SZ,20110830,10.11,10.38,9.85,9.94,10.09,-0.15,-1.49,18969.29,19294.3614
002357.SZ,20110829,10.25,10.32,10.08,10.09,10.21,-0.12,-1.18,11378.71,11582.5472
002357.SZ,20110826,10.27,10.29,10.14,10.21,10.29,-0.08,-0.78,12639.94,12896.3907
002357.SZ,20110825,10.18,10.35,10.14,10.29,10.14,0.15,1.48,19890.59,20392.6284
002357.SZ,20110824,10.15,10.23,10.04,10.14,10.04,0.1,1.0,18911.97,19210.8033
002357.SZ,20110823,9.8,10.04,9.75,10.04,9.76,0.28,2.87,13205.03,13090.4713
002357.SZ,20110822,9.7,9.99,9.7,9.76,9.79,-0.03,-0.31,10870.59,10686.6273
002357.SZ,20110819,9.51,9.79,9.45,9.79,9.75,0.04,0.41,12774.6,12274.794
002357.SZ,20110818,10.07,10.07,9.72,9.75,10.03,-0.28,-2.79,11318.91,11197.58
002357.SZ,20110817,9.81,10.05,9.8,10.03,9.85,0.18,1.83,11529.24,11439.4608
002357.SZ,20110816,10.1,10.1,9.81,9.85,10.03,-0.18,-1.79,15915.33,15868.2297
002357.SZ,20110815,9.81,10.07,9.75,10.03,9.71,0.32,3.3,14723.68,14619.3553
002357.SZ,20110812,9.67,9.86,9.67,9.71,9.61,0.1,1.04,17158.66,16733.2023
002357.SZ,20110811,9.17,9.64,9.11,9.61,9.46,0.15,1.59,14416.63,13683.7239
002357.SZ,20110810,9.48,9.65,9.36,9.46,9.29,0.17,1.83,14969.2,14234.1699
002357.SZ,20110809,9.0,9.48,8.82,9.29,9.4,-0.11,-1.17,19523.84,17889.3768
002357.SZ,20110808,10.16,10.16,9.2,9.4,10.16,-0.76,-7.48,25513.25,24463.8247
002357.SZ,20110805,10.34,10.47,10.01,10.16,10.63,-0.47,-4.42,16692.16,17198.882
002357.SZ,20110804,10.56,10.76,10.56,10.63,10.53,0.1,0.95,15147.19,16137.4644
002357.SZ,20110803,10.28,10.59,10.12,10.53,10.37,0.16,1.54,14789.75,15403.9249
002357.SZ,20110802,10.53,10.57,10.18,10.37,10.57,-0.2,-1.89,15349.29,15780.5157
002357.SZ,20110801,10.5,10.66,10.44,10.57,10.45,0.12,1.15,9302.62,9836.746
002357.SZ,20110729,10.73,10.73,10.35,10.45,10.7,-0.25,-2.34,10237.5,10780.4419
002357.SZ,20110728,10.68,10.7,10.48,10.7,10.76,-0.06,-0.56,15464.02,16360.2214
002357.SZ,20110727,10.6,10.84,10.29,10.76,10.66,0.1,0.94,21683.47,22840.8572
002357.SZ,20110726,10.43,10.74,10.3,10.66,10.54,0.12,1.14,13619.37,14354.6029
002357.SZ,20110725,11.42,11.42,10.3,10.54,11.4,-0.86,-7.54,29475.37,31859.324
002357.SZ,20110722,11.42,11.55,11.31,11.4,11.43,-0.03,-0.26,13255.64,15149.197
002357.SZ,20110721,11.51,11.66,11.41,11.43,11.5,-0.07,-0.61,19782.11,22818.6235
002357.SZ,20110720,11.55,11.68,11.3,11.5,11.58,-0.08,-0.69,18423.04,21137.9127
002357.SZ,20110719,11.66,11.68,11.26,11.58,11.63,-0.05,-0.43,30958.84,35542.6989
002357.SZ,20110718,11.85,11.85,11.57,11.63,11.8,-0.17,-1.44,26780.74,31280.4835
002357.SZ,20110715,11.83,12.05,11.7,11.8,11.9,-0.1,-0.84,37426.94,44338.5656
002357.SZ,20110714,11.42,12.0,11.4,11.9,11.49,0.41,3.57,52403.09,61749.2198
002357.SZ,20110713,11.25,11.49,11.2,11.49,11.25,0.24,2.13,20065.18,22796.2189
002357.SZ,20110712,11.6,11.6,11.23,11.25,11.67,-0.42,-3.6,32808.66,37338.8701
002357.SZ,20110711,11.45,11.8,11.41,11.67,11.51,0.16,1.39,30261.61,35113.6033
002357.SZ,20110708,11.53,11.6,11.37,11.51,11.61,-0.1,-0.86,30308.94,34778.6466
002357.SZ,20110707,11.47,11.84,11.32,11.61,11.51,0.1,0.87,64126.21,74132.0339
002357.SZ,20110706,10.98,11.7,10.95,11.51,11.04,0.47,4.26,71589.36,81681.5634
002357.SZ,20110705,10.92,11.08,10.83,11.04,10.99,0.05,0.46,33720.98,36940.6579
002357.SZ,20110704,10.75,11.0,10.73,10.99,10.79,0.2,1.85,37681.28,41123.1335
002357.SZ,20110701,10.72,10.9,10.71,10.79,10.67,0.12,1.12,26225.35,28376.112
002357.SZ,20110630,10.6,10.84,10.6,10.67,10.62,0.05,0.47,22124.72,23689.7558
002357.SZ,20110629,10.97,10.97,10.58,10.62,10.99,-0.37,-3.37,39500.29,42405.7004
002357.SZ,20110628,10.75,11.13,10.63,10.99,10.81,0.18,1.67,60910.32,66665.7034
002357.SZ,20110627,10.71,10.82,10.49,10.81,10.75,0.06,0.56,51340.03,54835.4185
002357.SZ,20110624,10.62,10.88,10.44,10.75,10.57,0.18,1.7,77817.15,83130.4085
002357.SZ,20110623,9.75,10.57,9.59,10.57,9.61,0.96,9.99,52976.51,54755.4405
002357.SZ,20110622,9.48,9.62,9.43,9.61,9.44,0.17,1.8,13956.5,13284.0272
002357.SZ,20110621,9.36,9.46,9.33,9.44,9.35,0.09,0.96,13624.34,12810.8511
002357.SZ,20110620,9.51,9.68,9.26,9.35,9.5,-0.15,-1.58,13798.72,13005.1456
002357.SZ,20110617,9.5,9.78,9.49,9.5,9.64,-0.14,-1.45,13785.69,13305.1095
002357.SZ,20110616,9.97,9.98,9.58,9.64,10.07,-0.43,-4.27,19937.05,19535.8361
002357.SZ,20110615,10.47,10.47,9.99,10.07,10.47,-0.4,-3.82,28846.89,29340.4485
002357.SZ,20110614,10.38,10.52,10.12,10.47,10.41,0.06,0.58,25134.59,26014.4042
002357.SZ,20110613,9.8,10.65,9.8,10.41,10.21,0.2,1.96,38909.49,40127.0354
002357.SZ,20110526,10.3,10.46,10.18,10.21,10.27,-0.06,-0.58,22809.18,23569.6724
002357.SZ,20110525,10.71,10.77,10.27,10.27,10.82,-0.55,-5.08,29820.61,31306.8476
002357.SZ,20110524,10.64,10.9,10.34,10.82,10.65,0.17,1.6,33899.5,35959.1555
002357.SZ,20110523,11.48,11.48,10.61,10.65,11.48,-0.83,-7.23,42839.48,46890.9534
002357.SZ,20110520,12.08,12.27,11.34,11.48,12.16,-0.68,-5.59,57672.7,67646.59
002357.SZ,20110519,12.1,12.61,11.85,12.16,12.36,-0.2,-1.62,58998.85,71908.0401
002357.SZ,20110518,11.8,13.01,11.6,12.36,11.87,0.49,4.13,110595.02,139074.3304
002357.SZ,20110517,24.7,24.98,23.31,23.84,24.9,-1.06,-4.26,39881.67,95011.4926
002357.SZ,20110516,26.18,26.65,24.86,24.9,25.97,-1.07,-4.12,44898.13,115014.337
002357.SZ,20110513,25.76,26.28,25.3,25.97,25.5,0.47,1.84,31400.66,81372.0967
002357.SZ,20110512,25.6,26.39,25.25,25.5,25.92,-0.42,-1.62,41465.61,107097.256
002357.SZ,20110511,24.17,26.53,23.98,25.92,24.14,1.78,7.37,57483.77,145190.8143
002357.SZ,20110510,24.48,24.48,23.85,24.14,24.46,-0.32,-1.31,19909.87,47920.4131
002357.SZ,20110509,24.64,24.69,24.11,24.46,24.47,-0.01,-0.04,18706.9,45665.4258
002357.SZ,20110506,23.73,24.65,23.61,24.47,23.98,0.49,2.04,27526.8,66796.3098
002357.SZ,20110505,24.32,24.32,23.69,23.98,24.26,-0.28,-1.15,16434.91,39281.8089
002357.SZ,20110504,23.73,24.67,23.52,24.26,23.92,0.34,1.42,38662.13,93767.7686
002357.SZ,20110503,23.14,23.95,22.55,23.92,23.16,0.76,3.28,16170.34,37625.4181
002357.SZ,20110429,23.46,23.48,22.53,23.16,23.33,-0.17,-0.73,17156.01,39236.3772
002357.SZ,20110428,24.01,24.5,23.3,23.33,23.88,-0.55,-2.3,24775.9,58905.5554
002357.SZ,20110427,23.1,24.3,22.9,23.88,23.09,0.79,3.42,39099.66,93418.7066
002357.SZ,20110426,23.57,23.57,22.66,23.09,23.73,-0.64,-2.7,21303.95,49213.7486
002357.SZ,20110425,23.4,24.43,23.1,23.73,22.8,0.93,4.08,48231.46,114464.5623
002357.SZ,20110422,23.33,23.44,22.79,22.8,23.38,-0.58,-2.48,16791.63,38639.5063
002357.SZ,20110421,21.96,23.68,21.96,23.38,21.99,1.39,6.32,35385.79,81651.5952
002357.SZ,20110420,21.82,22.16,21.82,21.99,21.78,0.21,0.96,5224.86,11490.8293
002357.SZ,20110419,22.37,22.37,21.7,21.78,22.49,-0.71,-3.16,8426.35,18504.9989
002357.SZ,20110418,22.38,22.7,22.15,22.49,22.58,-0.09,-0.4,5797.02,12927.0813
002357.SZ,20110414,22.58,22.85,22.45,22.58,22.58,0.0,0.0,8365.13,18908.3539
002357.SZ,20110413,22.3,22.67,22.07,22.58,22.21,0.37,1.67,5132.02,11524.8008
002357.SZ,20110412,22.2,22.38,22.04,22.21,22.23,-0.02,-0.09,4961.07,11032.3381
002357.SZ,20110411,22.42,22.95,22.2,22.23,22.42,-0.19,-0.85,7892.51,17707.2047
002357.SZ,20110408,21.61,22.62,21.61,22.42,21.82,0.6,2.75,9445.33,21083.7964
002357.SZ,20110407,21.42,21.94,21.42,21.82,21.49,0.33,1.54,5386.44,11701.3309
002357.SZ,20110406,21.7,21.92,21.41,21.49,21.74,-0.25,-1.15,5743.19,12393.6917
002357.SZ,20110401,21.33,21.77,21.33,21.74,21.27,0.47,2.21,4807.3,10406.716
002357.SZ,20110331,21.53,21.75,21.01,21.27,21.46,-0.19,-0.89,6197.51,13284.8453
002357.SZ,20110330,21.85,22.05,21.45,21.46,21.9,-0.44,-2.01,10013.16,21689.9294
002357.SZ,20110329,22.56,22.68,21.8,21.9,22.64,-0.74,-3.27,15276.55,34039.9757
002357.SZ,20110328,22.6,22.95,22.44,22.64,22.57,0.07,0.31,12799.58,29021.2346
002357.SZ,20110325,22.88,22.97,22.46,22.57,22.88,-0.31,-1.35,18387.76,41627.1204
002357.SZ,20110324,22.74,23.07,22.56,22.88,22.68,0.2,0.88,16926.49,38686.5766
002357.SZ,20110323,22.47,23.07,22.38,22.68,22.54,0.14,0.62,20881.63,47513.7854
002357.SZ,20110322,23.28,23.5,22.01,22.54,23.05,-0.51,-2.21,31157.57,70578.2345
002357.SZ,20110321,22.3,23.9,22.02,23.05,22.47,0.58,2.58,69572.88,159586.4833
002357.SZ,20110318,21.0,22.5,21.0,22.47,20.96,1.51,7.2,33557.71,73050.8446
002357.SZ,20110317,20.8,20.97,20.6,20.96,20.99,-0.03,-0.14,6393.27,13314.1529
002357.SZ,20110316,20.43,21.0,20.21,20.99,20.36,0.63,3.09,9715.99,20129.9965
002357.SZ,20110315,20.53,20.75,20.1,20.36,20.7,-0.34,-1.64,8207.37,16715.5144
002357.SZ,20110314,20.51,20.77,20.31,20.7,20.55,0.15,0.73,6843.18,14067.4714
002357.SZ,20110311,20.61,20.82,20.43,20.55,20.86,-0.31,-1.49,9002.26,18558.8339
002357.SZ,20110309,21.19,21.19,20.82,20.86,21.2,-0.34,-1.6,8520.48,17863.0944
002357.SZ,20110308,20.91,21.48,20.81,21.2,20.9,0.3,1.44,10411.36,22032.9947
002357.SZ,20110307,20.7,21.13,20.7,20.9,20.63,0.27,1.31,7656.04,16027.3158
002357.SZ,20110304,20.7,20.77,20.26,20.63,20.75,-0.12,-0.58,6613.35,13575.8912
002357.SZ,20110303,21.23,21.37,20.41,20.75,20.98,-0.23,-1.1,8219.03,17060.3398
002357.SZ,20110302,21.15,21.22,20.75,20.98,21.31,-0.33,-1.55,5417.78,11365.9704
002357.SZ,20110301,20.9,21.31,20.62,21.31,20.64,0.67,3.25,10054.26,21046.6456
002357.SZ,20110228,20.39,20.79,20.38,20.64,20.4,0.24,1.18,6596.03,13595.6945
002357.SZ,20110225,20.75,20.88,20.2,20.4,20.73,-0.33,-1.59,8598.72,17555.402
002357.SZ,20110224,20.98,20.98,20.52,20.73,20.87,-0.14,-0.67,8432.19,17506.9156
002357.SZ,20110223,21.28,21.28,20.5,20.87,21.43,-0.56,-2.61,15714.92,32809.2824
002357.SZ,20110222,21.2,22.38,20.65,21.43,21.31,0.12,0.56,50592.97,109050.7884
002357.SZ,20110221,19.56,21.33,19.52,21.31,19.65,1.66,8.45,24545.22,50334.8981
002357.SZ,20110218,20.2,20.2,19.6,19.65,20.13,-0.48,-2.38,6936.13,13716.6223
002357.SZ,20110217,20.18,20.38,19.9,20.13,20.19,-0.06,-0.3,6291.36,12620.66
002357.SZ,20110216,19.66,20.29,19.66,20.19,19.64,0.55,2.8,9261.48,18583.4231
002357.SZ,20110215,19.75,19.84,19.58,19.64,19.75,-0.11,-0.56,8887.91,17517.551
002357.SZ,20110214,19.57,19.88,19.4,19.75,19.44,0.31,1.59,6606.51,13013.8897
002357.SZ,20110211,19.42,19.64,19.31,19.44,19.45,-0.01,-0.05,5839.89,11359.9169
002357.SZ,20110210,19.0,19.48,18.86,19.45,19.07,0.38,1.99,4221.07,8135.8701
002357.SZ,20110209,18.88,19.2,18.82,19.07,19.1,-0.03,-0.16,4288.72,8156.0262
002357.SZ,20110201,18.83,19.2,18.65,19.1,18.83,0.27,1.43,3745.84,7102.0318
002357.SZ,20110131,18.6,18.87,18.5,18.83,18.74,0.09,0.48,3783.69,7085.7393
002357.SZ,20110128,18.46,18.82,18.43,18.74,18.7,0.04,0.21,3271.66,6106.171
002357.SZ,20110127,18.31,18.73,18.2,18.7,18.4,0.3,1.63,4377.91,8115.7977
002357.SZ,20110126,18.09,18.49,18.0,18.4,18.1,0.3,1.66,3333.81,6103.9393
002357.SZ,20110125,18.5,18.55,17.92,18.1,18.49,-0.39,-2.11,4366.51,7918.6435
002357.SZ,20110124,19.4,19.52,18.49,18.49,19.44,-0.95,-4.89,5254.74,9931.4196
002357.SZ,20110121,19.3,19.53,19.07,19.44,19.25,0.19,0.99,4484.36,8649.7105
002357.SZ,20110120,20.51,20.53,19.25,19.25,20.4,-1.15,-5.64,7011.84,13928.9535
002357.SZ,20110119,20.19,20.53,20.13,20.4,20.19,0.21,1.04,5243.85,10673.8063
002357.SZ,20110118,19.92,20.19,19.76,20.19,20.04,0.15,0.75,3375.02,6750.1566
002357.SZ,20110117,20.3,20.56,19.85,20.04,20.5,-0.46,-2.24,4911.98,9909.8773
002357.SZ,20110114,20.99,21.0,20.36,20.5,21.01,-0.51,-2.43,6531.97,13494.5551
002357.SZ,20110113,21.31,21.39,21.0,21.01,21.26,-0.25,-1.18,4427.42,9356.7155
002357.SZ,20110112,21.15,21.38,20.96,21.26,21.14,0.12,0.57,4858.7,10297.1607
002357.SZ,20110111,21.48,21.48,20.81,21.14,21.49,-0.35,-1.63,7679.17,16175.1276
002357.SZ,20110110,21.9,22.19,21.26,21.49,21.98,-0.49,-2.23,7313.92,15960.0833
002357.SZ,20110107,22.2,22.23,21.9,21.98,22.03,-0.05,-0.23,6597.55,14537.9455
002357.SZ,20110106,22.36,22.4,22.0,22.03,22.35,-0.32,-1.43,5996.81,13251.9125
002357.SZ,20110105,22.1,22.42,21.5,22.35,22.15,0.2,0.9,8836.95,19597.7808
002357.SZ,20110104,22.06,22.23,21.86,22.15,22.07,0.08,0.36,7803.16,17209.2389
002357.SZ,20101231,21.77,22.08,21.67,22.07,21.7,0.37,1.71,5848.59,12833.3088
002357.SZ,20101230,21.52,21.94,21.43,21.7,21.8,-0.1,-0.46,5263.08,11394.9344
002357.SZ,20101229,21.16,21.9,21.16,21.8,21.23,0.57,2.68,6402.64,13812.1236
002357.SZ,20101228,21.55,21.58,20.95,21.23,22.18,-0.95,-4.28,13761.99,29163.1867
002357.SZ,20101224,22.63,22.89,22.06,22.18,22.7,-0.52,-2.29,8499.73,19012.3758
002357.SZ,20101223,23.5,23.59,22.62,22.7,23.66,-0.96,-4.06,17332.69,40069.9033
002357.SZ,20101222,23.9,23.9,23.4,23.66,24.0,-0.34,-1.42,16808.41,39730.3983
002357.SZ,20101221,23.29,24.2,23.2,24.0,23.2,0.8,3.45,34303.44,81638.4637
002357.SZ,20101220,23.78,23.88,22.46,23.2,23.41,-0.21,-0.9,22523.04,52244.8805
002357.SZ,20101217,23.31,23.62,22.88,23.41,23.29,0.12,0.52,21522.93,50047.3429
002357.SZ,20101216,22.43,23.8,22.42,23.29,22.42,0.87,3.88,43218.23,100834.9038
002357.SZ,20101215,22.7,22.75,22.27,22.42,22.65,-0.23,-1.02,17097.67,38471.1648
002357.SZ,20101214,22.4,22.8,22.31,22.65,22.45,0.2,0.89,17873.86,40390.6756
002357.SZ,20101213,21.85,22.49,21.85,22.45,21.76,0.69,3.17,14841.46,32925.9611
002357.SZ,20101210,21.44,21.9,21.4,21.76,21.43,0.33,1.54,6050.99,13120.6117
002357.SZ,20101209,22.25,22.29,21.41,21.43,22.48,-1.05,-4.67,13048.68,28357.1886
002357.SZ,20101208,22.07,22.57,21.8,22.48,22.07,0.41,1.86,18784.49,41943.0701
002357.SZ,20101207,22.1,22.17,21.3,22.07,22.16,-0.09,-0.41,9523.27,20665.1577
002357.SZ,20101206,22.5,22.89,21.8,22.16,22.64,-0.48,-2.12,15186.91,33984.6949
002357.SZ,20101203,21.86,23.0,21.75,22.64,21.89,0.75,3.43,23063.04,51775.1454
002357.SZ,20101202,21.58,22.1,21.58,21.89,21.55,0.34,1.58,10350.35,22580.1846
002357.SZ,20101201,21.15,21.69,21.05,21.55,21.32,0.23,1.08,6672.65,14241.4997
002357.SZ,20101130,22.15,22.4,20.81,21.32,22.22,-0.9,-4.05,12944.31,28027.5133
002357.SZ,20101129,21.89,22.3,21.7,22.22,21.9,0.32,1.46,10193.42,22380.259
002357.SZ,20101126,22.35,22.46,21.71,21.9,22.35,-0.45,-2.01,9724.3,21405.8963
002357.SZ,20101125,22.06,22.44,22.0,22.35,21.96,0.39,1.78,14337.46,31874.7409
002357.SZ,20101124,21.36,22.04,21.15,21.96,21.43,0.53,2.47,11065.6,23980.8195
002357.SZ,20101123,21.58,21.7,20.83,21.43,21.71,-0.28,-1.29,12178.8,25890.6085
002357.SZ,20101122,21.56,22.08,21.36,21.71,21.48,0.23,1.07,13672.02,29734.0232
002357.SZ,20101119,21.2,21.5,20.91,21.48,21.0,0.48,2.29,11770.63,25004.6156
002357.SZ,20101118,20.83,21.28,20.59,21.0,20.72,0.28,1.35,7935.22,16570.2762
002357.SZ,20101117,21.05,21.25,20.71,20.72,21.02,-0.3,-1.43,12004.77,25184.1329
002357.SZ,20101116,21.52,21.97,20.86,21.02,21.5,-0.48,-2.23,13931.66,29870.3817
002357.SZ,20101115,21.09,21.55,20.9,21.5,21.13,0.37,1.75,12015.63,25579.4631
002357.SZ,20101112,23.0,23.25,20.91,21.13,23.0,-1.87,-8.13,26264.14,57502.498
002357.SZ,20101111,23.73,24.2,22.9,23.0,23.73,-0.73,-3.08,26269.68,62534.1282
002357.SZ,20101110,23.65,23.98,23.51,23.73,23.77,-0.04,-0.17,18392.03,43648.0966
002357.SZ,20101109,23.0,24.2,22.91,23.77,23.1,0.67,2.9,32783.41,77402.4589
002357.SZ,20101108,22.25,23.16,22.25,23.1,22.3,0.8,3.59,19721.03,44953.3782
002357.SZ,20101105,22.6,22.75,22.01,22.3,22.39,-0.09,-0.4,12879.92,28600.5446
002357.SZ,20101104,21.9,22.4,21.72,22.39,21.9,0.49,2.24,9787.17,21709.5416
002357.SZ,20101103,22.44,22.44,21.71,21.9,22.45,-0.55,-2.45,17046.27,37703.7542
002357.SZ,20101102,22.89,23.23,22.44,22.45,22.89,-0.44,-1.92,24991.98,57044.2692
002357.SZ,20101101,23.19,23.27,22.66,22.89,23.0,-0.11,-0.48,28165.08,64361.2236
002357.SZ,20101029,22.98,23.3,22.63,23.0,23.0,0.0,0.0,20260.78,46576.4204
002357.SZ,20101028,22.69,23.3,22.63,23.0,22.73,0.27,1.19,22807.03,52411.7853
002357.SZ,20101027,22.88,23.2,22.53,22.73,22.89,-0.16,-0.7,23001.28,52718.8661
002357.SZ,20101026,22.6,23.13,22.32,22.89,22.79,0.1,0.44,23433.89,53250.3644
002357.SZ,20101025,22.2,22.85,22.02,22.79,21.85,0.94,4.3,27860.54,62957.2241
002357.SZ,20101022,22.34,22.44,21.62,21.85,22.38,-0.53,-2.37,21907.8,48140.5739
002357.SZ,20101021,20.73,22.6,20.53,22.38,20.64,1.74,8.43,29149.19,62859.4653
002357.SZ,20101020,20.45,21.04,20.1,20.64,20.6,0.04,0.19,12541.38,25826.7871
002357.SZ,20101019,20.17,20.82,19.93,20.6,19.92,0.68,3.41,10966.89,22500.3553
002357.SZ,20101018,20.99,20.99,19.68,19.92,20.75,-0.83,-4.0,19703.2,39245.9392
002357.SZ,20101015,21.18,21.45,20.53,20.75,21.26,-0.51,-2.4,18123.31,37787.8307
002357.SZ,20101014,22.73,22.73,21.23,21.26,22.39,-1.13,-5.05,20439.24,44601.3689
002357.SZ,20101013,22.05,22.97,22.04,22.39,21.98,0.41,1.87,17561.92,39398.9647
002357.SZ,20101012,21.92,21.99,21.51,21.98,21.92,0.06,0.27,16814.57,36532.0209
002357.SZ,20101011,21.59,22.0,21.33,21.92,21.63,0.29,1.34,18409.22,39977.8225
002357.SZ,20101008,21.49,21.87,21.49,21.63,21.2,0.43,2.03,13890.97,30100.0559
002357.SZ,20100930,20.88,21.3,20.8,21.2,20.81,0.39,1.87,8420.23,17840.0874
002357.SZ,20100929,20.8,21.38,20.61,20.81,20.92,-0.11,-0.53,11699.59,24604.0856
002357.SZ,20100928,21.96,22.12,20.88,20.92,21.95,-1.03,-4.69,19221.87,41283.4245
002357.SZ,20100927,21.63,22.25,21.51,21.95,21.6,0.35,1.62,12553.92,27577.2349
002357.SZ,20100921,22.38,22.46,21.55,21.6,22.2,-0.6,-2.7,16207.68,35459.0486
002357.SZ,20100920,23.46,23.88,22.0,22.2,23.36,-1.16,-4.97,24749.23,56245.5295
002357.SZ,20100917,24.6,24.66,23.1,23.36,24.68,-1.32,-5.35,42132.69,100923.307
002357.SZ,20100916,23.18,24.69,21.97,24.68,23.53,1.15,4.89,66938.04,156890.4542
002357.SZ,20100915,22.43,24.78,21.89,23.53,22.56,0.97,4.3,72583.2,168868.6983
002357.SZ,20100914,21.08,22.56,20.93,22.56,21.07,1.49,7.07,46458.91,101885.8992
002357.SZ,20100913,20.7,21.15,20.66,21.07,20.65,0.42,2.03,9769.06,20511.4643
002357.SZ,20100910,20.85,20.97,20.1,20.65,20.87,-0.22,-1.05,11777.05,24210.8577
002357.SZ,20100909,21.66,21.75,20.81,20.87,21.62,-0.75,-3.47,17559.34,37210.4523
002357.SZ,20100908,21.35,21.67,21.18,21.62,21.35,0.27,1.26,17286.62,37221.3536
002357.SZ,20100907,21.21,21.38,21.02,21.35,21.19,0.16,0.76,10907.37,23139.6319
002357.SZ,20100906,21.58,21.88,20.92,21.19,21.32,-0.13,-0.61,16861.23,35926.9043
002357.SZ,20100903,20.9,21.47,20.84,21.32,20.83,0.49,2.35,21514.17,45561.3221
002357.SZ,20100902,20.69,20.86,20.35,20.83,20.34,0.49,2.41,15583.77,32145.0107
002357.SZ,20100901,20.88,21.28,19.9,20.34,20.92,-0.58,-2.77,17301.59,35554.2324
002357.SZ,20100831,20.61,20.99,20.6,20.92,20.76,0.16,0.77,12392.95,25836.6816
002357.SZ,20100830,20.4,20.89,20.4,20.76,20.36,0.4,1.96,11627.13,24102.4778
002357.SZ,20100827,19.9,20.49,19.9,20.36,20.0,0.36,1.8,11211.3,22753.1842
002357.SZ,20100826,20.1,20.37,19.85,20.0,20.12,-0.12,-0.6,14935.67,29943.8679
002357.SZ,20100825,21.03,21.5,20.01,20.12,21.12,-1.0,-4.73,17774.62,37075.3333
002357.SZ,20100824,21.46,21.46,20.5,21.12,21.46,-0.34,-1.58,20172.09,42432.8024
002357.SZ,20100820,21.28,21.91,21.1,21.46,21.28,0.18,0.85,23571.68,50639.0934
002357.SZ,20100819,21.4,21.63,21.01,21.28,21.39,-0.11,-0.51,12282.81,26216.2956
002357.SZ,20100818,21.79,21.96,21.2,21.39,21.78,-0.39,-1.79,14884.19,31941.4974
002357.SZ,20100817,21.72,21.96,21.48,21.78,21.68,0.1,0.46,17889.47,38834.8666
002357.SZ,20100816,21.18,21.8,21.07,21.68,21.21,0.47,2.22,16030.03,34553.7971
002357.SZ,20100813,20.71,21.34,20.5,21.21,20.81,0.4,1.92,15777.52,32995.8531
002357.SZ,20100812,21.88,22.0,20.81,20.81,22.0,-1.19,-5.41,24454.33,52421.0369
002357.SZ,20100811,21.25,22.0,21.25,22.0,21.7,0.3,1.38,25073.99,54423.7407
002357.SZ,20100810,22.04,23.0,21.7,21.7,22.05,-0.35,-1.59,37934.14,84714.9747
002357.SZ,20100809,21.86,22.26,21.59,22.05,21.86,0.19,0.87,22364.23,49204.5228
002357.SZ,20100806,21.82,22.17,21.0,21.86,21.76,0.1,0.46,30752.28,66451.8094
002357.SZ,20100805,21.3,22.63,21.3,21.76,21.36,0.4,1.87,40010.26,88186.9383
002357.SZ,20100804,20.98,21.38,20.81,21.36,20.98,0.38,1.81,26950.98,56912.6
002357.SZ,20100803,21.3,21.74,20.91,20.98,21.34,-0.36,-1.69,33335.47,70856.3613
002357.SZ,20100802,20.78,21.78,20.61,21.34,21.31,0.03,0.14,49740.1,105055.4244
002357.SZ,20100729,19.37,21.31,19.36,21.31,19.37,1.94,10.02,79454.89,163580.6111
002357.SZ,20100728,19.06,19.4,18.9,19.37,19.15,0.22,1.15,19854.8,38256.5713
002357.SZ,20100727,19.45,19.45,19.01,19.15,19.45,-0.3,-1.54,16643.54,31961.2201
002357.SZ,20100726,18.86,19.67,18.74,19.45,18.86,0.59,3.13,30055.5,58221.8588
002357.SZ,20100723,19.27,19.27,18.61,18.86,19.13,-0.27,-1.41,15147.76,28614.0972
002357.SZ,20100722,18.9,19.18,18.62,19.13,19.04,0.09,0.47,18694.05,35409.053
002357.SZ,20100721,19.27,19.38,19.0,19.04,19.34,-0.3,-1.55,22412.82,42937.055
002357.SZ,20100720,19.01,19.45,18.82,19.34,19.03,0.31,1.63,27972.51,53533.1714
002357.SZ,20100719,18.49,19.17,18.22,19.03,18.57,0.46,2.48,27178.89,51249.7925
002357.SZ,20100716,18.31,18.59,17.95,18.57,18.5,0.07,0.38,16731.83,30473.3963
002357.SZ,20100715,18.1,18.92,18.03,18.5,18.55,-0.05,-0.27,27691.05,51525.6219
002357.SZ,20100714,17.9,19.4,17.9,18.55,17.76,0.79,4.45,34538.15,64515.0392
002357.SZ,20100713,17.89,17.95,17.35,17.76,18.0,-0.24,-1.33,13885.47,24519.2155
002357.SZ,20100712,17.77,18.05,17.56,18.0,17.71,0.29,1.64,18903.06,33706.2927
002357.SZ,20100709,17.05,17.74,17.04,17.71,17.14,0.57,3.33,17261.36,30216.5964
002357.SZ,20100708,17.51,17.65,16.9,17.14,17.48,-0.34,-1.95,13223.87,22791.2763
002357.SZ,20100707,17.6,17.76,17.27,17.48,17.62,-0.14,-0.79,14033.88,24460.0402
002357.SZ,20100706,17.23,17.75,17.1,17.62,17.38,0.24,1.38,21040.79,36714.1865
002357.SZ,20100705,16.37,17.8,16.11,17.38,16.43,0.95,5.78,23632.29,40169.199
002357.SZ,20100702,16.26,16.45,15.69,16.43,16.26,0.17,1.05,11671.81,18921.5696
002357.SZ,20100701,16.44,16.72,16.22,16.26,16.5,-0.24,-1.45,9000.08,14793.0944
002357.SZ,20100630,16.74,16.74,16.05,16.5,16.85,-0.35,-2.08,12979.63,21239.6036
002357.SZ,20100629,18.57,18.66,16.8,16.85,18.57,-1.72,-9.26,22562.54,39242.9819
002357.SZ,20100628,18.86,19.11,18.28,18.57,19.05,-0.48,-2.52,14638.67,27285.3954
002357.SZ,20100625,19.78,19.78,18.81,19.05,19.8,-0.75,-3.79,16217.79,31188.1723
002357.SZ,20100624,19.54,19.83,19.33,19.8,19.6,0.2,1.02,15694.87,30852.6351
002357.SZ,20100623,19.28,19.82,19.12,19.6,19.51,0.09,0.46,19969.38,38906.3029
002357.SZ,20100622,19.24,19.8,19.03,19.51,19.29,0.22,1.14,17014.09,33320.3874
002357.SZ,20100621,18.64,19.42,18.21,19.29,18.56,0.73,3.93,17806.45,33623.2397
002357.SZ,20100618,19.4,19.59,18.35,18.56,19.4,-0.84,-4.33,23104.63,43911.7277
002357.SZ,20100617,20.41,20.74,19.32,19.4,20.33,-0.93,-4.57,27953.47,55650.7604
002357.SZ,20100611,20.17,20.58,19.73,20.33,20.17,0.16,0.79,37410.72,75622.9778
002357.SZ,20100610,19.94,20.56,19.7,20.17,19.99,0.18,0.9,40342.21,81428.3531
002357.SZ,20100609,19.19,20.15,19.0,19.99,19.19,0.8,4.17,44802.47,88269.8683
002357.SZ,20100608,19.0,19.5,18.75,19.19,19.1,0.09,0.47,35715.12,68417.853
002357.SZ,20100607,17.5,19.11,17.5,19.1,18.15,0.95,5.23,46345.87,86279.946
002357.SZ,20100604,17.88,18.18,17.48,18.15,17.98,0.17,0.95,18178.7,32376.3641
002357.SZ,20100603,18.28,18.57,17.9,17.98,18.18,-0.2,-1.1,26852.21,49095.7789
002357.SZ,20100602,17.81,18.27,17.6,18.18,18.03,0.15,0.83,22239.43,39881.7826
002357.SZ,20100601,19.0,19.17,17.55,18.03,19.36,-1.33,-6.87,39128.15,72048.7826
002357.SZ,20100531,18.7,19.97,18.51,19.36,18.9,0.46,2.43,59891.6,116034.766
002357.SZ,20100528,19.3,19.47,18.65,18.9,19.05,-0.15,-0.79,39533.54,75202.4544
002357.SZ,20100527,18.63,19.26,18.1,19.05,18.64,0.41,2.2,40444.76,75661.0246
002357.SZ,20100526,18.22,18.85,18.07,18.64,18.29,0.35,1.91,34168.06,63223.393
002357.SZ,20100525,18.2,18.47,18.02,18.29,18.5,-0.21,-1.14,33502.49,60984.4244
002357.SZ,20100524,17.87,18.76,17.7,18.5,17.87,0.63,3.53,51691.59,95299.9743
002357.SZ,20100521,16.7,17.92,16.5,17.87,17.58,0.29,1.65,31982.41,55505.1904
002357.SZ,20100520,21.6,22.29,21.1,21.2,21.9,-0.7,-3.2,23305.39,50495.3464
002357.SZ,20100519,21.45,22.45,21.07,21.9,21.71,0.19,0.88,31907.89,69814.4903
002357.SZ,20100518,21.0,22.0,20.72,21.71,21.77,-0.06,-0.28,34523.41,73707.5958
002357.SZ,20100517,23.75,23.75,21.77,21.77,24.19,-2.42,-10.0,33577.03,76185.135
002357.SZ,20100514,23.75,24.38,23.41,24.19,23.95,0.24,1.0,48012.98,114951.7055
002357.SZ,20100513,23.1,24.0,22.7,23.95,23.09,0.86,3.72,51010.91,119139.5294
002357.SZ,20100512,24.54,24.98,22.55,23.09,24.68,-1.59,-6.44,50625.8,118350.5836
002357.SZ,20100511,25.0,25.48,24.41,24.68,24.84,-0.16,-0.64,34648.59,86527.0735
002357.SZ,20100510,27.28,27.28,24.84,24.84,27.6,-2.76,-10.0,48175.32,122345.9586
002357.SZ,20100507,30.61,30.61,27.56,27.6,30.62,-3.02,-9.86,22982.61,66782.7582
002357.SZ,20100506,30.99,31.4,30.0,30.62,31.0,-0.38,-1.23,15763.79,48638.3394
002357.SZ,20100505,33.0,33.0,29.5,31.0,32.73,-1.73,-5.29,24715.74,76591.956
002357.SZ,20100504,35.2,35.3,32.53,32.73,34.88,-2.15,-6.16,28851.69,97092.3621
002357.SZ,20100430,34.5,34.95,33.95,34.88,34.48,0.4,1.16,28792.85,99778.6033
002357.SZ,20100429,34.73,34.95,33.75,34.48,34.3,0.18,0.52,31904.91,109683.2417
002357.SZ,20100427,34.33,34.78,33.67,34.3,34.0,0.3,0.88,36945.57,126407.4742
002357.SZ,20100426,33.26,34.2,32.88,34.0,33.62,0.38,1.13,23891.9,80177.7405
002357.SZ,20100423,33.0,34.65,32.14,33.62,33.28,0.34,1.02,41538.27,140285.7274
002357.SZ,20100422,32.07,33.28,30.8,33.28,32.08,1.2,3.74,28392.15,90274.9822
002357.SZ,20100421,33.0,33.0,31.61,32.08,32.33,-0.25,-0.77,22019.92,70747.5989
002357.SZ,20100420,32.2,33.2,31.3,32.33,31.4,0.93,2.96,20852.58,67092.6615
002357.SZ,20100419,32.88,33.0,31.06,31.4,33.78,-2.38,-7.05,21318.4,68865.3122
002357.SZ,20100416,34.47,35.88,32.56,33.78,33.98,-0.2,-0.59,56498.46,193372.6817
002357.SZ,20100415,32.45,34.86,32.01,33.98,31.91,2.07,6.49,34061.46,114438.233
002357.SZ,20100414,31.2,32.55,31.05,31.91,32.13,-0.22,-0.68,26066.67,83393.7388
002357.SZ,20100413,32.5,32.5,28.91,32.13,32.12,0.01,0.03,47040.75,145790.9416
002357.SZ,20100412,31.5,32.12,30.6,32.12,29.2,2.92,10.0,61444.64,195374.6173
002357.SZ,20100409,27.09,29.2,27.08,29.2,27.3,1.9,6.96,32301.45,90935.4092
002357.SZ,20100408,28.52,28.79,27.0,27.3,28.97,-1.67,-5.76,24452.3,68477.2618
002357.SZ,20100407,27.73,29.08,27.38,28.97,27.9,1.07,3.84,31499.89,88896.2564
002357.SZ,20100406,27.4,28.18,27.2,27.9,27.8,0.1,0.36,21440.05,59132.4373
002357.SZ,20100402,28.2,28.63,27.35,27.8,28.99,-1.19,-4.1,44324.64,124396.1048
002357.SZ,20100401,26.9,30.01,26.82,28.99,27.28,1.71,6.27,53106.0,150947.3896
002357.SZ,20100331,27.0,28.52,26.66,27.28,25.99,1.29,4.96,56671.2,155781.2812
002357.SZ,20100330,23.81,25.99,23.81,25.99,23.63,2.36,9.99,29988.1,75456.7226
002357.SZ,20100326,22.6,23.79,22.51,23.63,23.25,0.38,1.63,27796.64,64198.5685
002357.SZ,20100325,23.3,23.98,22.92,23.25,22.68,0.57,2.51,40511.27,95078.6671
002357.SZ,20100324,21.92,22.86,21.85,22.68,21.82,0.86,3.94,30853.37,69462.1162
002357.SZ,20100323,21.75,22.18,21.7,21.82,21.75,0.07,0.32,10794.41,23675.8146
002357.SZ,20100322,21.92,22.09,21.65,21.75,21.99,-0.24,-1.09,8762.68,19114.1209
002357.SZ,20100319,21.95,22.2,21.79,21.99,21.99,0.0,0.0,9704.65,21311.6243
002357.SZ,20100318,21.95,22.1,21.73,21.99,21.95,0.04,0.18,11856.23,25959.3455
002357.SZ,20100317,21.43,21.96,21.3,21.95,21.45,0.5,2.33,13428.92,29261.8935
002357.SZ,20100316,21.35,21.73,21.11,21.45,21.52,-0.07,-0.33,8746.36,18730.6368
002357.SZ,20100315,21.88,21.91,21.35,21.52,21.81,-0.29,-1.33,11356.12,24427.3207
002357.SZ,20100312,21.53,22.25,21.3,21.81,21.53,0.28,1.3,29608.67,64699.2458
002357.SZ,20100311,21.17,21.62,20.68,21.53,21.09,0.44,2.09,17759.08,37532.0163
002357.SZ,20100310,21.4,21.66,20.95,21.09,21.48,-0.39,-1.82,10973.33,23298.5471
002357.SZ,20100309,21.6,21.69,21.3,21.48,21.73,-0.25,-1.15,8926.82,19176.1198
002357.SZ,20100308,21.61,22.0,21.48,21.73,21.61,0.12,0.56,12913.03,28111.7733
002357.SZ,20100305,21.55,21.74,21.2,21.61,21.43,0.18,0.84,14946.06,32201.9323
002357.SZ,20100304,22.61,22.65,21.35,21.43,22.7,-1.27,-5.59,40250.33,88277.1427
002357.SZ,20100303,22.75,23.17,22.55,22.7,22.91,-0.21,-0.92,28684.93,65341.3031
002357.SZ,20100302,23.12,23.12,22.6,22.91,23.17,-0.26,-1.12,30141.41,68803.8561
002357.SZ,20100301,21.8,23.35,21.6,23.17,21.65,1.52,7.02,43993.64,99171.0175
002357.SZ,20100226,21.63,22.08,21.3,21.65,21.7,-0.05,-0.23,27437.32,59398.6978
002357.SZ,20100225,21.1,22.4,20.9,21.7,20.99,0.71,3.38,48558.8,104937.7239
002357.SZ,20100224,20.16,21.4,20.16,20.99,20.41,0.58,2.84,49539.08,103576.4502
002357.SZ,20100223,20.3,20.49,19.8,20.41,20.55,-0.14,-0.68,40363.68,81345.0229
002357.SZ,20100222,20.7,20.94,20.1,20.55,20.8,-0.25,-1.2,58095.87,119612.8771
002357.SZ,20100212,19.16,20.8,19.02,20.8,18.91,1.89,9.99,62064.28,123135.3764
002357.SZ,20100211,19.05,19.23,18.67,18.91,20.0,-1.09,-5.45,60915.46,115690.67
002357.SZ,20100210,19.0,21.0,18.88,20.0,14.97,5.03,33.6,134594.8,261973.2945
002357.SZ,20100210,19.0,21.0,18.88,20.0,14.97,5.03,33.6,134594.8,261973.2945
