ts_code,trade_date,open,high,low,close,pre_close,change,pct_chg,vol,amount
000570.SZ,20200110,4.8,4.83,4.7,4.74,4.8,-0.06,-1.25,29085.0,13832.512
000570.SZ,20200109,4.71,4.82,4.68,4.8,4.66,0.14,3.0043,73692.6,35084.717
000570.SZ,20200108,4.71,4.78,4.64,4.66,4.75,-0.09,-1.8947,47694.48,22378.352
000570.SZ,20200107,4.72,4.75,4.69,4.75,4.71,0.04,0.8493,37070.12,17523.43
000570.SZ,20200106,4.64,4.79,4.63,4.71,4.73,-0.02,-0.4228,48246.11,22752.095
000570.SZ,20200103,4.68,4.83,4.62,4.73,4.63,0.1,2.1598,99812.18,46973.372
000570.SZ,20200102,4.61,4.71,4.58,4.63,4.59,0.04,0.8715,44935.82,20835.355
000570.SZ,20191231,4.51,4.65,4.48,4.59,4.52,0.07,1.5487,41526.83,19008.052
000570.SZ,20191230,4.48,4.53,4.44,4.52,4.53,-0.01,-0.2208,23692.04,10647.487
000570.SZ,20191227,4.54,4.59,4.49,4.53,4.55,-0.02,-0.4396,34095.0,15486.978
000570.SZ,20191226,4.48,4.55,4.48,4.55,4.51,0.04,0.8869,17427.43,7867.469
000570.SZ,20191225,4.5,4.52,4.47,4.51,4.51,0.0,0.0,12656.1,5692.719
000570.SZ,20191224,4.43,4.53,4.43,4.51,4.45,0.06,1.3483,15316.12,6875.659
000570.SZ,20191223,4.52,4.53,4.43,4.45,4.53,-0.08,-1.766,21151.0,9460.412
000570.SZ,20191220,4.56,4.61,4.53,4.53,4.57,-0.04,-0.8753,20306.44,9250.591
000570.SZ,20191219,4.51,4.59,4.5,4.57,4.52,0.05,1.1062,28315.7,12887.684
000570.SZ,20191218,4.53,4.55,4.49,4.52,4.53,-0.01,-0.2208,21558.0,9744.106
000570.SZ,20191217,4.5,4.55,4.46,4.53,4.48,0.05,1.1161,39431.0,17804.967
000570.SZ,20191216,4.45,4.5,4.42,4.48,4.45,0.03,0.6742,21884.68,9770.902
000570.SZ,20191213,4.41,4.46,4.39,4.45,4.38,0.07,1.5982,21312.29,9425.558
000570.SZ,20191212,4.42,4.42,4.35,4.38,4.41,-0.03,-0.6803,11038.27,4846.227
000570.SZ,20191211,4.41,4.45,4.4,4.41,4.43,-0.02,-0.4515,13377.0,5919.817
000570.SZ,20191210,4.47,4.49,4.39,4.43,4.46,-0.03,-0.6726,16608.7,7334.194
000570.SZ,20191209,4.45,4.47,4.41,4.46,4.45,0.01,0.2247,11253.01,5008.917
000570.SZ,20191206,4.42,4.47,4.41,4.45,4.41,0.04,0.907,16256.85,7225.3
000570.SZ,20191205,4.38,4.45,4.36,4.41,4.38,0.03,0.6849,13997.72,6174.352
000570.SZ,20191204,4.35,4.45,4.32,4.38,4.35,0.03,0.6897,20819.61,9135.651
000570.SZ,20191203,4.3,4.35,4.27,4.35,4.34,0.01,0.2304,7543.51,3248.235
000570.SZ,20191202,4.35,4.36,4.3,4.34,4.34,0.0,0.0,8614.05,3729.454
000570.SZ,20191129,4.35,4.36,4.31,4.34,4.35,-0.01,-0.2299,7649.24,3311.606
000570.SZ,20191128,4.38,4.38,4.32,4.35,4.36,-0.01,-0.2294,9126.0,3966.181
000570.SZ,20191127,4.33,4.36,4.3,4.36,4.31,0.05,1.1601,13362.08,5795.717
000570.SZ,20191126,4.35,4.39,4.31,4.31,4.32,-0.01,-0.2315,9736.0,4213.782
000570.SZ,20191125,4.28,4.34,4.25,4.32,4.29,0.03,0.6993,17720.5,7598.906
000570.SZ,20191122,4.33,4.37,4.29,4.29,4.33,-0.04,-0.9238,16675.0,7210.737
000570.SZ,20191121,4.32,4.35,4.29,4.33,4.34,-0.01,-0.2304,11317.0,4889.685
000570.SZ,20191120,4.38,4.4,4.33,4.34,4.38,-0.04,-0.9132,14026.07,6113.277
000570.SZ,20191119,4.33,4.42,4.32,4.38,4.32,0.06,1.3889,16592.57,7253.241
000570.SZ,20191118,4.33,4.36,4.28,4.32,4.33,-0.01,-0.2309,11062.0,4779.457
000570.SZ,20191115,4.4,4.42,4.32,4.33,4.4,-0.07,-1.5909,13863.34,6033.725
000570.SZ,20191114,4.39,4.44,4.36,4.4,4.38,0.02,0.4566,15356.5,6764.826
000570.SZ,20191113,4.44,4.46,4.37,4.38,4.44,-0.06,-1.3514,15040.5,6616.571
000570.SZ,20191112,4.43,4.46,4.38,4.44,4.43,0.01,0.2257,17890.34,7898.402
000570.SZ,20191111,4.58,4.58,4.4,4.43,4.59,-0.16,-3.4858,27830.0,12435.943
000570.SZ,20191108,4.61,4.66,4.57,4.59,4.62,-0.03,-0.6494,16869.5,7787.705
000570.SZ,20191107,4.56,4.64,4.54,4.62,4.6,0.02,0.4348,16538.0,7604.527
000570.SZ,20191106,4.67,4.73,4.6,4.6,4.73,-0.13,-2.7484,33900.03,15750.267
000570.SZ,20191105,4.78,4.79,4.63,4.73,4.87,-0.14,-2.8747,73086.0,34322.181
000570.SZ,20191104,4.59,4.87,4.5,4.87,4.55,0.32,7.033,37383.63,17220.832
000570.SZ,20191101,4.48,4.59,4.45,4.55,4.49,0.06,1.3363,19945.67,9060.183
000570.SZ,20191031,4.75,4.78,4.48,4.49,4.75,-0.26,-5.4737,50390.27,23227.047
000570.SZ,20191030,4.86,4.9,4.72,4.75,4.9,-0.15,-3.0612,48019.0,23019.577
000570.SZ,20191029,4.97,5.05,4.84,4.9,4.95,-0.05,-1.0101,66474.0,32636.711
000570.SZ,20191028,4.88,5.18,4.82,4.95,4.98,-0.03,-0.6024,100141.43,49271.88
000570.SZ,20191025,4.86,5.35,4.64,4.98,5.02,-0.04,-0.7968,169171.43,83098.229
000570.SZ,20191024,4.57,5.02,4.43,5.02,4.59,0.43,9.3682,49209.05,22825.826
000570.SZ,20191023,4.59,4.6,4.49,4.59,4.59,0.0,0.0,22281.1,10112.009
000570.SZ,20191022,4.43,4.63,4.43,4.59,4.45,0.14,3.1461,23756.48,10761.992
000570.SZ,20191021,4.44,4.51,4.4,4.45,4.46,-0.01,-0.2242,16729.0,7420.041
000570.SZ,20191018,4.54,4.62,4.43,4.46,4.54,-0.08,-1.7621,22379.93,10129.13
000570.SZ,20191017,4.65,4.7,4.54,4.54,4.65,-0.11,-2.3656,25235.47,11593.774
000570.SZ,20191016,4.75,4.8,4.62,4.65,4.78,-0.13,-2.7197,18835.01,8835.115
000570.SZ,20191015,4.77,4.85,4.74,4.78,4.78,0.0,0.0,17738.0,8476.988
000570.SZ,20191014,4.84,4.84,4.75,4.78,4.74,0.04,0.8439,19632.0,9413.053
000570.SZ,20191011,4.67,4.78,4.66,4.74,4.67,0.07,1.4989,17999.0,8505.113
000570.SZ,20191010,4.62,4.71,4.56,4.67,4.59,0.08,1.7429,16753.09,7816.297
000570.SZ,20191009,4.53,4.63,4.53,4.59,4.57,0.02,0.4376,14647.11,6697.486
000570.SZ,20191008,4.6,4.71,4.51,4.57,4.6,-0.03,-0.6522,22407.31,10319.463
000570.SZ,20190930,4.7,4.82,4.6,4.6,4.7,-0.1,-2.1277,19616.01,9164.053
000570.SZ,20190927,4.53,4.73,4.53,4.7,4.59,0.11,2.3965,22754.93,10644.211
000570.SZ,20190926,4.8,4.85,4.55,4.59,4.79,-0.2,-4.1754,40118.17,18614.073
000570.SZ,20190925,4.82,4.89,4.79,4.79,4.83,-0.04,-0.8282,21513.94,10419.123
000570.SZ,20190924,4.85,4.94,4.82,4.83,4.85,-0.02,-0.4124,21169.2,10341.561
000570.SZ,20190923,4.85,4.92,4.8,4.85,4.93,-0.08,-1.6227,25089.0,12199.104
000570.SZ,20190920,4.96,5.03,4.87,4.93,4.97,-0.04,-0.8048,37988.51,18840.613
000570.SZ,20190919,4.89,5.05,4.85,4.97,4.88,0.09,1.8443,38228.5,18888.938
000570.SZ,20190918,4.82,4.91,4.79,4.88,4.79,0.09,1.8789,25612.5,12432.015
000570.SZ,20190917,4.93,4.95,4.74,4.79,4.93,-0.14,-2.8398,36793.26,17794.94
000570.SZ,20190916,4.99,5.0,4.92,4.93,4.99,-0.06,-1.2024,33593.57,16662.849
000570.SZ,20190912,4.96,4.99,4.91,4.99,4.96,0.03,0.6048,32627.2,16127.086
000570.SZ,20190911,5.04,5.15,4.94,4.96,5.04,-0.08,-1.5873,53097.15,26607.456
000570.SZ,20190910,4.88,5.04,4.87,5.04,4.9,0.14,2.8571,62621.96,31206.259
000570.SZ,20190909,4.76,4.94,4.73,4.9,4.74,0.16,3.3755,58635.11,28505.21
000570.SZ,20190906,4.67,4.75,4.66,4.74,4.67,0.07,1.4989,25361.88,11943.567
000570.SZ,20190905,4.68,4.75,4.66,4.67,4.66,0.01,0.2146,31919.3,15026.509
000570.SZ,20190904,4.64,4.67,4.61,4.66,4.64,0.02,0.431,25083.59,11649.266
000570.SZ,20190903,4.65,4.66,4.57,4.64,4.59,0.05,1.0893,21620.0,9969.508
000570.SZ,20190902,4.48,4.62,4.48,4.59,4.48,0.11,2.4554,27100.55,12428.371
000570.SZ,20190830,4.59,4.61,4.44,4.48,4.51,-0.03,-0.6652,26526.93,12012.334
000570.SZ,20190829,4.56,4.64,4.51,4.51,4.56,-0.05,-1.0965,22107.0,10091.533
000570.SZ,20190828,4.54,4.61,4.51,4.56,4.54,0.02,0.4405,21870.0,10009.63
000570.SZ,20190827,4.45,4.55,4.42,4.54,4.42,0.12,2.7149,21523.33,9733.016
000570.SZ,20190826,4.35,4.45,4.32,4.42,4.45,-0.03,-0.6742,16682.35,7350.886
000570.SZ,20190823,4.51,4.53,4.44,4.45,4.5,-0.05,-1.1111,13859.0,6206.379
000570.SZ,20190822,4.48,4.53,4.42,4.5,4.47,0.03,0.6711,20080.62,9000.205
000570.SZ,20190821,4.5,4.52,4.44,4.47,4.49,-0.02,-0.4454,19036.0,8519.571
000570.SZ,20190820,4.41,4.5,4.38,4.49,4.41,0.08,1.8141,27952.37,12485.693
000570.SZ,20190819,4.3,4.42,4.29,4.41,4.29,0.12,2.7972,28487.51,12478.577
000570.SZ,20190816,4.34,4.38,4.28,4.29,4.31,-0.02,-0.464,17520.93,7569.498
000570.SZ,20190815,4.24,4.33,4.11,4.31,4.32,-0.01,-0.2315,25627.1,10858.91
000570.SZ,20190814,4.37,4.41,4.3,4.32,4.32,0.0,0.0,23118.6,10069.835
000570.SZ,20190813,4.3,4.34,4.28,4.32,4.34,-0.02,-0.4608,15908.0,6857.225
000570.SZ,20190812,4.24,4.35,4.24,4.34,4.25,0.09,2.1176,14558.94,6278.792
000570.SZ,20190809,4.35,4.37,4.25,4.25,4.31,-0.06,-1.3921,16098.94,6920.702
000570.SZ,20190808,4.29,4.38,4.29,4.31,4.29,0.02,0.4662,17163.94,7437.524
000570.SZ,20190807,4.33,4.4,4.27,4.29,4.33,-0.04,-0.9238,17538.61,7594.762
000570.SZ,20190806,4.47,4.47,4.19,4.33,4.54,-0.21,-4.6256,44428.87,19201.388
000570.SZ,20190805,4.58,4.62,4.52,4.54,4.59,-0.05,-1.0893,21076.0,9625.062
000570.SZ,20190802,4.6,4.65,4.53,4.59,4.69,-0.1,-2.1322,30038.0,13777.054
000570.SZ,20190801,4.69,4.75,4.66,4.69,4.74,-0.05,-1.0549,22193.06,10444.394
000570.SZ,20190731,4.6,4.75,4.6,4.74,4.74,0.0,0.0,19077.91,8987.292
000570.SZ,20190730,4.7,4.79,4.68,4.74,4.7,0.04,0.8511,20132.01,9564.07
000570.SZ,20190729,4.74,4.78,4.68,4.7,4.7,0.0,0.0,19845.1,9364.493
000570.SZ,20190726,4.71,4.73,4.67,4.7,4.73,-0.03,-0.6342,16939.04,7949.676
000570.SZ,20190725,4.78,4.81,4.7,4.73,4.78,-0.05,-1.046,20544.6,9749.999
000570.SZ,20190724,4.55,4.79,4.55,4.78,4.71,0.07,1.4862,30910.0,14684.211
000570.SZ,20190723,4.65,4.73,4.6,4.71,4.63,0.08,1.7279,23313.33,10871.915
000570.SZ,20190722,4.8,4.84,4.45,4.63,4.8,-0.17,-3.5417,42801.01,19893.298
000570.SZ,20190719,4.76,4.85,4.76,4.8,4.74,0.06,1.2658,23349.0,11240.269
000570.SZ,20190718,4.81,4.83,4.74,4.74,4.85,-0.11,-2.268,27173.49,12961.558
000570.SZ,20190717,4.81,4.9,4.78,4.85,4.82,0.03,0.6224,31046.01,15083.062
000570.SZ,20190716,4.83,4.88,4.81,4.82,4.85,-0.03,-0.6186,23869.51,11561.107
000570.SZ,20190715,4.8,4.85,4.66,4.85,4.8,0.05,1.0417,31684.5,15180.79
000570.SZ,20190712,4.71,4.85,4.71,4.8,4.71,0.09,1.9108,31523.98,15034.499
000570.SZ,20190711,4.77,4.84,4.71,4.71,4.73,-0.02,-0.4228,36169.0,17244.006
000570.SZ,20190710,4.84,4.88,4.7,4.73,4.87,-0.14,-2.8747,37240.0,17790.754
000570.SZ,20190709,4.9,4.9,4.8,4.87,4.81,0.06,1.2474,33389.63,16140.054
000570.SZ,20190708,5.06,5.1,4.81,4.81,5.1,-0.29,-5.6863,66782.55,32759.988
000570.SZ,20190705,5.08,5.14,5.06,5.1,5.11,-0.01,-0.1957,35414.0,18080.211
000570.SZ,20190704,5.18,5.35,5.1,5.11,5.21,-0.1,-1.9194,71750.0,37265.648
000570.SZ,20190703,5.14,5.64,5.08,5.21,5.18,0.03,0.5792,115857.0,61086.241
000570.SZ,20190702,5.16,5.19,5.07,5.18,5.16,0.02,0.3876,57689.01,29596.746
000570.SZ,20190701,5.21,5.21,5.1,5.16,5.1,0.06,1.1765,84199.02,43364.087
000570.SZ,20190628,5.2,5.2,4.87,5.1,5.2,-0.1,-1.9231,97104.18,49206.166
000570.SZ,20190627,5.23,5.27,5.16,5.2,5.22,-0.02,-0.3831,92980.57,48453.926
000570.SZ,20190626,5.32,5.39,5.1,5.22,5.41,-0.19,-3.512,135479.3,70562.361
000570.SZ,20190625,5.46,5.89,5.33,5.41,5.64,-0.23,-4.078,311074.18,173132.492
000570.SZ,20190624,5.06,5.64,4.93,5.64,5.13,0.51,9.9415,273430.73,144462.36
000570.SZ,20190621,5.08,5.29,5.03,5.13,5.13,0.0,0.0,196165.38,101348.409
000570.SZ,20190620,4.62,5.13,4.62,5.13,4.66,0.47,10.0858,134818.33,67436.593
000570.SZ,20190619,4.8,4.81,4.63,4.66,4.62,0.04,0.8658,35478.68,16709.027
000570.SZ,20190618,4.66,4.74,4.61,4.64,4.69,-0.05,-1.0661,27300.5,12727.931
000570.SZ,20190617,4.76,4.76,4.67,4.69,4.68,0.01,0.2137,21454.65,10095.91
000570.SZ,20190614,4.84,4.86,4.67,4.68,4.86,-0.18,-3.7037,52064.28,24818.486
000570.SZ,20190613,4.8,4.91,4.77,4.86,4.72,0.14,2.9661,55828.0,27043.635
000570.SZ,20190612,4.75,4.82,4.7,4.72,4.78,-0.06,-1.2552,39635.0,18856.98
000570.SZ,20190611,4.57,4.78,4.56,4.78,4.53,0.25,5.5188,53050.47,24951.977
000570.SZ,20190610,4.52,4.55,4.45,4.53,4.45,0.08,1.7978,24578.0,11079.084
000570.SZ,20190606,4.51,4.61,4.41,4.45,4.58,-0.13,-2.8384,39586.46,17744.96
000570.SZ,20190605,4.65,4.75,4.55,4.58,4.62,-0.04,-0.8658,37170.55,17150.506
000570.SZ,20190604,4.85,4.85,4.61,4.62,4.65,-0.03,-0.6452,42811.86,20061.148
000570.SZ,20190603,4.75,4.8,4.64,4.65,4.74,-0.09,-1.8987,27023.41,12685.036
000570.SZ,20190531,4.72,4.83,4.72,4.74,4.75,-0.01,-0.2105,26870.99,12817.707
000570.SZ,20190530,4.86,4.86,4.69,4.75,4.86,-0.11,-2.2634,37385.02,17799.774
000570.SZ,20190529,4.88,4.88,4.8,4.86,4.81,0.05,1.0395,36177.01,17498.8
000570.SZ,20190528,4.79,4.94,4.79,4.81,4.83,-0.02,-0.4141,50039.0,24365.048
000570.SZ,20190527,4.68,4.84,4.63,4.83,4.59,0.24,5.2288,57154.26,27120.793
000570.SZ,20190524,4.75,4.75,4.55,4.59,4.64,-0.05,-1.0776,41249.77,19126.667
000570.SZ,20190523,4.73,4.79,4.64,4.64,4.73,-0.09,-1.9027,52045.09,24489.895
000570.SZ,20190522,4.88,4.89,4.72,4.73,4.86,-0.13,-2.6749,52881.46,25360.558
000570.SZ,20190521,4.85,4.92,4.72,4.86,4.82,0.04,0.8299,58751.16,28518.876
000570.SZ,20190520,4.99,5.09,4.61,4.82,5.05,-0.23,-4.5545,90907.79,43663.869
000570.SZ,20190517,5.25,5.59,4.93,5.05,5.21,-0.16,-3.071,154428.87,80846.635
000570.SZ,20190516,5.2,5.41,5.15,5.21,5.17,0.04,0.7737,139885.29,73492.415
000570.SZ,20190515,4.97,5.25,4.92,5.17,4.89,0.28,5.726,137674.86,70812.03
000570.SZ,20190514,4.95,5.04,4.87,4.89,5.04,-0.15,-2.9762,77179.98,38225.474
000570.SZ,20190513,4.88,5.06,4.82,5.04,4.96,0.08,1.6129,95483.0,47552.76
000570.SZ,20190510,4.82,5.05,4.8,4.96,4.88,0.08,1.6393,126957.1,62738.705
000570.SZ,20190509,4.82,5.05,4.75,4.88,4.98,-0.1,-2.008,132595.15,64797.111
000570.SZ,20190508,4.51,4.98,4.36,4.98,4.53,0.45,9.9338,111821.62,53580.218
000570.SZ,20190507,4.48,4.57,4.4,4.53,4.43,0.1,2.2573,50386.92,22669.048
000570.SZ,20190506,4.8,4.8,4.43,4.43,4.92,-0.49,-9.9593,97528.32,44609.168
000570.SZ,20190430,4.85,4.99,4.8,4.92,4.82,0.1,2.0747,54806.39,26953.284
000570.SZ,20190429,5.1,5.15,4.78,4.82,5.03,-0.21,-4.175,82793.02,41245.096
000570.SZ,20190426,5.25,5.32,5.03,5.03,5.31,-0.28,-5.2731,97292.75,50242.895
000570.SZ,20190425,5.55,5.7,5.31,5.31,5.52,-0.21,-3.8043,119012.16,65850.712
000570.SZ,20190424,5.51,5.58,5.45,5.52,5.44,0.08,1.4706,61878.81,34125.942
000570.SZ,20190423,5.63,5.67,5.42,5.44,5.6,-0.16,-2.8571,79902.21,44215.672
000570.SZ,20190422,5.68,5.76,5.58,5.6,5.74,-0.14,-2.439,92555.0,52396.423
000570.SZ,20190419,5.83,5.87,5.63,5.74,5.88,-0.14,-2.381,145906.48,83365.066
000570.SZ,20190418,5.69,6.04,5.66,5.88,5.69,0.19,3.3392,250459.7,146750.775
000570.SZ,20190417,5.5,5.78,5.49,5.69,5.53,0.16,2.8933,185438.13,105320.479
000570.SZ,20190416,5.37,5.55,5.3,5.53,5.42,0.11,2.0295,83973.76,45675.89
000570.SZ,20190415,5.5,5.57,5.39,5.42,5.47,-0.05,-0.9141,78675.0,43380.19
000570.SZ,20190412,5.37,5.47,5.35,5.47,5.39,0.08,1.4842,66301.25,36029.805
000570.SZ,20190411,5.53,5.57,5.38,5.39,5.58,-0.19,-3.405,126652.61,69212.625
000570.SZ,20190410,5.61,5.69,5.55,5.58,5.69,-0.11,-1.9332,105270.79,59018.271
000570.SZ,20190409,5.63,5.7,5.52,5.69,5.66,0.03,0.53,119670.23,67133.929
000570.SZ,20190408,5.86,5.9,5.54,5.66,5.83,-0.17,-2.916,185567.58,105624.248
000570.SZ,20190404,5.63,5.92,5.6,5.83,5.64,0.19,3.3688,268719.24,155457.497
000570.SZ,20190403,5.65,5.69,5.52,5.64,5.7,-0.06,-1.0526,158177.19,88623.929
000570.SZ,20190402,5.72,5.84,5.59,5.7,5.71,-0.01,-0.1751,212710.71,121325.028
000570.SZ,20190401,5.59,5.78,5.53,5.71,5.54,0.17,3.0686,226974.93,128428.037
000570.SZ,20190329,5.35,5.56,5.32,5.54,5.36,0.18,3.3582,195111.56,106403.05
000570.SZ,20190328,5.47,5.55,5.36,5.36,5.58,-0.22,-3.9427,208860.83,113521.786
000570.SZ,20190327,5.66,5.75,5.44,5.58,5.59,-0.01,-0.1789,232910.29,130338.206
000570.SZ,20190326,5.8,5.85,5.51,5.59,5.9,-0.31,-5.2542,303063.22,171828.299
000570.SZ,20190325,6.08,6.2,5.9,5.9,6.55,-0.65,-9.9237,446561.29,267366.166
000570.SZ,20190322,6.44,6.88,6.3,6.55,6.41,0.14,2.1841,639393.28,420647.106
000570.SZ,20190321,6.51,6.91,6.2,6.41,6.28,0.13,2.0701,562322.53,375152.57
000570.SZ,20190320,5.77,6.28,5.58,6.28,5.71,0.57,9.9825,579434.5,353298.58
000570.SZ,20190319,5.6,5.71,5.3,5.71,5.19,0.52,10.0193,431425.61,238299.337
000570.SZ,20190318,5.19,5.19,5.09,5.19,4.72,0.47,9.9576,105166.18,54521.298
000570.SZ,20190315,4.6,4.74,4.6,4.72,4.62,0.1,2.1645,80130.24,37492.535
000570.SZ,20190314,5.08,5.08,4.55,4.62,4.92,-0.3,-6.0976,142399.07,67844.248
000570.SZ,20190313,4.93,5.08,4.82,4.92,4.85,0.07,1.4433,153434.91,75673.991
000570.SZ,20190312,4.78,4.92,4.72,4.85,4.71,0.14,2.9724,105231.66,50836.319
000570.SZ,20190311,4.52,4.71,4.52,4.71,4.52,0.19,4.2035,74135.04,34218.417
000570.SZ,20190308,4.75,4.77,4.5,4.52,4.82,-0.3,-6.2241,93102.92,43386.589
000570.SZ,20190307,4.71,4.84,4.69,4.82,4.74,0.08,1.6878,85577.16,40745.055
000570.SZ,20190306,4.64,4.74,4.58,4.74,4.64,0.1,2.1552,87054.1,40606.362
000570.SZ,20190305,4.53,4.65,4.5,4.64,4.53,0.11,2.4283,72790.94,33404.216
000570.SZ,20190304,4.55,4.62,4.49,4.53,4.51,0.02,0.4435,105031.62,47807.819
000570.SZ,20190301,4.46,4.53,4.44,4.51,4.46,0.05,1.1211,58357.12,26150.995
000570.SZ,20190228,4.43,4.49,4.35,4.46,4.43,0.03,0.6772,66412.29,29537.009
000570.SZ,20190227,4.47,4.56,4.4,4.43,4.51,-0.08,-1.7738,88311.92,39649.173
000570.SZ,20190226,4.48,4.63,4.39,4.51,4.47,0.04,0.8949,123014.09,55507.269
000570.SZ,20190225,4.32,4.48,4.29,4.47,4.29,0.18,4.1958,92683.85,40723.034
000570.SZ,20190222,4.25,4.32,4.21,4.29,4.25,0.04,0.9412,67362.03,28735.081
000570.SZ,20190221,4.27,4.39,4.22,4.25,4.27,-0.02,-0.4684,85404.9,36735.609
000570.SZ,20190220,4.31,4.35,4.22,4.27,4.31,-0.04,-0.9281,56032.0,23981.131
000570.SZ,20190219,4.2,4.35,4.13,4.31,4.2,0.11,2.619,83367.48,35270.162
000570.SZ,20190218,4.07,4.21,4.07,4.2,4.07,0.13,3.1941,64406.22,26773.649
000570.SZ,20190215,4.09,4.12,4.06,4.07,4.11,-0.04,-0.9732,46092.1,18840.556
000570.SZ,20190214,4.07,4.15,4.04,4.11,4.07,0.04,0.9828,57391.47,23447.755
000570.SZ,20190213,4.01,4.08,3.98,4.07,4.01,0.06,1.4963,60160.39,24266.025
000570.SZ,20190212,3.95,4.05,3.93,4.01,3.96,0.05,1.2626,57765.29,23125.07
000570.SZ,20190211,3.86,3.97,3.82,3.96,3.84,0.12,3.125,47723.26,18629.115
000570.SZ,20190201,3.82,3.9,3.81,3.84,3.79,0.05,1.3193,40025.68,15415.169
000570.SZ,20190131,3.93,4.06,3.76,3.79,4.0,-0.21,-5.25,97294.33,37635.184
000570.SZ,20190130,4.13,4.33,3.99,4.0,4.33,-0.33,-7.6212,118869.66,49011.122
000570.SZ,20190129,4.31,4.38,4.06,4.33,4.41,-0.08,-1.8141,170882.79,72250.475
000570.SZ,20190128,4.61,4.77,4.28,4.41,4.75,-0.34,-7.1579,254748.14,113973.493
000570.SZ,20190125,4.51,5.08,4.46,4.75,4.62,0.13,2.8139,373255.2,177404.999
000570.SZ,20190124,4.15,4.62,4.12,4.62,4.2,0.42,10.0,265821.62,121347.421
000570.SZ,20190123,4.1,4.25,4.07,4.2,4.06,0.14,3.4483,64850.16,27098.854
000570.SZ,20190122,4.11,4.24,4.05,4.06,4.12,-0.06,-1.4563,32310.54,13364.634
000570.SZ,20190121,4.09,4.15,4.06,4.12,4.06,0.06,1.4778,23992.14,9868.506
000570.SZ,20190118,4.08,4.11,4.02,4.06,4.05,0.01,0.2469,17361.39,7040.385
000570.SZ,20190117,4.04,4.15,4.02,4.05,4.04,0.01,0.2475,28746.68,11740.773
000570.SZ,20190116,4.04,4.1,3.99,4.04,4.08,-0.04,-0.9804,17008.0,6884.983
000570.SZ,20190115,4.05,4.08,3.99,4.08,4.08,0.0,0.0,28118.85,11356.17
000570.SZ,20190114,4.06,4.14,3.97,4.08,4.08,0.0,0.0,31805.77,12877.429
000570.SZ,20190111,4.08,4.11,4.03,4.08,4.03,0.05,1.2407,18074.11,7375.939
000570.SZ,20190110,4.0,4.09,4.0,4.03,4.02,0.01,0.2488,15300.79,6204.371
000570.SZ,20190109,3.98,4.08,3.98,4.02,3.96,0.06,1.5152,22133.1,8963.909
000570.SZ,20190108,3.98,4.01,3.94,3.96,3.97,-0.01,-0.2519,12103.1,4818.172
000570.SZ,20190107,3.88,4.01,3.88,3.97,3.87,0.1,2.584,16492.0,6538.02
000570.SZ,20190104,3.74,3.91,3.72,3.87,3.78,0.09,2.381,14882.94,5731.148
000570.SZ,20190103,3.8,3.83,3.76,3.78,3.82,-0.04,-1.0471,4671.0,1774.711
000570.SZ,20190102,3.79,3.83,3.73,3.82,3.74,0.08,2.139,9321.0,3532.786
000570.SZ,20181228,3.72,3.8,3.71,3.74,3.7,0.04,1.0811,7284.4,2743.098
000570.SZ,20181227,3.87,3.87,3.7,3.7,3.8,-0.1,-2.6316,5344.0,2027.293
000570.SZ,20181226,3.79,3.84,3.77,3.8,3.8,0.0,0.0,5794.73,2208.671
000570.SZ,20181225,3.86,3.86,3.71,3.8,3.88,-0.08,-2.0619,15265.34,5782.925
000570.SZ,20181224,3.86,3.91,3.84,3.88,3.87,0.01,0.2584,7119.01,2761.732
000570.SZ,20181221,3.89,3.92,3.84,3.87,3.88,-0.01,-0.2577,8132.01,3156.316
000570.SZ,20181220,3.86,3.91,3.86,3.88,3.88,0.0,0.0,6200.5,2408.304
000570.SZ,20181219,3.93,3.93,3.86,3.88,3.91,-0.03,-0.7673,9106.65,3547.441
000570.SZ,20181218,3.93,3.95,3.88,3.91,3.93,-0.02,-0.5089,8659.51,3386.98
000570.SZ,20181217,3.88,3.97,3.88,3.93,3.93,0.0,0.0,10474.0,4117.184
000570.SZ,20181214,4.01,4.04,3.93,3.93,4.04,-0.11,-2.7228,18194.0,7234.556
000570.SZ,20181213,4.05,4.1,3.98,4.04,4.0,0.04,1.0,24523.8,9898.802
000570.SZ,20181212,3.95,4.02,3.94,4.0,3.94,0.06,1.5228,14213.8,5665.049
000570.SZ,20181211,3.93,3.97,3.92,3.94,3.93,0.01,0.2545,10872.9,4288.186
000570.SZ,20181210,3.95,4.0,3.9,3.93,3.99,-0.06,-1.5038,12641.1,4982.156
000570.SZ,20181207,4.02,4.05,3.97,3.99,4.02,-0.03,-0.7463,10886.53,4362.893
000570.SZ,20181206,4.06,4.07,4.01,4.02,4.05,-0.03,-0.7407,17321.0,6997.054
000570.SZ,20181205,4.02,4.07,4.0,4.05,4.09,-0.04,-0.978,16288.26,6572.494
000570.SZ,20181204,4.03,4.09,3.99,4.09,4.04,0.05,1.2376,21136.05,8558.0
000570.SZ,20181203,3.94,4.05,3.91,4.04,3.89,0.15,3.856,27563.64,11052.542
000570.SZ,20181130,3.9,3.93,3.82,3.89,3.9,-0.01,-0.2564,17522.7,6798.568
000570.SZ,20181129,3.97,4.02,3.88,3.9,3.96,-0.06,-1.5152,26580.2,10539.837
000570.SZ,20181128,3.93,3.98,3.83,3.96,3.92,0.04,1.0204,26699.48,10442.079
000570.SZ,20181127,3.94,3.96,3.91,3.92,3.91,0.01,0.2558,20212.0,7955.797
000570.SZ,20181126,3.96,3.98,3.9,3.91,3.96,-0.05,-1.2626,20079.96,7907.963
000570.SZ,20181123,4.13,4.13,3.96,3.96,4.19,-0.23,-5.4893,52160.45,21109.747
000570.SZ,20181122,4.13,4.19,4.08,4.19,4.13,0.06,1.4528,31733.95,13136.758
000570.SZ,20181121,4.05,4.13,4.01,4.13,4.11,0.02,0.4866,28555.46,11659.593
000570.SZ,20181120,4.18,4.24,4.11,4.11,4.25,-0.14,-3.2941,38578.03,16058.052
000570.SZ,20181119,4.2,4.34,4.18,4.25,4.19,0.06,1.432,69220.02,29362.163
000570.SZ,20181116,4.17,4.21,4.13,4.19,4.15,0.04,0.9639,50056.72,20913.055
000570.SZ,20181115,4.13,4.23,4.1,4.15,4.13,0.02,0.4843,55020.97,22885.762
000570.SZ,20181114,4.15,4.2,4.11,4.13,4.15,-0.02,-0.4819,49983.12,20767.124
000570.SZ,20181113,4.15,4.25,4.08,4.15,4.22,-0.07,-1.6588,108204.98,45077.437
000570.SZ,20181112,3.88,4.22,3.87,4.22,3.84,0.38,9.8958,137282.4,56844.841
000570.SZ,20181109,3.85,3.9,3.84,3.84,3.87,-0.03,-0.7752,8091.0,3130.951
000570.SZ,20181108,3.86,3.92,3.86,3.87,3.85,0.02,0.5195,20201.88,7866.981
000570.SZ,20181107,3.86,3.92,3.85,3.85,3.85,0.0,0.0,11952.94,4641.38
000570.SZ,20181106,3.84,3.9,3.83,3.85,3.86,-0.01,-0.2591,10741.94,4147.834
000570.SZ,20181105,3.82,3.88,3.8,3.86,3.84,0.02,0.5208,14587.05,5604.284
000570.SZ,20181102,3.79,3.85,3.75,3.84,3.78,0.06,1.5873,14190.82,5401.967
000570.SZ,20181101,3.81,3.86,3.78,3.78,3.8,-0.02,-0.5263,12778.0,4883.734
000570.SZ,20181031,3.73,3.81,3.73,3.8,3.73,0.07,1.8767,9464.67,3580.083
000570.SZ,20181030,3.72,3.8,3.71,3.73,3.74,-0.01,-0.2674,14285.11,5359.229
000570.SZ,20181029,3.75,3.78,3.72,3.74,3.75,-0.01,-0.2667,5000.0,1871.741
000570.SZ,20181026,3.73,3.79,3.73,3.75,3.75,0.0,0.0,7974.0,2994.948
000570.SZ,20181025,3.63,3.75,3.61,3.75,3.75,0.0,0.0,13407.08,4923.434
000570.SZ,20181024,3.7,3.78,3.67,3.75,3.74,0.01,0.2674,9994.93,3722.151
000570.SZ,20181023,4.03,4.03,3.71,3.74,3.71,0.03,0.8086,36472.51,14154.462
000570.SZ,20181022,3.59,3.81,3.58,3.71,3.58,0.13,3.6313,16736.88,6204.334
000570.SZ,20181019,3.44,3.58,3.4,3.58,3.48,0.1,2.8736,9540.67,3361.489
000570.SZ,20181018,3.53,3.53,3.45,3.48,3.57,-0.09,-2.521,6303.0,2203.051
000570.SZ,20181017,3.59,3.63,3.51,3.57,3.53,0.04,1.1331,7021.74,2491.342
000570.SZ,20181016,3.6,3.65,3.52,3.53,3.6,-0.07,-1.9444,5112.0,1834.16
000570.SZ,20181015,3.65,3.68,3.56,3.6,3.65,-0.05,-1.3699,6113.92,2221.294
000570.SZ,20181012,3.65,3.67,3.46,3.65,3.67,-0.02,-0.545,12867.42,4627.484
000570.SZ,20181011,3.97,3.97,3.64,3.67,4.04,-0.37,-9.1584,24087.23,9125.168
000570.SZ,20181010,4.03,4.05,4.0,4.04,4.03,0.01,0.2481,9463.59,3806.693
000570.SZ,20181009,4.05,4.08,4.01,4.03,4.05,-0.02,-0.4938,10461.0,4229.415
000570.SZ,20181008,4.1,4.11,4.04,4.05,4.15,-0.1,-2.4096,6536.58,2661.602
000570.SZ,20180928,4.12,4.15,4.1,4.15,4.14,0.01,0.2415,6245.01,2577.596
000570.SZ,20180927,4.23,4.25,4.11,4.14,4.2,-0.06,-1.4286,9406.0,3915.017
000570.SZ,20180926,4.15,4.42,4.15,4.2,4.15,0.05,1.2048,18059.0,7618.524
000570.SZ,20180925,4.12,4.15,4.09,4.15,4.14,0.01,0.2415,7971.98,3283.447
000570.SZ,20180921,4.12,4.15,4.09,4.14,4.09,0.05,1.2225,7529.0,3104.245
000570.SZ,20180920,4.09,4.14,4.08,4.09,4.12,-0.03,-0.7282,5697.01,2336.252
000570.SZ,20180919,4.09,4.14,4.08,4.12,4.09,0.03,0.7335,8526.02,3509.052
000570.SZ,20180918,4.03,4.09,4.02,4.09,4.01,0.08,1.995,6203.02,2520.423
000570.SZ,20180917,4.03,4.06,4.01,4.01,4.04,-0.03,-0.7426,7341.9,2956.064
000570.SZ,20180914,4.09,4.1,4.04,4.04,4.08,-0.04,-0.9804,5858.75,2385.328
000570.SZ,20180913,4.07,4.1,4.05,4.08,4.07,0.01,0.2457,7407.25,3015.948
000570.SZ,20180912,4.05,4.09,4.03,4.07,4.07,0.0,0.0,7016.2,2852.009
000570.SZ,20180911,4.06,4.08,4.03,4.07,4.06,0.01,0.2463,6205.95,2516.682
000570.SZ,20180910,4.07,4.1,4.05,4.06,4.09,-0.03,-0.7335,7179.0,2922.054
000570.SZ,20180907,4.07,4.12,4.06,4.09,4.07,0.02,0.4914,8875.0,3623.4
000570.SZ,20180906,4.11,4.14,4.06,4.07,4.12,-0.05,-1.2136,17307.0,7098.002
000570.SZ,20180905,4.16,4.17,4.11,4.12,4.15,-0.03,-0.7229,10301.58,4256.641
000570.SZ,20180904,4.11,4.16,4.11,4.15,4.12,0.03,0.7282,11113.58,4596.816
000570.SZ,20180903,4.15,4.16,4.1,4.12,4.18,-0.06,-1.4354,14218.6,5865.736
000570.SZ,20180831,4.25,4.28,4.16,4.18,4.29,-0.11,-2.5641,37368.0,15762.27
000570.SZ,20180830,4.57,4.68,4.28,4.29,4.44,-0.15,-3.3784,105488.6,47227.77
000570.SZ,20180829,4.24,4.44,4.2,4.44,4.23,0.21,4.9645,49044.11,21263.834
000570.SZ,20180828,4.2,4.26,4.17,4.23,4.2,0.03,0.7143,19367.19,8188.408
000570.SZ,20180827,4.12,4.23,4.1,4.2,4.1,0.1,2.439,11517.01,4813.719
000570.SZ,20180824,4.1,4.14,4.08,4.1,4.1,0.0,0.0,8328.5,3424.973
000570.SZ,20180823,4.11,4.14,4.08,4.1,4.11,-0.01,-0.2433,8823.58,3620.853
000570.SZ,20180822,4.17,4.19,4.08,4.11,4.18,-0.07,-1.6746,14681.0,6051.191
000570.SZ,20180821,4.18,4.2,4.13,4.18,4.18,0.0,0.0,7600.0,3167.955
000570.SZ,20180820,4.12,4.2,4.05,4.18,4.15,0.03,0.7229,17546.0,7238.327
000570.SZ,20180817,4.23,4.23,4.12,4.15,4.16,-0.01,-0.2404,10167.0,4236.766
000570.SZ,20180816,4.18,4.2,4.12,4.16,4.18,-0.02,-0.4785,8842.72,3684.367
000570.SZ,20180815,4.3,4.31,4.18,4.18,4.31,-0.13,-3.0162,11324.0,4794.238
000570.SZ,20180814,4.32,4.33,4.25,4.31,4.34,-0.03,-0.6912,16711.55,7156.121
000570.SZ,20180813,4.29,4.34,4.25,4.34,4.32,0.02,0.463,25143.5,10811.259
000570.SZ,20180810,4.26,4.34,4.24,4.32,4.27,0.05,1.171,16204.2,6962.411
000570.SZ,20180809,4.21,4.32,4.17,4.27,4.22,0.05,1.1848,15833.0,6770.913
000570.SZ,20180808,4.26,4.28,4.19,4.22,4.25,-0.03,-0.7059,14271.84,6038.83
000570.SZ,20180807,4.13,4.26,4.13,4.25,4.13,0.12,2.9056,15407.83,6500.481
000570.SZ,20180806,4.14,4.22,4.1,4.13,4.15,-0.02,-0.4819,13116.0,5447.336
000570.SZ,20180803,4.25,4.26,4.12,4.15,4.25,-0.1,-2.3529,11092.87,4665.735
000570.SZ,20180802,4.35,4.35,4.18,4.25,4.36,-0.11,-2.5229,30690.0,13082.804
000570.SZ,20180801,4.37,4.45,4.35,4.36,4.36,0.0,0.0,16492.16,7252.744
000570.SZ,20180731,4.37,4.41,4.31,4.36,4.31,0.05,1.1601,15854.0,6916.595
000570.SZ,20180730,4.37,4.41,4.28,4.31,4.39,-0.08,-1.8223,18796.6,8119.696
000570.SZ,20180727,4.37,4.47,4.34,4.39,4.37,0.02,0.4577,22780.34,10045.721
000570.SZ,20180726,4.28,4.41,4.27,4.37,4.3,0.07,1.6279,31105.3,13535.296
000570.SZ,20180725,4.24,4.44,4.24,4.3,4.27,0.03,0.7026,31595.51,13673.36
000570.SZ,20180724,4.16,4.28,4.16,4.27,4.19,0.08,1.9093,26135.37,11097.468
000570.SZ,20180723,4.14,4.2,4.11,4.19,4.15,0.04,0.9639,14661.18,6096.292
000570.SZ,20180720,4.05,4.15,4.02,4.15,4.07,0.08,1.9656,14026.01,5742.033
000570.SZ,20180719,4.14,4.15,4.05,4.07,4.14,-0.07,-1.69,6402.0,2621.346
000570.SZ,20180718,4.15,4.18,4.12,4.14,4.15,-0.01,-0.24,12618.41,5228.777
000570.SZ,20180717,4.1,4.16,4.06,4.15,4.11,0.04,0.97,14045.0,5756.437
000570.SZ,20180716,4.16,4.16,4.0,4.11,4.17,-0.06,-1.44,21484.0,8786.016
000570.SZ,20180713,4.19,4.21,4.14,4.17,4.17,0.0,0.0,12018.02,5014.815
000570.SZ,20180712,4.08,4.19,4.06,4.17,4.07,0.1,2.46,13126.93,5440.746
000570.SZ,20180711,4.17,4.18,4.02,4.07,4.19,-0.12,-2.86,14251.0,5838.236
000570.SZ,20180710,4.18,4.22,4.15,4.19,4.2,-0.01,-0.24,8064.1,3377.217
000570.SZ,20180709,4.14,4.2,4.13,4.2,4.13,0.07,1.69,8475.6,3535.479
000570.SZ,20180706,4.09,4.24,4.05,4.13,4.08,0.05,1.23,12568.11,5186.231
000570.SZ,20180705,4.16,4.19,4.08,4.08,4.17,-0.09,-2.16,9599.8,3972.068
000570.SZ,20180704,4.19,4.29,4.13,4.17,4.22,-0.05,-1.18,13747.0,5766.497
000570.SZ,20180703,4.13,4.27,4.13,4.22,4.14,0.08,1.93,14180.0,5942.337
000570.SZ,20180702,4.2,4.25,4.09,4.14,4.21,-0.07,-1.66,10849.84,4535.37
000570.SZ,20180629,4.12,4.22,4.11,4.21,4.12,0.09,2.18,14765.74,6178.702
000570.SZ,20180628,4.14,4.19,4.11,4.12,4.14,-0.02,-0.48,8142.0,3374.194
000570.SZ,20180627,4.14,4.18,4.1,4.14,4.16,-0.02,-0.48,8310.0,3435.57
000570.SZ,20180626,4.06,4.44,4.01,4.16,4.11,0.05,1.22,18098.0,7522.579
000570.SZ,20180625,4.16,4.16,4.07,4.11,4.1,0.01,0.24,9658.0,3963.315
000570.SZ,20180622,4.0,4.14,3.98,4.1,4.01,0.09,2.24,9788.59,3992.824
000570.SZ,20180621,4.1,4.14,4.0,4.01,4.11,-0.1,-2.43,12995.61,5284.773
000570.SZ,20180620,4.06,4.2,4.05,4.11,4.05,0.06,1.48,12543.0,5137.146
000570.SZ,20180619,4.42,4.42,4.01,4.05,4.46,-0.41,-9.19,28116.0,11742.917
000570.SZ,20180615,4.52,4.55,4.42,4.46,4.53,-0.07,-1.55,11759.0,5255.713
000570.SZ,20180614,4.56,4.59,4.53,4.56,4.54,0.02,0.44,6937.2,3155.571
000570.SZ,20180613,4.61,4.62,4.54,4.54,4.63,-0.09,-1.94,6478.0,2964.607
000570.SZ,20180612,4.69,4.69,4.54,4.63,4.67,-0.04,-0.86,12857.48,5928.167
000570.SZ,20180611,4.57,5.01,4.57,4.67,4.57,0.1,2.19,20788.1,9838.766
000570.SZ,20180608,4.72,4.73,4.52,4.57,4.73,-0.16,-3.38,17876.5,8226.644
000570.SZ,20180607,4.76,4.78,4.72,4.73,4.76,-0.03,-0.63,8506.0,4037.155
000570.SZ,20180606,4.78,4.79,4.74,4.76,4.77,-0.01,-0.21,11942.77,5688.412
000570.SZ,20180605,4.79,4.79,4.7,4.77,4.77,0.0,0.0,21956.27,10425.14
000570.SZ,20180604,4.75,4.84,4.75,4.77,4.82,-0.05,-1.04,20342.83,9743.098
000570.SZ,20180601,4.79,4.9,4.73,4.82,4.68,0.14,2.99,38301.78,18488.947
000570.SZ,20180531,4.66,4.79,4.66,4.68,4.64,0.04,0.86,17156.05,8067.734
000570.SZ,20180530,4.7,4.87,4.61,4.64,4.8,-0.16,-3.33,23444.76,11112.562
000570.SZ,20180529,4.76,4.89,4.73,4.8,4.77,0.03,0.63,17378.0,8357.422
000570.SZ,20180528,4.73,4.93,4.7,4.77,4.75,0.02,0.42,18735.0,9000.131
000570.SZ,20180525,4.81,4.84,4.74,4.75,4.82,-0.07,-1.45,12769.0,6095.896
000570.SZ,20180524,4.85,4.89,4.82,4.82,4.86,-0.04,-0.82,10470.64,5083.266
000570.SZ,20180523,4.89,4.91,4.83,4.86,4.89,-0.03,-0.61,12885.39,6261.456
000570.SZ,20180522,4.9,4.9,4.85,4.89,4.89,0.0,0.0,12068.96,5884.2
000570.SZ,20180521,4.85,4.9,4.85,4.89,4.83,0.06,1.24,11564.0,5644.882
000570.SZ,20180518,4.81,4.84,4.76,4.83,4.79,0.04,0.84,6342.01,3051.51
000570.SZ,20180517,4.83,4.83,4.78,4.79,4.81,-0.02,-0.42,7020.1,3364.864
000570.SZ,20180516,4.8,4.86,4.8,4.81,4.83,-0.02,-0.41,9281.81,4472.418
000570.SZ,20180515,4.82,4.86,4.75,4.83,4.8,0.03,0.63,13406.74,6421.285
000570.SZ,20180514,4.89,4.89,4.79,4.8,4.87,-0.07,-1.44,9808.0,4744.977
000570.SZ,20180511,4.94,4.94,4.85,4.87,4.94,-0.07,-1.42,10250.54,5016.26
000570.SZ,20180510,4.92,4.95,4.89,4.94,4.9,0.04,0.82,12388.0,6094.597
000570.SZ,20180509,4.91,4.92,4.87,4.9,4.9,0.0,0.0,8230.0,4029.448
000570.SZ,20180508,4.92,4.92,4.87,4.9,4.89,0.01,0.2,11323.0,5544.277
000570.SZ,20180507,4.84,4.94,4.79,4.89,4.79,0.1,2.09,18188.0,8857.127
000570.SZ,20180504,4.77,4.84,4.77,4.79,4.8,-0.01,-0.21,9146.5,4393.467
000570.SZ,20180503,4.8,4.84,4.71,4.8,4.8,0.0,0.0,12695.18,6051.334
000570.SZ,20180502,4.81,4.88,4.76,4.8,4.81,-0.01,-0.21,11343.41,5477.128
000570.SZ,20180427,4.81,4.89,4.81,4.81,4.81,0.0,0.0,10256.72,4958.907
000570.SZ,20180426,4.95,4.98,4.8,4.81,5.0,-0.19,-3.8,26995.02,13143.871
000570.SZ,20180425,4.77,5.13,4.76,5.0,4.79,0.21,4.38,50069.32,24890.9
000570.SZ,20180424,4.7,4.81,4.7,4.79,4.69,0.1,2.13,9991.48,4754.438
000570.SZ,20180423,4.73,4.76,4.65,4.69,4.74,-0.05,-1.05,11652.01,5469.163
000570.SZ,20180420,4.87,4.87,4.74,4.74,4.86,-0.12,-2.47,9396.0,4501.938
000570.SZ,20180419,4.84,4.89,4.83,4.86,4.85,0.01,0.21,11989.0,5833.363
000570.SZ,20180418,4.84,4.89,4.76,4.85,4.79,0.06,1.25,16942.57,8165.859
000570.SZ,20180417,4.95,4.97,4.77,4.79,4.91,-0.12,-2.44,15525.0,7550.911
000570.SZ,20180416,4.97,5.0,4.88,4.91,4.97,-0.06,-1.21,14968.01,7395.357
000570.SZ,20180413,5.03,5.08,4.96,4.97,5.01,-0.04,-0.8,20338.0,10201.709
000570.SZ,20180412,5.15,5.15,5.0,5.01,5.17,-0.16,-3.09,33467.8,17006.461
000570.SZ,20180411,5.23,5.29,5.15,5.17,5.26,-0.09,-1.71,54956.8,28684.894
000570.SZ,20180410,5.09,5.31,5.04,5.26,5.07,0.19,3.75,47633.21,24776.52
000570.SZ,20180409,5.12,5.2,5.02,5.07,5.12,-0.05,-0.98,19522.0,9919.989
000570.SZ,20180404,5.16,5.25,5.12,5.12,5.16,-0.04,-0.78,15680.8,8111.509
000570.SZ,20180403,5.21,5.23,5.13,5.16,5.26,-0.1,-1.9,17129.0,8843.15
000570.SZ,20180402,5.25,5.33,5.18,5.26,5.2,0.06,1.15,31327.41,16465.575
000570.SZ,20180330,5.15,5.22,5.13,5.2,5.16,0.04,0.78,20058.4,10408.327
000570.SZ,20180329,5.08,5.17,5.08,5.16,5.08,0.08,1.57,16227.0,8312.833
000570.SZ,20180328,5.09,5.16,5.07,5.08,5.16,-0.08,-1.55,13180.0,6730.524
000570.SZ,20180327,5.1,5.21,5.08,5.16,5.05,0.11,2.18,23000.48,11839.299
000570.SZ,20180326,4.96,5.11,4.84,5.05,5.03,0.02,0.4,24392.12,12101.849
000570.SZ,20180323,5.26,5.26,5.02,5.03,5.37,-0.34,-6.33,43381.91,22311.494
000570.SZ,20180322,5.22,5.4,5.17,5.37,5.22,0.15,2.87,38778.83,20574.473
000570.SZ,20180321,5.21,5.28,5.16,5.22,5.22,0.0,0.0,20919.7,10948.872
000570.SZ,20180320,5.12,5.23,5.08,5.22,5.17,0.05,0.97,17132.31,8869.401
000570.SZ,20180319,5.15,5.22,5.14,5.17,5.18,-0.01,-0.19,15302.0,7926.833
000570.SZ,20180316,5.12,5.19,5.11,5.18,5.12,0.06,1.17,25399.84,13088.264
000570.SZ,20180315,5.15,5.17,5.07,5.12,5.17,-0.05,-0.97,22823.76,11665.665
000570.SZ,20180314,5.26,5.27,5.17,5.17,5.29,-0.12,-2.27,24250.14,12626.265
000570.SZ,20180313,5.28,5.32,5.22,5.29,5.25,0.04,0.76,32492.0,17170.561
000570.SZ,20180312,5.25,5.32,5.23,5.25,5.23,0.02,0.38,46354.21,24418.639
000570.SZ,20180309,5.25,5.28,5.16,5.23,5.29,-0.06,-1.13,52932.29,27620.325
000570.SZ,20180308,5.44,5.45,5.28,5.29,5.41,-0.12,-2.22,81770.01,43978.745
000570.SZ,20180307,5.03,5.42,5.03,5.41,5.05,0.36,7.13,92111.96,48554.731
000570.SZ,20180306,4.98,5.05,4.98,5.05,4.98,0.07,1.41,13280.86,6666.59
000570.SZ,20180305,5.0,5.03,4.95,4.98,5.01,-0.03,-0.6,11148.0,5551.317
000570.SZ,20180302,5.0,5.04,4.99,5.01,5.04,-0.03,-0.6,11920.15,5969.79
000570.SZ,20180301,4.95,5.05,4.95,5.04,4.99,0.05,1.0,13378.26,6705.167
000570.SZ,20180228,5.0,5.02,4.93,4.99,5.02,-0.03,-0.6,11498.15,5725.239
000570.SZ,20180227,4.98,5.05,4.93,5.02,4.97,0.05,1.01,17435.54,8689.175
000570.SZ,20180226,4.88,4.98,4.87,4.97,4.88,0.09,1.84,15808.03,7816.336
000570.SZ,20180223,4.91,4.93,4.86,4.88,4.91,-0.03,-0.61,9102.84,4455.196
000570.SZ,20180222,4.87,4.93,4.85,4.91,4.84,0.07,1.45,13965.88,6838.678
000570.SZ,20180214,4.91,4.91,4.82,4.84,4.88,-0.04,-0.82,11954.2,5812.788
000570.SZ,20180213,4.91,4.95,4.85,4.88,4.89,-0.01,-0.2,16092.39,7863.406
000570.SZ,20180212,4.84,5.03,4.8,4.89,4.81,0.08,1.66,29292.49,14426.954
000570.SZ,20180209,4.68,5.15,4.6,4.81,4.75,0.06,1.26,39412.29,19000.843
000570.SZ,20180208,4.55,4.79,4.55,4.75,4.58,0.17,3.71,17409.65,8133.855
000570.SZ,20180207,4.58,4.68,4.43,4.58,4.52,0.06,1.33,19229.12,8807.932
000570.SZ,20180206,4.78,4.81,4.51,4.52,4.83,-0.31,-6.42,21829.0,10209.852
000570.SZ,20180205,4.74,4.87,4.72,4.83,4.83,0.0,0.0,14967.02,7222.098
000570.SZ,20180202,4.99,5.0,4.78,4.83,5.0,-0.17,-3.4,28669.3,13970.654
000570.SZ,20180201,5.28,5.31,4.98,5.0,5.29,-0.29,-5.48,34467.89,17571.685
000570.SZ,20180131,5.43,5.45,5.25,5.29,5.46,-0.17,-3.11,20761.53,11087.687
000570.SZ,20180130,5.47,5.5,5.41,5.46,5.48,-0.02,-0.37,15067.0,8224.758
000570.SZ,20180129,5.54,5.59,5.45,5.48,5.56,-0.08,-1.44,17508.11,9676.378
000570.SZ,20180126,5.54,5.58,5.53,5.56,5.54,0.02,0.36,13332.43,7407.244
000570.SZ,20180125,5.54,5.6,5.54,5.54,5.57,-0.03,-0.54,15767.84,8788.986
000570.SZ,20180124,5.59,5.59,5.52,5.57,5.57,0.0,0.0,13872.26,7691.235
000570.SZ,20180123,5.54,5.58,5.51,5.57,5.55,0.02,0.36,14077.95,7822.202
000570.SZ,20180122,5.5,5.56,5.45,5.55,5.52,0.03,0.54,14421.44,7947.811
000570.SZ,20180119,5.51,5.56,5.5,5.52,5.5,0.02,0.36,18420.91,10182.915
000570.SZ,20180118,5.45,5.51,5.45,5.5,5.49,0.01,0.18,14265.9,7835.082
000570.SZ,20180117,5.47,5.52,5.42,5.49,5.47,0.02,0.37,18391.0,10059.406
000570.SZ,20180116,5.43,5.53,5.4,5.47,5.45,0.02,0.37,22605.36,12340.719
000570.SZ,20180115,5.67,5.68,5.45,5.45,5.67,-0.22,-3.88,31259.0,17343.438
000570.SZ,20180112,5.72,5.76,5.66,5.67,5.7,-0.03,-0.53,10721.11,6099.075
000570.SZ,20180111,5.67,5.71,5.63,5.7,5.68,0.02,0.35,12394.34,7029.477
000570.SZ,20180110,5.77,5.81,5.63,5.68,5.78,-0.1,-1.73,19044.51,10850.624
000570.SZ,20180109,5.75,5.83,5.75,5.78,5.77,0.01,0.17,16574.25,9590.552
000570.SZ,20180108,5.75,5.78,5.71,5.77,5.78,-0.01,-0.17,16076.04,9228.995
000570.SZ,20180105,5.69,5.79,5.68,5.78,5.7,0.08,1.4,26175.08,15043.654
000570.SZ,20180104,5.72,5.75,5.67,5.7,5.71,-0.01,-0.18,14047.45,7996.692
000570.SZ,20180103,5.65,5.73,5.63,5.71,5.64,0.07,1.24,27128.51,15420.83
000570.SZ,20180102,5.6,5.67,5.55,5.64,5.58,0.06,1.08,18077.56,10160.743
000570.SZ,20171229,5.57,5.63,5.54,5.58,5.54,0.04,0.72,11888.94,6631.585
000570.SZ,20171228,5.56,5.62,5.52,5.54,5.59,-0.05,-0.89,14703.13,8199.018
000570.SZ,20171227,5.65,5.66,5.58,5.59,5.65,-0.06,-1.06,13888.51,7784.194
000570.SZ,20171226,5.71,5.71,5.51,5.65,5.71,-0.06,-1.05,27285.93,15306.94
000570.SZ,20171225,5.74,5.76,5.62,5.71,5.75,-0.04,-0.7,37660.04,21427.594
000570.SZ,20171222,5.63,5.86,5.59,5.75,5.64,0.11,1.95,48704.42,27794.194
000570.SZ,20171221,5.54,5.75,5.49,5.64,5.54,0.1,1.81,32315.97,18052.816
000570.SZ,20171220,5.62,5.62,5.53,5.54,5.61,-0.07,-1.25,12872.68,7162.322
000570.SZ,20171219,5.55,5.61,5.52,5.61,5.57,0.04,0.72,14371.51,8036.046
000570.SZ,20171218,5.58,5.61,5.54,5.57,5.57,0.0,0.0,14965.95,8344.064
000570.SZ,20171215,5.55,5.57,5.5,5.57,5.55,0.02,0.36,12700.05,7036.281
000570.SZ,20171214,5.55,5.56,5.49,5.55,5.54,0.01,0.18,13970.77,7718.471
000570.SZ,20171213,5.43,5.54,5.43,5.54,5.48,0.06,1.09,12988.24,7142.647
000570.SZ,20171212,5.54,5.61,5.46,5.48,5.54,-0.06,-1.08,17775.67,9863.077
000570.SZ,20171211,5.52,5.55,5.49,5.54,5.51,0.03,0.54,12872.73,7113.329
000570.SZ,20171208,5.5,5.54,5.47,5.51,5.47,0.04,0.73,12671.55,6983.114
000570.SZ,20171207,5.46,5.53,5.43,5.47,5.46,0.01,0.18,20327.17,11136.827
000570.SZ,20171206,5.39,5.48,5.34,5.46,5.46,0.0,0.0,36772.82,19876.332
000570.SZ,20171205,5.69,5.77,5.29,5.46,5.73,-0.27,-4.71,66280.13,36263.397
000570.SZ,20171204,5.89,5.93,5.72,5.73,5.9,-0.17,-2.88,43032.34,24989.693
000570.SZ,20171201,5.85,5.91,5.84,5.9,5.85,0.05,0.85,18230.5,10727.081
000570.SZ,20171130,5.9,5.9,5.84,5.85,5.9,-0.05,-0.85,18767.5,11007.764
000570.SZ,20171129,5.93,5.94,5.83,5.9,5.94,-0.04,-0.67,15608.94,9179.339
000570.SZ,20171128,5.83,5.96,5.82,5.94,5.83,0.11,1.89,16296.64,9611.876
000570.SZ,20171127,5.88,5.89,5.82,5.83,5.88,-0.05,-0.85,9878.39,5784.486
000570.SZ,20171124,5.88,5.95,5.83,5.88,5.88,0.0,0.0,16406.39,9634.864
000570.SZ,20171123,5.97,6.09,5.87,5.88,5.98,-0.1,-1.67,26304.27,15710.606
000570.SZ,20171122,5.93,6.0,5.86,5.98,5.93,0.05,0.84,29220.43,17323.767
000570.SZ,20171121,5.97,5.99,5.9,5.93,5.97,-0.04,-0.67,19174.71,11387.464
000570.SZ,20171120,6.05,6.07,5.88,5.97,6.05,-0.08,-1.32,34324.51,20389.635
000570.SZ,20171117,6.29,6.32,6.04,6.05,6.29,-0.24,-3.82,41870.0,25720.377
000570.SZ,20171116,6.31,6.35,6.29,6.29,6.32,-0.03,-0.47,15994.0,10101.887
000570.SZ,20171115,6.4,6.41,6.3,6.32,6.4,-0.08,-1.25,26764.89,16971.599
000570.SZ,20171114,6.41,6.45,6.38,6.4,6.43,-0.03,-0.47,16895.5,10833.141
000570.SZ,20171113,6.48,6.5,6.4,6.43,6.48,-0.05,-0.77,23207.21,14926.674
000570.SZ,20171110,6.54,6.54,6.46,6.48,6.54,-0.06,-0.92,22850.09,14830.263
000570.SZ,20171109,6.52,6.57,6.47,6.54,6.52,0.02,0.31,19271.41,12579.747
000570.SZ,20171108,6.47,6.55,6.45,6.52,6.51,0.01,0.15,25987.0,16923.848
000570.SZ,20171107,6.49,6.52,6.33,6.51,6.51,0.0,0.0,47633.28,30637.542
000570.SZ,20171106,6.5,6.54,6.41,6.51,6.49,0.02,0.31,23518.49,15259.059
000570.SZ,20171103,6.67,6.69,6.46,6.49,6.67,-0.18,-2.7,31764.2,20853.621
000570.SZ,20171102,6.73,6.79,6.64,6.67,6.76,-0.09,-1.33,17434.47,11681.515
000570.SZ,20171101,6.84,6.86,6.75,6.76,6.8,-0.04,-0.59,19080.02,12982.389
000570.SZ,20171031,6.86,7.0,6.75,6.8,6.69,0.11,1.64,25445.7,17327.322
000570.SZ,20171030,6.94,6.94,6.66,6.69,6.95,-0.26,-3.74,36120.0,24339.733
000570.SZ,20171027,7.09,7.09,6.9,6.95,7.13,-0.18,-2.52,39642.86,27727.734
000570.SZ,20171026,7.16,7.34,7.08,7.13,7.17,-0.04,-0.56,56202.02,40320.155
000570.SZ,20171025,7.12,7.23,7.08,7.17,7.1,0.07,0.99,30099.0,21477.759
000570.SZ,20171024,7.14,7.16,7.08,7.1,7.17,-0.07,-0.98,16715.01,11888.239
000570.SZ,20171023,7.05,7.25,7.01,7.17,7.08,0.09,1.27,46626.37,33322.109
000570.SZ,20171020,6.98,7.08,6.93,7.08,7.0,0.08,1.14,23724.37,16631.066
000570.SZ,20171019,6.94,7.09,6.77,7.0,6.95,0.05,0.72,39932.0,27478.063
000570.SZ,20171018,6.98,7.02,6.93,6.95,6.95,0.0,0.0,18618.0,12986.105
000570.SZ,20171017,6.92,7.01,6.92,6.95,6.95,0.0,0.0,20873.0,14533.884
000570.SZ,20171016,7.15,7.15,6.95,6.95,7.13,-0.18,-2.52,28814.0,20329.71
000570.SZ,20171013,7.09,7.14,7.08,7.13,7.09,0.04,0.56,16805.42,11972.738
000570.SZ,20171012,7.13,7.16,7.05,7.09,7.16,-0.07,-0.98,20849.01,14819.309
000570.SZ,20171011,7.2,7.23,7.15,7.16,7.2,-0.04,-0.56,22531.0,16175.838
000570.SZ,20171010,7.16,7.22,7.1,7.2,7.16,0.04,0.56,26639.93,19066.276
000570.SZ,20171009,7.17,7.19,7.12,7.16,7.13,0.03,0.42,25945.1,18558.891
000570.SZ,20170929,7.03,7.14,7.02,7.13,7.03,0.1,1.42,26258.89,18637.592
000570.SZ,20170928,7.02,7.06,7.01,7.03,7.02,0.01,0.14,21007.89,14773.0
000570.SZ,20170927,7.03,7.03,6.96,7.02,7.0,0.02,0.29,20230.0,14158.013
000570.SZ,20170926,6.98,7.04,6.97,7.0,6.98,0.02,0.29,19205.81,13452.475
000570.SZ,20170925,7.01,7.04,6.98,6.98,7.01,-0.03,-0.43,23913.0,16762.327
000570.SZ,20170922,7.05,7.09,6.98,7.01,7.07,-0.06,-0.85,45540.55,31949.881
000570.SZ,20170921,7.14,7.17,7.07,7.07,7.14,-0.07,-0.98,60003.87,42773.326
000570.SZ,20170920,7.15,7.19,7.09,7.14,7.15,-0.01,-0.14,45655.12,32558.236
000570.SZ,20170919,7.19,7.27,7.1,7.15,7.14,0.01,0.14,53743.66,38630.93
000570.SZ,20170918,7.18,7.2,7.13,7.14,7.18,-0.04,-0.56,40463.83,28989.257
000570.SZ,20170915,7.21,7.28,7.1,7.18,7.22,-0.04,-0.55,38406.43,27703.119
000570.SZ,20170914,7.3,7.3,7.18,7.22,7.3,-0.08,-1.1,33728.42,24409.155
000570.SZ,20170913,7.29,7.3,7.16,7.3,7.27,0.03,0.41,51203.08,36972.157
000570.SZ,20170912,7.46,7.46,7.26,7.27,7.46,-0.19,-2.55,69864.26,51424.166
000570.SZ,20170911,7.47,7.49,7.42,7.46,7.45,0.01,0.13,40226.63,29933.349
000570.SZ,20170908,7.45,7.52,7.43,7.45,7.45,0.0,0.0,22360.45,16676.382
000570.SZ,20170907,7.5,7.51,7.44,7.45,7.49,-0.04,-0.53,32307.13,24140.625
000570.SZ,20170906,7.47,7.5,7.43,7.49,7.48,0.01,0.13,39789.04,29685.725
000570.SZ,20170905,7.49,7.51,7.43,7.48,7.49,-0.01,-0.13,46228.11,34546.284
000570.SZ,20170904,7.54,7.54,7.44,7.49,7.54,-0.05,-0.66,55358.67,41345.315
000570.SZ,20170901,7.57,7.58,7.46,7.54,7.53,0.01,0.13,37230.65,28014.686
000570.SZ,20170831,7.61,7.71,7.51,7.53,7.59,-0.06,-0.79,43323.95,32939.613
000570.SZ,20170830,7.66,7.74,7.59,7.59,7.65,-0.06,-0.78,45073.64,34485.526
000570.SZ,20170829,7.85,7.94,7.65,7.65,7.84,-0.19,-2.42,69818.94,54018.685
000570.SZ,20170828,7.5,8.1,7.46,7.84,7.51,0.33,4.39,144291.36,113064.099
000570.SZ,20170825,7.46,7.62,7.39,7.51,7.49,0.02,0.27,42336.2,31590.358
000570.SZ,20170824,7.64,7.64,7.43,7.49,7.63,-0.14,-1.83,23121.82,17415.049
000570.SZ,20170823,7.61,7.68,7.51,7.63,7.63,0.0,0.0,27532.54,20908.703
000570.SZ,20170822,7.65,7.65,7.54,7.63,7.65,-0.02,-0.26,38443.84,29193.912
000570.SZ,20170821,7.49,7.65,7.43,7.65,7.44,0.21,2.82,43638.01,32817.652
000570.SZ,20170818,7.46,7.47,7.4,7.44,7.5,-0.06,-0.8,26106.96,19402.837
000570.SZ,20170817,7.46,7.53,7.42,7.5,7.44,0.06,0.81,27424.3,20480.262
000570.SZ,20170816,7.49,7.49,7.38,7.44,7.49,-0.05,-0.67,25579.42,18993.87
000570.SZ,20170815,7.58,7.61,7.45,7.49,7.57,-0.08,-1.06,24184.0,18143.926
000570.SZ,20170814,7.46,7.6,7.42,7.57,7.42,0.15,2.02,24791.97,18685.187
000570.SZ,20170811,7.62,7.64,7.4,7.42,7.69,-0.27,-3.51,35909.07,27004.97
000570.SZ,20170810,7.71,7.96,7.51,7.69,7.74,-0.05,-0.65,38793.68,29749.169
000570.SZ,20170809,7.65,7.85,7.56,7.74,7.69,0.05,0.65,42278.36,32435.559
000570.SZ,20170808,7.51,7.74,7.42,7.69,7.5,0.19,2.53,50476.37,38013.029
000570.SZ,20170807,7.58,7.64,7.35,7.5,7.6,-0.1,-1.32,55945.05,41668.281
000570.SZ,20170804,7.63,7.76,7.58,7.6,7.62,-0.02,-0.26,42243.99,32365.548
000570.SZ,20170803,7.66,7.69,7.58,7.62,7.67,-0.05,-0.65,53559.97,40846.838
000570.SZ,20170802,7.87,7.88,7.6,7.67,7.88,-0.21,-2.67,58936.22,45715.048
000570.SZ,20170801,7.79,8.0,7.72,7.88,7.82,0.06,0.77,95656.21,75291.614
000570.SZ,20170731,7.84,7.84,7.7,7.82,7.81,0.01,0.13,56258.33,43716.322
000570.SZ,20170728,7.6,8.08,7.6,7.81,7.64,0.17,2.23,136817.81,107428.708
000570.SZ,20170727,7.72,7.75,7.56,7.64,7.72,-0.08,-1.04,57538.92,43838.639
000570.SZ,20170726,7.77,7.8,7.61,7.72,7.75,-0.03,-0.39,65514.76,50281.155
000570.SZ,20170725,7.62,7.82,7.55,7.75,7.65,0.1,1.31,92999.06,71426.355
000570.SZ,20170724,7.59,7.7,7.58,7.65,7.6,0.05,0.66,73540.13,56076.334
000570.SZ,20170721,7.65,7.72,7.54,7.6,7.73,-0.13,-1.68,123898.4,94321.119
000570.SZ,20170720,7.32,7.75,7.26,7.73,7.33,0.4,5.46,228609.85,171534.095
000570.SZ,20170719,7.17,7.37,7.1,7.33,7.19,0.14,1.95,116385.44,84552.021
000570.SZ,20170718,6.88,7.2,6.88,7.19,6.99,0.2,2.86,75529.63,53270.047
000570.SZ,20170717,7.29,7.36,6.8,6.99,7.28,-0.29,-3.98,134234.43,95186.706
000570.SZ,20170714,7.18,7.54,7.17,7.28,7.21,0.07,0.97,170079.9,124789.198
000570.SZ,20170713,7.11,7.29,7.0,7.21,7.1,0.11,1.55,124853.36,89449.473
000570.SZ,20170712,7.04,7.1,6.9,7.1,7.07,0.03,0.42,73705.67,51816.914
000570.SZ,20170711,7.08,7.13,7.03,7.07,7.09,-0.02,-0.28,35422.78,25042.535
000570.SZ,20170710,7.11,7.15,7.03,7.09,7.11,-0.02,-0.28,44221.67,31358.014
000570.SZ,20170707,7.07,7.12,6.98,7.11,7.1,0.01,0.14,34001.09,23991.783
000570.SZ,20170706,7.04,7.2,7.04,7.1,7.06,0.04,0.57,54288.62,38548.063
000570.SZ,20170705,7.0,7.06,6.98,7.06,6.99,0.07,1.0,35090.82,24649.855
000570.SZ,20170704,7.03,7.04,6.97,6.99,7.03,-0.04,-0.57,24800.04,17368.432
000570.SZ,20170703,7.0,7.05,6.96,7.03,7.0,0.03,0.43,25571.63,17930.25
000570.SZ,20170630,7.0,7.02,6.94,7.0,7.03,-0.03,-0.43,27781.53,19403.072
000570.SZ,20170629,6.99,7.04,6.99,7.03,6.98,0.05,0.72,27401.95,19232.311
000570.SZ,20170628,7.03,7.04,6.95,6.98,7.04,-0.06,-0.85,36604.97,25564.496
000570.SZ,20170627,6.93,7.05,6.93,7.04,6.94,0.1,1.44,56383.13,39490.687
000570.SZ,20170626,6.81,6.95,6.78,6.94,6.84,0.1,1.46,37825.77,26050.517
000570.SZ,20170623,6.86,6.86,6.59,6.84,6.84,0.0,0.0,33313.2,22519.3
000570.SZ,20170622,7.0,7.0,6.84,6.87,7.0,-0.13,-1.86,34374.47,23804.58
000570.SZ,20170621,6.94,7.0,6.89,7.0,6.95,0.05,0.72,25651.48,17815.301
000570.SZ,20170620,6.99,7.05,6.93,6.95,6.96,-0.01,-0.14,28365.31,19822.296
000570.SZ,20170619,6.91,7.0,6.89,6.96,6.91,0.05,0.72,28382.83,19723.473
000570.SZ,20170616,6.87,6.92,6.85,6.91,6.88,0.03,0.44,27110.56,18666.522
000570.SZ,20170615,6.77,6.94,6.75,6.88,6.77,0.11,1.62,53003.76,36443.176
000570.SZ,20170614,6.81,6.83,6.74,6.77,6.81,-0.04,-0.59,26664.96,18091.804
000570.SZ,20170613,6.68,6.82,6.68,6.81,6.73,0.08,1.19,32557.38,22068.348
000570.SZ,20170612,6.78,6.78,6.66,6.73,6.81,-0.08,-1.17,37603.51,25234.555
000570.SZ,20170609,6.82,6.85,6.71,6.81,6.85,-0.04,-0.58,46084.39,31213.505
000570.SZ,20170608,6.9,6.94,6.81,6.85,6.91,-0.06,-0.87,35390.36,24352.119
000570.SZ,20170607,6.72,6.91,6.69,6.91,6.72,0.19,2.83,44407.84,30330.934
000570.SZ,20170606,6.69,6.75,6.63,6.72,6.69,0.03,0.45,30983.1,20707.628
000570.SZ,20170605,6.62,6.7,6.58,6.69,6.6,0.09,1.36,39681.99,26403.13
000570.SZ,20170602,6.58,6.63,6.39,6.6,6.54,0.06,0.92,46433.26,30145.598
000570.SZ,20170601,6.73,6.75,6.54,6.54,6.73,-0.19,-2.82,35737.01,23707.364
000570.SZ,20170531,6.8,6.88,6.72,6.73,6.75,-0.02,-0.3,24597.5,16772.3
000570.SZ,20170526,6.78,6.83,6.73,6.75,6.82,-0.07,-1.03,28838.06,19539.394
000570.SZ,20170525,6.71,6.85,6.6,6.82,6.74,0.08,1.19,39695.03,26647.27
000570.SZ,20170524,6.8,6.8,6.61,6.74,6.78,-0.04,-0.59,46928.19,31343.441
000570.SZ,20170523,7.07,7.08,6.75,6.78,7.07,-0.29,-4.1,39471.71,27267.074
000570.SZ,20170522,7.31,7.32,7.06,7.07,7.29,-0.22,-3.02,31717.58,22773.13
000570.SZ,20170519,7.25,7.31,7.22,7.29,7.27,0.02,0.28,21491.41,15618.661
000570.SZ,20170518,7.28,7.38,7.21,7.27,7.38,-0.11,-1.49,25917.42,18914.909
000570.SZ,20170517,7.34,7.43,7.32,7.38,7.36,0.02,0.27,31909.91,23558.681
000570.SZ,20170516,7.22,7.38,7.08,7.36,7.22,0.14,1.94,31438.79,22703.028
000570.SZ,20170515,7.27,7.3,7.2,7.22,7.26,-0.04,-0.55,16587.57,12004.668
000570.SZ,20170512,7.24,7.34,7.13,7.26,7.25,0.01,0.14,21795.91,15766.307
000570.SZ,20170511,7.31,7.35,7.03,7.25,7.35,-0.1,-1.36,41991.65,30238.197
000570.SZ,20170510,7.58,7.63,7.28,7.35,7.59,-0.24,-3.16,34202.7,25576.22
000570.SZ,20170509,7.62,7.65,7.45,7.59,7.62,-0.03,-0.39,28321.73,21407.092
000570.SZ,20170508,7.74,7.74,7.6,7.62,7.76,-0.14,-1.8,30898.32,23645.903
000570.SZ,20170505,7.71,7.86,7.62,7.76,7.74,0.02,0.26,37375.43,28868.89
000570.SZ,20170504,7.7,7.79,7.6,7.74,7.73,0.01,0.13,23210.69,17896.94
000570.SZ,20170503,7.83,7.9,7.65,7.73,7.83,-0.1,-1.28,35932.98,27926.731
000570.SZ,20170502,7.81,7.89,7.74,7.83,7.79,0.04,0.51,33623.83,26293.68
000570.SZ,20170428,7.72,7.88,7.71,7.79,7.71,0.08,1.04,29262.69,22788.089
000570.SZ,20170427,7.64,7.73,7.42,7.71,7.71,0.0,0.0,39417.71,29841.731
000570.SZ,20170426,7.83,7.86,7.69,7.71,7.81,-0.1,-1.28,35097.38,27235.455
000570.SZ,20170425,7.82,7.9,7.75,7.81,7.74,0.07,0.9,26598.75,20816.325
000570.SZ,20170424,8.03,8.1,7.7,7.74,8.03,-0.29,-3.61,35956.52,28278.604
000570.SZ,20170421,8.03,8.11,7.98,8.03,8.0,0.03,0.38,25374.47,20428.92
000570.SZ,20170420,8.14,8.18,7.92,8.0,8.18,-0.18,-2.2,36812.25,29578.319
000570.SZ,20170419,8.4,8.4,7.92,8.18,8.41,-0.23,-2.73,56797.07,46097.457
000570.SZ,20170418,8.62,8.65,8.41,8.41,8.63,-0.22,-2.55,31048.82,26497.098
000570.SZ,20170417,8.74,8.74,8.55,8.63,8.73,-0.1,-1.15,45615.83,39318.327
000570.SZ,20170414,8.86,8.93,8.72,8.73,8.91,-0.18,-2.02,32133.21,28290.676
000570.SZ,20170413,8.8,8.95,8.77,8.91,8.83,0.08,0.91,31208.58,27693.61
000570.SZ,20170412,8.79,8.91,8.68,8.83,8.78,0.05,0.57,34887.52,30797.374
000570.SZ,20170411,8.79,8.8,8.64,8.78,8.8,-0.02,-0.23,31112.95,27124.975
000570.SZ,20170410,8.82,8.82,8.75,8.8,8.82,-0.02,-0.23,27036.75,23756.915
000570.SZ,20170407,8.77,8.86,8.77,8.82,8.79,0.03,0.34,21259.71,18744.302
000570.SZ,20170406,8.77,8.85,8.73,8.79,8.77,0.02,0.23,34618.39,30465.89
000570.SZ,20170405,8.62,8.79,8.61,8.77,8.63,0.14,1.62,40041.45,34987.454
000570.SZ,20170331,8.62,8.7,8.6,8.63,8.62,0.01,0.12,24721.14,21362.853
000570.SZ,20170330,8.95,8.96,8.62,8.62,8.95,-0.33,-3.69,47892.56,41709.639
000570.SZ,20170329,9.02,9.06,8.89,8.95,9.02,-0.07,-0.78,27891.8,24936.697
000570.SZ,20170328,8.99,9.05,8.94,9.02,8.99,0.03,0.33,23006.07,20730.365
000570.SZ,20170327,8.93,9.01,8.9,8.99,8.92,0.07,0.78,26131.33,23442.598
000570.SZ,20170324,8.87,8.92,8.79,8.92,8.86,0.06,0.68,31529.19,27939.041
000570.SZ,20170323,8.94,8.99,8.8,8.86,8.96,-0.1,-1.12,44001.64,39138.485
000570.SZ,20170322,9.06,9.09,8.92,8.96,9.08,-0.12,-1.32,38389.04,34617.899
000570.SZ,20170321,9.12,9.15,9.03,9.08,9.14,-0.06,-0.66,34170.86,31038.973
000570.SZ,20170320,9.08,9.16,9.06,9.14,9.09,0.05,0.55,22101.55,20140.365
000570.SZ,20170317,9.13,9.21,9.08,9.09,9.16,-0.07,-0.76,34627.58,31706.09
000570.SZ,20170316,9.06,9.18,9.06,9.16,9.06,0.1,1.1,33018.34,30177.413
000570.SZ,20170315,9.08,9.14,9.04,9.06,9.1,-0.04,-0.44,23099.17,20964.194
000570.SZ,20170314,9.1,9.15,9.07,9.1,9.13,-0.03,-0.33,25325.5,23060.526
000570.SZ,20170313,9.04,9.14,8.9,9.13,9.06,0.07,0.77,45176.71,40871.642
000570.SZ,20170310,9.21,9.27,9.04,9.06,9.24,-0.18,-1.95,71288.0,64957.361
000570.SZ,20170309,9.39,9.39,9.19,9.24,9.37,-0.13,-1.39,65728.11,60787.192
000570.SZ,20170308,9.38,9.45,9.33,9.37,9.37,0.0,0.0,39961.4,37501.662
000570.SZ,20170307,9.35,9.41,9.31,9.37,9.36,0.01,0.11,37018.87,34670.863
000570.SZ,20170306,9.3,9.36,9.28,9.36,9.3,0.06,0.65,27384.04,25539.138
000570.SZ,20170303,9.24,9.38,9.23,9.3,9.26,0.04,0.43,36020.11,33515.828
000570.SZ,20170302,9.41,9.42,9.23,9.26,9.38,-0.12,-1.28,59898.8,55762.504
000570.SZ,20170301,9.31,9.43,9.3,9.38,9.34,0.04,0.43,45581.89,42779.308
000570.SZ,20170228,9.26,9.38,9.25,9.34,9.28,0.06,0.65,56774.72,52907.55
000570.SZ,20170227,9.36,9.37,9.22,9.28,9.36,-0.08,-0.85,50737.87,47153.366
000570.SZ,20170224,9.32,9.4,9.32,9.36,9.37,-0.01,-0.11,55036.06,51453.347
000570.SZ,20170223,9.5,9.52,9.25,9.37,9.58,-0.21,-2.19,154243.83,144762.88
000570.SZ,20170222,9.26,9.85,9.26,9.58,9.29,0.29,3.12,229108.68,220885.054
000570.SZ,20170221,9.24,9.32,9.22,9.29,9.27,0.02,0.22,44345.74,41106.21
000570.SZ,20170220,9.23,9.32,9.14,9.27,9.22,0.05,0.54,43811.23,40466.212
000570.SZ,20170217,9.38,9.41,9.19,9.22,9.36,-0.14,-1.5,39163.27,36318.542
000570.SZ,20170216,9.25,9.38,9.19,9.36,9.24,0.12,1.3,46641.53,43476.837
000570.SZ,20170215,9.22,9.31,9.16,9.24,9.23,0.01,0.11,43839.97,40533.889
000570.SZ,20170214,9.27,9.29,9.14,9.23,9.27,-0.04,-0.43,49406.57,45480.717
000570.SZ,20170213,9.2,9.33,9.19,9.27,9.23,0.04,0.43,29713.27,27497.414
000570.SZ,20170210,9.23,9.34,9.19,9.23,9.22,0.01,0.11,41542.95,38507.822
000570.SZ,20170209,9.17,9.26,9.16,9.22,9.2,0.02,0.22,27885.59,25711.617
000570.SZ,20170208,9.12,9.22,9.08,9.2,9.17,0.03,0.33,41911.49,38317.078
000570.SZ,20170207,9.2,9.2,9.1,9.17,9.2,-0.03,-0.33,21649.75,19791.302
000570.SZ,20170206,9.13,9.25,9.05,9.2,9.08,0.12,1.32,28637.16,26248.005
000570.SZ,20170203,9.11,9.15,9.05,9.08,9.11,-0.03,-0.33,9388.26,8529.829
000570.SZ,20170126,9.08,9.15,9.04,9.11,9.04,0.07,0.77,16638.77,15156.657
000570.SZ,20170125,9.0,9.08,8.96,9.04,9.0,0.04,0.44,18365.39,16589.309
000570.SZ,20170124,9.08,9.27,8.95,9.0,9.08,-0.08,-0.88,23106.46,20939.42
000570.SZ,20170123,8.97,9.13,8.95,9.08,8.97,0.11,1.23,23166.85,20994.642
000570.SZ,20170120,8.83,8.99,8.75,8.97,8.85,0.12,1.36,34164.94,30523.875
000570.SZ,20170119,8.91,8.99,8.8,8.85,8.96,-0.11,-1.23,39673.3,35210.972
000570.SZ,20170118,9.12,9.12,8.86,8.96,9.1,-0.14,-1.54,58655.0,52696.847
000570.SZ,20170117,8.97,9.12,8.9,9.1,9.05,0.05,0.55,37552.17,33934.783
000570.SZ,20170116,9.65,9.67,8.6,9.05,9.55,-0.5,-5.24,109625.85,99832.494
000570.SZ,20170113,9.7,9.82,9.5,9.55,9.76,-0.21,-2.15,73763.29,71287.03
000570.SZ,20170112,9.7,9.84,9.67,9.76,9.71,0.05,0.51,80949.37,78863.73
000570.SZ,20170111,9.91,9.91,9.66,9.71,9.91,-0.2,-2.02,89577.6,87576.031
000570.SZ,20170110,9.98,10.03,9.81,9.91,9.98,-0.07,-0.7,71818.68,71334.755
000570.SZ,20170109,9.9,10.04,9.82,9.98,9.97,0.01,0.1,69023.17,68478.963
000570.SZ,20170106,9.89,10.1,9.8,9.97,9.91,0.06,0.61,110383.3,109678.903
000570.SZ,20170105,9.92,10.15,9.83,9.91,9.92,-0.01,-0.1,113643.48,113048.103
000570.SZ,20170104,9.75,10.05,9.73,9.92,9.81,0.11,1.12,143027.44,142090.37
000570.SZ,20170103,9.72,9.9,9.61,9.81,9.7,0.11,1.13,98910.64,96347.014
000570.SZ,20161230,9.55,9.74,9.46,9.7,9.53,0.17,1.78,71996.36,69096.84
000570.SZ,20161229,9.56,9.63,9.49,9.53,9.62,-0.09,-0.94,42216.25,40301.055
000570.SZ,20161228,9.7,9.75,9.53,9.62,9.71,-0.09,-0.93,54542.52,52586.203
000570.SZ,20161227,9.43,9.85,9.42,9.71,9.41,0.3,3.19,98631.84,95137.139
000570.SZ,20161226,9.5,9.61,9.2,9.41,9.56,-0.15,-1.57,82762.4,77294.751
000570.SZ,20161223,9.68,9.77,9.56,9.56,9.66,-0.1,-1.04,56862.0,54908.812
000570.SZ,20161222,9.73,9.87,9.63,9.66,9.78,-0.12,-1.23,60504.58,58938.92
000570.SZ,20161221,9.59,9.8,9.53,9.78,9.6,0.18,1.88,105619.71,102495.841
000570.SZ,20161220,9.54,9.72,9.38,9.6,9.58,0.02,0.21,79561.79,75998.393
000570.SZ,20161219,9.43,9.77,9.41,9.58,9.43,0.15,1.59,102554.95,98800.603
000570.SZ,20161216,9.03,9.6,9.03,9.43,9.07,0.36,3.97,60723.58,56717.145
000570.SZ,20161215,9.0,9.16,8.93,9.07,9.01,0.06,0.67,29107.63,26431.658
000570.SZ,20161214,9.0,9.13,8.99,9.01,9.07,-0.06,-0.66,27621.08,24973.242
000570.SZ,20161213,9.2,9.25,8.91,9.07,9.14,-0.07,-0.77,35461.86,32156.522
000570.SZ,20161212,9.56,9.59,9.1,9.14,9.59,-0.45,-4.69,66724.03,62097.093
000570.SZ,20161209,9.49,9.62,9.38,9.59,9.46,0.13,1.37,46310.93,44011.211
000570.SZ,20161208,9.37,9.61,9.32,9.46,9.38,0.08,0.85,85691.64,81471.702
000570.SZ,20161207,9.22,9.43,9.2,9.38,9.24,0.14,1.52,43739.98,40792.224
000570.SZ,20161206,9.21,9.28,9.2,9.24,9.24,0.0,0.0,29984.91,27693.938
000570.SZ,20161205,9.26,9.3,9.15,9.24,9.25,-0.01,-0.11,24825.18,22903.849
000570.SZ,20161202,9.35,9.4,9.23,9.25,9.33,-0.08,-0.86,38812.54,36130.061
000570.SZ,20161201,9.29,9.46,9.25,9.33,9.26,0.07,0.76,62841.8,58669.624
000570.SZ,20161130,9.34,9.38,9.22,9.26,9.35,-0.09,-0.96,50112.76,46494.738
000570.SZ,20161129,9.64,9.64,9.25,9.35,9.63,-0.28,-2.91,106924.0,100920.906
000570.SZ,20161128,9.6,9.74,9.58,9.63,9.62,0.01,0.1,74699.06,71920.194
000570.SZ,20161125,9.65,9.69,9.51,9.62,9.62,0.0,0.0,63318.25,60672.351
000570.SZ,20161124,9.59,9.7,9.57,9.62,9.58,0.04,0.42,81117.01,78233.621
000570.SZ,20161123,9.73,9.74,9.56,9.58,9.69,-0.11,-1.14,70044.02,67479.165
000570.SZ,20161122,9.67,9.74,9.63,9.69,9.67,0.02,0.21,68779.47,66579.563
000570.SZ,20161121,9.62,9.7,9.53,9.67,9.64,0.03,0.31,58733.79,56637.293
000570.SZ,20161118,9.59,9.68,9.5,9.64,9.55,0.09,0.94,82795.99,79561.106
000570.SZ,20161117,9.59,9.59,9.47,9.55,9.6,-0.05,-0.52,59080.87,56188.792
000570.SZ,20161116,9.71,9.72,9.53,9.6,9.7,-0.1,-1.03,82500.33,79246.339
000570.SZ,20161115,9.63,9.7,9.58,9.7,9.6,0.1,1.04,55778.04,53770.428
000570.SZ,20161114,9.6,9.7,9.5,9.6,9.6,0.0,0.0,75135.91,72050.933
000570.SZ,20161111,9.64,9.65,9.5,9.6,9.58,0.02,0.21,74373.82,71272.903
000570.SZ,20161110,9.54,9.7,9.48,9.58,9.41,0.17,1.81,119214.87,114354.392
000570.SZ,20161109,9.89,9.91,9.36,9.41,9.9,-0.49,-4.95,193802.62,185358.143
000570.SZ,20161108,9.95,9.98,9.87,9.9,9.85,0.05,0.51,42398.58,42005.699
000570.SZ,20161107,9.86,9.94,9.7,9.85,9.86,-0.01,-0.1,67937.68,66735.766
000570.SZ,20161104,10.1,10.16,9.8,9.86,10.11,-0.25,-2.47,61984.66,61694.279
000570.SZ,20161103,10.03,10.21,10.01,10.11,10.11,0.0,0.0,43142.98,43730.013
000570.SZ,20161102,10.22,10.22,10.05,10.11,10.22,-0.11,-1.08,48443.47,48984.577
000570.SZ,20161101,9.98,10.32,9.97,10.22,10.02,0.2,2.0,96044.89,97690.919
000570.SZ,20161031,9.89,10.07,9.81,10.02,9.89,0.13,1.31,53050.9,53017.743
000570.SZ,20161028,10.05,10.08,9.87,9.89,9.99,-0.1,-1.0,44619.01,44363.928
000570.SZ,20161027,10.06,10.09,9.96,9.99,10.01,-0.02,-0.2,48218.93,48280.3849
000570.SZ,20161026,10.21,10.26,10.01,10.01,10.27,-0.26,-2.53,105206.0,106042.6095
000570.SZ,20161025,10.0,10.35,9.93,10.27,10.0,0.27,2.7,124910.12,126671.8101
000570.SZ,20161024,9.98,10.06,9.85,10.0,10.0,0.0,0.0,105194.92,104779.146
000570.SZ,20161021,10.17,10.25,9.93,10.0,10.17,-0.17,-1.67,90122.3,90993.3029
000570.SZ,20161020,10.3,10.39,10.1,10.17,10.35,-0.18,-1.74,89505.27,91443.6363
000570.SZ,20161019,10.4,10.55,10.21,10.35,10.41,-0.06,-0.58,111639.79,115840.1976
000570.SZ,20161018,10.05,10.49,9.86,10.41,10.0,0.41,4.1,183322.37,186453.1464
000570.SZ,20161017,10.1,10.56,10.0,10.0,10.18,-0.18,-1.77,183335.65,189090.7713
000570.SZ,20161014,10.01,10.31,9.88,10.18,10.03,0.15,1.5,176766.4,178721.499
000570.SZ,20161013,9.6,10.33,9.53,10.03,9.6,0.43,4.48,177465.5,174687.4023
000570.SZ,20161012,9.66,9.75,9.49,9.6,9.73,-0.13,-1.34,95951.33,92158.0135
000570.SZ,20161011,9.65,9.76,9.55,9.73,9.56,0.17,1.78,130652.9,126297.7411
000570.SZ,20161010,9.5,9.66,9.5,9.56,9.42,0.14,1.49,130158.07,124652.5683
000570.SZ,20160930,9.69,9.79,9.35,9.42,9.6,-0.18,-1.88,161454.88,154710.0438
000570.SZ,20160929,9.52,9.7,9.37,9.6,9.5,0.1,1.05,149073.27,142714.7337
000570.SZ,20160928,9.54,9.65,9.37,9.5,9.57,-0.07,-0.73,141911.14,134679.6684
000570.SZ,20160927,9.38,9.64,9.17,9.57,9.32,0.25,2.68,264714.06,249313.99
000570.SZ,20160926,9.28,9.67,9.28,9.32,9.22,0.1,1.08,316850.57,300113.7067
000570.SZ,20160923,9.14,9.42,9.05,9.22,9.13,0.09,0.99,315659.34,291813.2935
000570.SZ,20160922,9.0,9.4,8.99,9.13,8.97,0.16,1.78,300231.58,277230.2891
000570.SZ,20160921,8.96,9.08,8.92,8.97,9.0,-0.03,-0.33,67815.12,60975.9475
000570.SZ,20160920,8.92,9.09,8.9,9.0,8.9,0.1,1.12,135190.51,121735.5977
000570.SZ,20160919,8.8,8.92,8.77,8.9,8.81,0.09,1.02,60039.3,53007.2374
000570.SZ,20160914,8.82,8.95,8.74,8.81,8.86,-0.05,-0.56,64755.11,57370.683
000570.SZ,20160913,8.75,8.89,8.72,8.86,8.75,0.11,1.26,67466.07,59504.6282
000570.SZ,20160912,8.65,8.91,8.54,8.75,8.76,-0.01,-0.11,124381.91,108523.0214
000570.SZ,20160909,8.8,8.9,8.74,8.76,8.84,-0.08,-0.91,76814.07,67644.0548
000570.SZ,20160908,8.92,8.99,8.77,8.84,8.91,-0.07,-0.79,113842.37,100549.9058
000570.SZ,20160907,8.95,9.29,8.91,8.91,8.94,-0.03,-0.34,209625.64,190388.0709
000570.SZ,20160906,8.9,9.05,8.8,8.94,8.94,0.0,0.0,111919.06,100242.7591
000570.SZ,20160905,8.78,9.02,8.68,8.94,8.77,0.17,1.94,173666.06,154291.814
000570.SZ,20160902,8.53,8.82,8.45,8.77,8.51,0.26,3.06,121191.34,104860.352
000570.SZ,20160901,8.65,8.72,8.49,8.51,8.64,-0.13,-1.5,57944.64,49885.2382
000570.SZ,20160831,8.75,8.78,8.62,8.64,8.78,-0.14,-1.59,55058.62,47681.978
000570.SZ,20160830,8.7,8.88,8.67,8.78,8.67,0.11,1.27,105434.19,92538.1546
000570.SZ,20160829,8.5,8.74,8.47,8.67,8.5,0.17,2.0,83193.81,71795.3927
000570.SZ,20160826,8.44,8.57,8.42,8.5,8.41,0.09,1.07,48924.07,41625.2303
000570.SZ,20160825,8.53,8.53,8.35,8.41,8.53,-0.12,-1.41,47980.66,40444.134
000570.SZ,20160824,8.55,8.6,8.5,8.53,8.51,0.02,0.24,35364.76,30204.1345
000570.SZ,20160823,8.49,8.56,8.46,8.51,8.49,0.02,0.24,40025.0,34069.3528
000570.SZ,20160822,8.63,8.66,8.49,8.49,8.65,-0.16,-1.85,53569.14,45770.5873
000570.SZ,20160819,8.65,8.7,8.57,8.65,8.67,-0.02,-0.23,52932.74,45696.3114
000570.SZ,20160818,8.73,8.76,8.62,8.67,8.81,-0.14,-1.59,102305.84,88742.0777
000570.SZ,20160817,8.79,8.9,8.71,8.81,8.75,0.06,0.69,74682.17,65849.7605
000570.SZ,20160816,8.76,8.81,8.71,8.75,8.76,-0.01,-0.11,63711.53,55818.8422
000570.SZ,20160815,8.6,8.79,8.58,8.76,8.68,0.08,0.92,104381.05,90932.7075
000570.SZ,20160812,8.45,8.7,8.43,8.68,8.57,0.11,1.28,66790.68,56909.9637
000570.SZ,20160811,8.66,8.72,8.39,8.57,8.68,-0.11,-1.27,65336.05,55723.0849
000570.SZ,20160810,8.78,8.78,8.58,8.68,8.78,-0.1,-1.14,66440.37,57770.9782
000570.SZ,20160809,8.46,8.8,8.44,8.78,8.46,0.32,3.78,92183.79,79342.7433
000570.SZ,20160808,8.3,8.46,8.28,8.46,8.38,0.08,0.95,34236.18,28728.5342
000570.SZ,20160805,8.42,8.46,8.34,8.38,8.43,-0.05,-0.59,33187.01,27858.1938
000570.SZ,20160804,8.43,8.46,8.29,8.43,8.41,0.02,0.24,37453.5,31368.4927
000570.SZ,20160803,8.44,8.47,8.38,8.41,8.38,0.03,0.36,39199.01,32965.3105
000570.SZ,20160802,8.29,8.41,8.25,8.38,8.3,0.08,0.96,38458.1,32143.0707
000570.SZ,20160801,8.57,8.57,8.18,8.3,8.55,-0.25,-2.92,61622.76,51359.2167
000570.SZ,20160729,8.76,8.8,8.55,8.55,8.75,-0.2,-2.29,56062.01,48468.4766
000570.SZ,20160728,8.81,8.88,8.62,8.75,8.86,-0.11,-1.24,102208.04,89201.9516
000570.SZ,20160727,9.2,9.44,8.63,8.86,9.2,-0.34,-3.7,194048.08,177571.0992
000570.SZ,20160726,9.02,9.21,8.99,9.2,9.01,0.19,2.11,111903.15,101949.393
000570.SZ,20160725,9.02,9.07,8.97,9.01,9.04,-0.03,-0.33,60058.29,54143.074
000570.SZ,20160722,9.0,9.06,8.97,9.04,8.99,0.05,0.56,64374.38,58052.6104
000570.SZ,20160721,9.01,9.08,8.97,8.99,9.01,-0.02,-0.22,57418.14,51819.2901
000570.SZ,20160720,9.09,9.14,9.0,9.01,9.11,-0.1,-1.1,71402.64,64677.9006
000570.SZ,20160719,8.9,9.15,8.87,9.11,8.91,0.2,2.24,87988.59,79469.4939
000570.SZ,20160718,8.97,8.98,8.88,8.91,8.97,-0.06,-0.67,54405.06,48547.7749
000570.SZ,20160715,9.13,9.13,8.93,8.97,9.09,-0.12,-1.32,79001.53,71152.6114
000570.SZ,20160714,9.02,9.18,8.94,9.09,9.02,0.07,0.78,114578.61,103784.4768
000570.SZ,20160713,8.85,9.05,8.83,9.02,8.87,0.15,1.69,113223.6,101655.594
000570.SZ,20160712,8.88,8.91,8.6,8.87,8.87,0.0,0.0,114541.68,100332.0861
000570.SZ,20160711,8.89,9.02,8.87,8.87,8.87,0.0,0.0,86071.74,76881.1238
000570.SZ,20160708,8.89,8.97,8.86,8.87,8.92,-0.05,-0.56,68863.8,61400.03
000570.SZ,20160707,9.04,9.06,8.87,8.92,9.03,-0.11,-1.22,94530.75,84518.1699
000570.SZ,20160706,9.0,9.06,8.9,9.03,9.06,-0.03,-0.33,86505.05,77704.4695
000570.SZ,20160705,9.09,9.14,8.96,9.06,9.08,-0.02,-0.22,116181.74,104736.8435
000570.SZ,20160704,8.8,9.14,8.74,9.08,8.88,0.2,2.25,155597.45,140586.8447
000570.SZ,20160701,8.75,8.92,8.72,8.88,8.72,0.16,1.83,105242.45,92893.899
000570.SZ,20160630,8.8,8.81,8.67,8.72,8.77,-0.05,-0.57,69836.72,60911.4949
000570.SZ,20160629,8.83,8.89,8.75,8.77,8.82,-0.05,-0.57,93816.0,82647.1837
000570.SZ,20160628,8.52,8.85,8.52,8.82,8.59,0.23,2.68,107181.23,93691.3525
000570.SZ,20160627,8.39,8.62,8.33,8.59,8.43,0.16,1.9,81161.85,69111.7208
000570.SZ,20160624,8.64,8.73,8.0,8.43,8.63,-0.2,-2.32,127541.49,107755.8631
000570.SZ,20160623,8.71,8.79,8.55,8.63,8.75,-0.12,-1.37,80268.95,69446.9569
000570.SZ,20160622,8.6,8.77,8.54,8.77,8.62,0.15,1.74,75827.72,65837.3951
000570.SZ,20160621,8.91,8.97,8.53,8.62,8.85,-0.23,-2.6,112804.75,99211.4025
000570.SZ,20160620,8.97,9.05,8.72,8.85,8.94,-0.09,-1.01,87582.03,77362.8673
000570.SZ,20160617,8.8,9.09,8.78,8.94,8.76,0.18,2.05,136073.14,121986.1591
000570.SZ,20160616,8.91,8.96,8.7,8.76,8.94,-0.18,-2.01,122492.54,108310.2889
000570.SZ,20160615,8.5,8.98,8.46,8.94,8.65,0.29,3.35,160816.54,142288.2507
000570.SZ,20160614,8.52,8.73,8.52,8.65,8.64,0.01,0.12,124073.13,106846.0451
000570.SZ,20160613,9.24,9.24,8.64,8.64,9.32,-0.68,-7.3,201281.36,181293.8396
000570.SZ,20160608,9.72,9.74,9.28,9.32,9.72,-0.4,-4.12,254505.97,239992.6873
000570.SZ,20160607,9.7,9.79,9.64,9.72,9.7,0.02,0.21,190394.33,184853.2582
000570.SZ,20160606,9.65,9.81,9.55,9.7,9.66,0.04,0.41,290271.87,280399.4835
000570.SZ,20160603,9.82,10.05,9.58,9.66,10.04,-0.38,-3.78,504635.04,493386.1364
000570.SZ,20160602,10.23,10.5,9.96,10.04,10.35,-0.31,-3.0,665887.27,680790.4593
000570.SZ,20160601,10.03,10.45,9.92,10.35,10.15,0.2,1.97,811235.8,829506.7712
000570.SZ,20160531,9.96,10.45,9.94,10.15,10.0,0.15,1.5,720161.95,736111.3617
000570.SZ,20160530,9.98,10.12,9.7,10.0,10.09,-0.09,-0.89,282421.58,280860.709
000570.SZ,20160527,10.12,10.28,9.97,10.09,10.1,-0.01,-0.1,680618.47,688728.8129
000570.SZ,20160526,9.95,10.3,9.84,10.1,10.2,-0.1,-0.98,317032.27,318656.541
000570.SZ,20160525,10.45,10.6,10.05,10.2,10.4,-0.2,-1.92,238940.02,246168.966
000570.SZ,20160524,10.62,10.62,10.21,10.4,10.55,-0.15,-1.42,248819.48,258034.3287
000570.SZ,20160523,10.43,10.68,10.29,10.55,10.64,-0.09,-0.85,610979.35,637784.7577
000570.SZ,20160520,10.2,10.71,10.14,10.64,10.37,0.27,2.6,757771.96,783505.9347
000570.SZ,20160519,9.46,10.37,9.45,10.37,9.43,0.94,9.97,810034.43,822638.8866
000570.SZ,20160518,9.62,9.62,9.35,9.43,9.54,-0.11,-1.15,123159.61,116510.6823
000570.SZ,20160517,9.01,9.9,9.01,9.54,9.12,0.42,4.61,283463.95,270204.1539
000570.SZ,20160516,8.76,9.22,8.76,9.12,8.8,0.32,3.64,177051.67,160456.0655
000570.SZ,20160513,8.25,8.93,8.15,8.8,8.22,0.58,7.06,198236.22,172781.8005
000570.SZ,20160512,8.12,8.26,7.97,8.22,8.21,0.01,0.12,53338.98,43321.4092
000570.SZ,20160511,7.95,8.32,7.94,8.21,7.89,0.32,4.06,137011.73,111237.4848
000570.SZ,20160510,8.05,8.2,7.83,7.89,8.13,-0.24,-2.95,95174.58,75877.4274
000570.SZ,20160509,8.94,8.95,8.13,8.13,9.03,-0.9,-9.97,98745.85,82489.8604
000570.SZ,20160506,9.33,9.48,8.95,9.03,9.32,-0.29,-3.11,85204.92,78250.7454
000570.SZ,20160505,9.39,9.41,9.25,9.32,9.39,-0.07,-0.75,38233.27,35609.5015
000570.SZ,20160504,9.34,9.45,9.25,9.39,9.4,-0.01,-0.11,74184.06,69385.8383
000570.SZ,20160503,9.29,9.43,9.14,9.4,9.22,0.18,1.95,58262.53,54478.9639
000570.SZ,20160429,9.05,9.36,8.8,9.22,9.08,0.14,1.54,91126.59,84070.5216
000570.SZ,20160428,9.58,9.71,9.0,9.08,9.57,-0.49,-5.12,106744.91,98639.0038
000570.SZ,20160427,9.45,9.77,9.45,9.57,9.47,0.1,1.06,81539.37,78525.3964
000570.SZ,20160426,9.36,9.48,9.32,9.47,9.45,0.02,0.21,50333.89,47397.3806
000570.SZ,20160425,9.36,9.5,9.22,9.45,9.41,0.04,0.43,90853.63,84992.2165
000570.SZ,20160422,9.42,9.55,9.33,9.41,9.41,0.0,0.0,56986.97,53641.9984
000570.SZ,20160421,9.23,9.66,9.23,9.41,9.3,0.11,1.18,85964.17,81800.7187
000570.SZ,20160420,9.95,9.95,9.1,9.3,9.96,-0.66,-6.63,174966.26,166601.9219
000570.SZ,20160419,9.85,10.01,9.72,9.96,9.82,0.14,1.43,104170.93,103161.014
000570.SZ,20160418,9.6,9.9,9.5,9.82,9.72,0.1,1.03,92466.94,90215.0945
000570.SZ,20160415,9.7,9.86,9.56,9.72,9.9,-0.18,-1.82,143802.97,139405.9524
000570.SZ,20160414,9.53,10.24,9.53,9.9,9.53,0.37,3.88,423616.01,424413.4294
000570.SZ,20160413,9.39,9.68,9.34,9.53,9.27,0.26,2.8,137215.0,131059.2697
000570.SZ,20160412,9.59,9.62,9.21,9.27,9.62,-0.35,-3.64,109883.45,102790.9405
000570.SZ,20160411,9.7,9.8,9.58,9.62,9.71,-0.09,-0.93,145900.14,140765.1962
000570.SZ,20160408,9.73,9.77,9.55,9.71,9.77,-0.06,-0.61,141516.83,136865.1431
000570.SZ,20160407,9.55,10.03,9.45,9.77,9.53,0.24,2.52,491987.61,481160.1342
000570.SZ,20160406,9.42,9.58,9.31,9.53,9.52,0.01,0.11,150225.34,141974.1446
000570.SZ,20160405,9.4,9.75,9.31,9.52,9.5,0.02,0.21,163352.46,155208.1151
000570.SZ,20160401,9.39,9.57,9.3,9.5,9.44,0.06,0.64,128306.56,121240.9384
000570.SZ,20160331,9.39,9.65,9.32,9.44,9.49,-0.05,-0.53,294264.53,279372.3051
000570.SZ,20160330,8.94,9.75,8.82,9.49,8.86,0.63,7.11,353252.37,330619.7178
000570.SZ,20160329,9.02,9.2,8.86,8.86,9.03,-0.17,-1.88,171503.49,155012.2102
000570.SZ,20160328,8.83,9.28,8.8,9.03,8.8,0.23,2.61,238766.61,216792.7155
000570.SZ,20160325,8.9,8.92,8.71,8.8,8.98,-0.18,-2.0,137830.89,121696.2831
000570.SZ,20160324,8.47,9.09,8.2,8.98,8.49,0.49,5.77,311880.97,274078.0689
000570.SZ,20160323,8.44,8.61,8.42,8.49,8.47,0.02,0.24,93712.43,79839.1938
000570.SZ,20160322,8.6,8.68,8.45,8.47,8.7,-0.23,-2.64,114101.1,97525.6939
000570.SZ,20160321,8.41,8.77,8.32,8.7,8.35,0.35,4.19,176074.06,149874.4547
000570.SZ,20160318,8.09,8.39,8.09,8.35,8.12,0.23,2.83,130767.56,108313.5409
000570.SZ,20160317,7.99,8.18,7.89,8.12,7.94,0.18,2.27,108619.64,87471.3508
000570.SZ,20160316,8.23,8.3,7.85,7.94,8.25,-0.31,-3.76,142199.09,114631.5476
000570.SZ,20160315,8.59,8.64,8.22,8.25,8.7,-0.45,-5.17,191945.25,160969.2701
000570.SZ,20160314,8.5,8.89,8.34,8.7,8.42,0.28,3.33,316114.4,273174.5341
000570.SZ,20160311,8.35,8.62,8.14,8.42,8.38,0.04,0.48,154587.82,129953.2056
000570.SZ,20160310,8.47,8.72,8.15,8.38,8.54,-0.16,-1.87,184231.15,155301.015
000570.SZ,20160309,8.43,8.6,8.12,8.54,8.6,-0.06,-0.7,146411.49,122037.7106
000570.SZ,20160308,8.7,8.8,8.2,8.6,8.79,-0.19,-2.16,252137.79,214789.6711
000570.SZ,20160307,8.09,8.87,8.09,8.79,8.1,0.69,8.52,278640.36,238434.5397
000570.SZ,20160304,8.05,8.16,7.71,8.1,8.16,-0.06,-0.74,115998.81,92529.8626
000570.SZ,20160303,7.61,8.22,7.55,8.16,7.62,0.54,7.09,196861.39,155540.4409
000570.SZ,20160302,7.17,7.65,7.12,7.62,7.2,0.42,5.83,152984.95,114051.9239
000570.SZ,20160301,6.95,7.35,6.83,7.2,6.94,0.26,3.75,77736.43,55022.1295
000570.SZ,20160229,7.32,7.38,6.75,6.94,7.31,-0.37,-5.06,82649.38,57339.4726
000570.SZ,20160226,7.2,7.35,7.0,7.31,7.12,0.19,2.67,67545.73,48657.2292
000570.SZ,20160225,7.85,7.9,7.12,7.12,7.91,-0.79,-9.99,101784.01,75978.1269
000570.SZ,20160224,7.83,7.91,7.62,7.91,7.84,0.07,0.89,73967.79,57587.4817
000570.SZ,20160223,7.88,7.95,7.68,7.84,7.89,-0.05,-0.63,64809.48,50624.6105
000570.SZ,20160222,7.81,7.98,7.8,7.89,7.74,0.15,1.94,64161.39,50639.9014
000570.SZ,20160219,7.71,7.87,7.62,7.74,7.71,0.03,0.39,73243.07,56702.039
000570.SZ,20160218,7.74,7.85,7.63,7.71,7.68,0.03,0.39,81298.52,63101.1841
000570.SZ,20160217,7.6,7.7,7.49,7.68,7.59,0.09,1.19,64037.47,48711.6469
000570.SZ,20160216,7.35,7.65,7.3,7.59,7.27,0.32,4.4,60404.22,45236.6259
000570.SZ,20160215,7.01,7.31,7.01,7.27,7.26,0.01,0.14,41694.99,29865.5395
000570.SZ,20160205,7.45,7.46,7.23,7.26,7.39,-0.13,-1.76,43509.2,32004.4743
000570.SZ,20160204,7.29,7.46,7.22,7.39,7.24,0.15,2.07,50556.13,37265.282
000570.SZ,20160203,7.13,7.29,7.08,7.24,7.21,0.03,0.42,44097.46,31632.4478
000570.SZ,20160202,6.92,7.26,6.92,7.21,6.94,0.27,3.89,54022.61,38740.6086
000570.SZ,20160201,7.13,7.19,6.8,6.94,7.07,-0.13,-1.84,62447.02,43819.993
000570.SZ,20160129,6.7,7.15,6.69,7.07,6.75,0.32,4.74,50360.17,35146.9015
000570.SZ,20160128,7.2,7.26,6.7,6.75,7.29,-0.54,-7.41,67710.08,47731.5471
000570.SZ,20160127,7.71,7.78,6.89,7.29,7.66,-0.37,-4.83,124268.24,88837.4483
000570.SZ,20160126,7.91,8.22,7.38,7.66,8.04,-0.38,-4.73,108530.13,85997.1814
000570.SZ,20160125,7.95,8.09,7.85,8.04,7.85,0.19,2.42,66770.86,53181.9093
000570.SZ,20160122,7.8,7.93,7.55,7.85,7.75,0.1,1.29,50143.44,39088.2125
000570.SZ,20160121,7.82,8.18,7.73,7.75,7.91,-0.16,-2.02,86507.29,69382.1451
000570.SZ,20160120,8.06,8.26,7.85,7.91,8.05,-0.14,-1.74,86205.94,69347.3797
000570.SZ,20160119,7.76,8.07,7.7,8.05,7.8,0.25,3.21,77656.37,61717.7102
000570.SZ,20160118,7.45,7.89,7.32,7.8,7.51,0.29,3.86,55917.97,43087.1194
000570.SZ,20160115,7.65,7.98,7.39,7.51,7.65,-0.14,-1.83,89814.67,69312.1337
000570.SZ,20160114,7.1,7.79,7.03,7.65,7.33,0.32,4.37,75044.01,56318.0448
000570.SZ,20160113,7.9,8.0,7.31,7.33,7.83,-0.5,-6.39,66818.26,51821.6954
000570.SZ,20160112,7.82,8.0,7.68,7.83,7.8,0.03,0.38,70503.27,55403.9802
000570.SZ,20160111,8.12,8.5,7.8,7.8,8.67,-0.87,-10.03,87698.48,71382.9448
000570.SZ,20160108,8.66,8.9,8.14,8.67,8.56,0.11,1.29,105250.97,90836.6074
000570.SZ,20160107,9.3,9.32,8.56,8.56,9.51,-0.95,-9.99,31215.0,27445.653
000570.SZ,20160106,9.4,9.55,9.18,9.51,9.31,0.2,2.15,88126.57,82670.2705
000570.SZ,20160105,9.06,9.8,9.01,9.31,9.83,-0.52,-5.29,120375.3,112611.7457
000570.SZ,20160104,10.99,10.99,9.83,9.83,10.92,-1.09,-9.98,78008.15,80518.1735
000570.SZ,20151231,11.01,11.18,10.86,10.92,11.0,-0.08,-0.73,76007.09,83896.8875
000570.SZ,20151230,11.02,11.09,10.85,11.0,11.01,-0.01,-0.09,86953.7,95517.0723
000570.SZ,20151229,10.83,11.04,10.81,11.01,10.82,0.19,1.76,91086.4,99460.0453
000570.SZ,20151228,11.51,11.58,10.82,10.82,11.5,-0.68,-5.91,172477.64,192508.5003
000570.SZ,20151225,11.73,11.84,11.38,11.5,11.56,-0.06,-0.52,141965.17,163984.8298
000570.SZ,20151224,11.13,11.6,11.03,11.56,11.14,0.42,3.77,189470.48,216163.1824
000570.SZ,20151223,11.24,11.47,11.06,11.14,11.24,-0.1,-0.89,138686.2,156879.811
000570.SZ,20151222,11.25,11.34,10.95,11.24,11.3,-0.06,-0.53,126531.99,140955.3218
000570.SZ,20151221,11.2,11.38,11.18,11.3,11.27,0.03,0.27,104857.89,118226.6846
000570.SZ,20151218,11.46,11.56,11.15,11.27,11.58,-0.31,-2.68,146840.99,166355.6285
000570.SZ,20151217,11.11,11.68,10.97,11.58,11.11,0.47,4.23,301713.72,343990.416
000570.SZ,20151216,10.8,11.11,10.59,11.11,10.78,0.33,3.06,129218.27,139261.9057
000570.SZ,20151215,10.55,10.88,10.45,10.78,10.54,0.24,2.28,120349.98,129029.178
000570.SZ,20151214,10.1,10.55,10.1,10.54,10.29,0.25,2.43,84357.71,87214.548
000570.SZ,20151211,10.08,10.3,10.0,10.29,10.06,0.23,2.29,81464.2,82742.1078
000570.SZ,20151210,10.0,10.26,9.96,10.06,10.05,0.01,0.1,66099.82,66920.9265
000570.SZ,20151209,10.0,10.29,9.96,10.05,10.13,-0.08,-0.79,70709.41,71433.7266
000570.SZ,20151208,10.58,10.6,10.1,10.13,10.71,-0.58,-5.42,106921.07,110394.2553
000570.SZ,20151207,10.65,10.88,10.43,10.71,10.66,0.05,0.47,147282.25,156437.0852
000570.SZ,20151204,10.1,10.79,9.98,10.66,10.17,0.49,4.82,164596.45,170571.7379
000570.SZ,20151203,10.0,10.2,9.98,10.17,9.99,0.18,1.8,86468.41,87213.447
000570.SZ,20151202,10.15,10.26,9.6,9.99,10.23,-0.24,-2.35,93840.05,93350.9591
000570.SZ,20151201,10.16,10.37,9.96,10.23,10.18,0.05,0.49,98599.44,100269.8626
000570.SZ,20151130,10.11,10.49,9.38,10.18,10.28,-0.1,-0.97,159908.89,160323.2743
000570.SZ,20151127,11.13,11.27,10.14,10.28,11.26,-0.98,-8.7,179211.69,192052.6718
000570.SZ,20151126,11.0,11.44,10.92,11.26,11.0,0.26,2.36,233983.91,262830.108
000570.SZ,20151125,10.97,11.16,10.78,11.0,10.97,0.03,0.27,147930.27,162464.9457
000570.SZ,20151124,10.63,10.98,10.61,10.97,10.67,0.3,2.81,120850.27,130917.2484
000570.SZ,20151123,10.98,11.0,10.61,10.67,11.02,-0.35,-3.18,160175.77,172965.106
000570.SZ,20151120,11.19,11.27,10.93,11.02,11.19,-0.17,-1.52,193975.0,214711.725
000570.SZ,20151119,10.8,11.35,10.8,11.19,10.89,0.3,2.75,280377.02,310843.6147
000570.SZ,20151118,10.79,11.12,10.53,10.89,10.89,0.0,0.0,278016.14,300911.0195
000570.SZ,20151117,10.1,11.05,10.06,10.89,10.17,0.72,7.08,387165.87,412580.2073
000570.SZ,20151116,9.65,10.17,9.46,10.17,9.85,0.32,3.25,126360.74,124379.9748
000570.SZ,20151113,10.1,10.16,9.8,9.85,10.23,-0.38,-3.71,134779.32,134220.1986
000570.SZ,20151112,10.64,10.64,10.15,10.23,10.51,-0.28,-2.66,176588.04,182164.33
000570.SZ,20151111,10.19,10.57,10.1,10.51,10.2,0.31,3.04,204298.4,211656.681
000570.SZ,20151110,10.21,10.32,10.0,10.2,10.24,-0.04,-0.39,179285.42,182427.328
000570.SZ,20151109,10.1,10.76,10.0,10.24,10.23,0.01,0.1,251463.82,259447.8329
000570.SZ,20151106,9.89,10.38,9.87,10.23,9.89,0.34,3.44,256471.68,258935.7002
000570.SZ,20151105,9.81,10.14,9.66,9.89,9.85,0.04,0.41,256675.43,253995.1067
000570.SZ,20151104,9.43,9.91,9.37,9.85,9.43,0.42,4.45,219034.98,212143.7521
000570.SZ,20151103,9.3,9.59,9.25,9.43,9.2,0.23,2.5,116945.49,110426.9727
000570.SZ,20151102,9.05,9.56,9.03,9.2,9.39,-0.19,-2.02,99262.25,92484.3762
000570.SZ,20151030,9.61,9.74,9.2,9.39,9.74,-0.35,-3.59,134833.28,127990.7477
000570.SZ,20151029,9.6,9.96,9.51,9.74,9.57,0.17,1.78,148111.21,144194.6944
000570.SZ,20151028,9.83,10.05,9.5,9.57,9.82,-0.25,-2.55,179391.58,175239.9323
000570.SZ,20151027,9.8,9.94,9.28,9.82,9.99,-0.17,-1.7,174480.96,168878.0305
000570.SZ,20151026,9.67,10.21,9.51,9.99,9.54,0.45,4.72,274112.08,271975.6148
000570.SZ,20151023,9.26,9.77,9.15,9.54,9.26,0.28,3.02,174711.98,163885.2376
000570.SZ,20151022,9.01,9.37,8.62,9.26,9.06,0.2,2.21,195931.97,177643.334
000570.SZ,20151021,10.0,10.0,9.06,9.06,10.07,-1.01,-10.03,271703.76,258354.888
000570.SZ,20151020,9.88,10.15,9.71,10.07,9.89,0.18,1.82,199970.43,200103.8667
000570.SZ,20151019,10.3,10.3,9.66,9.89,10.3,-0.41,-3.98,232114.09,231222.25
000570.SZ,20151016,9.99,10.44,9.73,10.3,9.91,0.39,3.94,314502.83,316495.1516
000570.SZ,20151015,9.43,10.08,9.35,9.91,9.56,0.35,3.66,247184.15,242490.6795
000570.SZ,20151014,9.52,10.16,9.5,9.56,9.5,0.06,0.63,373755.04,366364.303
000570.SZ,20151013,9.45,9.6,9.32,9.5,9.65,-0.15,-1.55,214432.48,202657.4052
000570.SZ,20151012,9.14,9.85,9.1,9.65,9.16,0.49,5.35,344778.13,324747.2701
000570.SZ,20151009,9.35,9.4,9.11,9.16,9.55,-0.39,-4.08,259664.27,239599.0518
000570.SZ,20151008,9.51,9.9,9.0,9.55,9.45,0.1,1.06,417769.57,390905.5109
000570.SZ,20150930,8.9,9.8,8.9,9.45,9.18,0.27,2.94,440358.03,411713.9404
000570.SZ,20150929,8.87,9.35,8.68,9.18,9.1,0.08,0.88,455152.5,409701.7661
000570.SZ,20150928,8.15,9.1,7.99,9.1,8.27,0.83,10.04,439333.46,380961.1084
000570.SZ,20150925,8.1,8.43,8.08,8.27,8.37,-0.1,-1.19,294615.67,245283.9353
000570.SZ,20150924,7.61,8.37,7.54,8.37,7.61,0.76,9.99,329293.99,264023.7392
000570.SZ,20150923,7.2,7.7,7.1,7.61,7.38,0.23,3.12,166123.53,122858.1785
000570.SZ,20150922,7.35,7.46,7.27,7.38,7.31,0.07,0.96,111022.41,81737.1445
000570.SZ,20150921,7.01,7.31,6.85,7.31,7.06,0.25,3.54,90023.23,64493.5011
000570.SZ,20150918,6.98,7.19,6.91,7.06,6.94,0.12,1.73,66021.24,46468.346
000570.SZ,20150917,7.2,7.37,6.9,6.94,7.2,-0.26,-3.61,108715.91,77934.0311
000570.SZ,20150916,6.7,7.23,6.53,7.2,6.57,0.63,9.59,92774.34,63735.4057
000570.SZ,20150915,7.0,7.2,6.55,6.57,7.28,-0.71,-9.75,89947.44,61531.2681
000570.SZ,20150914,8.2,8.24,7.28,7.28,8.09,-0.81,-10.01,121145.0,92936.3305
000570.SZ,20150911,8.08,8.21,7.9,8.09,8.02,0.07,0.87,69927.6,56356.195
000570.SZ,20150910,8.2,8.28,8.0,8.02,8.36,-0.34,-4.07,95523.45,77987.1547
000570.SZ,20150909,8.05,8.36,7.95,8.36,8.01,0.35,4.37,145181.84,119463.8001
000570.SZ,20150908,7.6,8.06,7.5,8.01,7.6,0.41,5.39,90766.88,70656.0025
000570.SZ,20150907,7.71,8.09,7.56,7.6,7.56,0.04,0.53,117502.26,91622.8744
000570.SZ,20150902,7.61,8.39,7.49,7.56,8.06,-0.5,-6.2,107746.51,84854.3562
000570.SZ,20150901,8.85,8.89,7.98,8.06,8.87,-0.81,-9.13,110135.79,92395.8669
000570.SZ,20150831,8.73,9.43,8.36,8.87,8.88,-0.01,-0.11,194718.19,171715.777
000570.SZ,20150828,8.22,8.88,8.22,8.88,8.18,0.7,8.56,195207.66,167915.434
000570.SZ,20150827,8.0,8.39,7.46,8.18,7.7,0.48,6.23,169138.42,135418.4718
000570.SZ,20150826,8.17,8.75,7.54,7.7,8.09,-0.39,-4.82,187618.1,151650.4016
000570.SZ,20150825,8.09,8.98,8.09,8.09,8.99,-0.9,-10.01,145457.15,118357.296
000570.SZ,20150824,9.2,9.5,8.99,8.99,9.99,-1.0,-10.01,84964.43,76883.6685
000570.SZ,20150821,10.74,10.89,9.96,9.99,11.01,-1.02,-9.26,162780.57,169328.5066
000570.SZ,20150820,11.35,11.78,11.0,11.01,11.28,-0.27,-2.39,231086.83,263812.6729
000570.SZ,20150819,10.51,11.77,9.9,11.28,10.95,0.33,3.01,263079.86,285157.4437
000570.SZ,20150818,12.29,12.3,10.95,10.95,12.17,-1.22,-10.02,227696.47,263909.9111
000570.SZ,20150817,11.68,12.66,11.38,12.17,11.66,0.51,4.37,304757.11,366291.997
000570.SZ,20150814,11.55,11.82,11.42,11.66,11.5,0.16,1.39,240196.77,280124.3209
000570.SZ,20150813,10.87,11.52,10.71,11.5,11.05,0.45,4.07,221790.87,248151.6879
000570.SZ,20150812,11.37,11.56,10.98,11.05,11.54,-0.49,-4.25,217737.66,245334.163
000570.SZ,20150811,11.25,11.89,11.11,11.54,11.28,0.26,2.31,369482.94,423823.1189
000570.SZ,20150810,10.82,11.5,10.55,11.28,10.87,0.41,3.77,406912.28,448322.8197
000570.SZ,20150807,11.09,11.27,10.52,10.87,10.93,-0.06,-0.55,408590.4,444341.9122
000570.SZ,20150806,10.31,11.21,10.2,10.93,10.66,0.27,2.53,234612.21,252375.8186
000570.SZ,20150805,10.89,11.32,10.01,10.66,11.0,-0.34,-3.09,294764.59,318123.5249
000570.SZ,20150804,10.08,11.05,9.98,11.0,10.12,0.88,8.7,259353.29,272787.7379
000570.SZ,20150803,10.15,10.39,9.6,10.12,10.03,0.09,0.9,196574.0,197350.5598
000570.SZ,20150731,9.4,10.1,9.4,10.03,9.62,0.41,4.26,223647.1,220960.1138
000570.SZ,20150730,9.5,10.12,9.28,9.62,9.61,0.01,0.1,246776.39,240604.5483
000570.SZ,20150729,9.1,9.66,8.45,9.61,8.98,0.63,7.02,177978.28,160587.219
000570.SZ,20150728,8.71,9.76,8.7,8.98,9.67,-0.69,-7.14,204216.23,184644.2692
000570.SZ,20150727,10.43,10.98,9.67,9.67,10.74,-1.07,-9.96,200855.59,207937.1995
000570.SZ,20150724,11.43,11.54,10.49,10.74,11.42,-0.68,-5.95,284797.99,318143.1293
000570.SZ,20150723,11.01,11.65,10.88,11.42,11.31,0.11,0.97,334352.75,375910.8275
000570.SZ,20150722,10.5,11.37,10.35,11.31,10.5,0.81,7.71,332745.38,360369.5042
000570.SZ,20150721,10.02,10.52,9.71,10.5,10.06,0.44,4.37,203329.03,207559.0187
000570.SZ,20150720,10.1,10.46,9.86,10.06,10.05,0.01,0.1,199460.35,201794.6707
000570.SZ,20150717,9.51,10.27,9.48,10.05,9.5,0.55,5.79,189770.51,187750.8105
000570.SZ,20150716,8.89,10.08,8.71,9.5,9.68,-0.18,-1.86,220865.39,208719.514
000570.SZ,20150715,10.5,10.5,9.68,9.68,10.75,-1.07,-9.95,181109.04,180725.2724
000570.SZ,20150714,10.88,11.95,10.5,10.75,11.32,-0.57,-5.04,405660.0,451744.5676
000570.SZ,20150713,10.68,11.32,10.23,11.32,10.29,1.03,10.01,458418.72,501760.8702
000570.SZ,20150710,9.46,10.29,9.42,10.29,9.35,0.94,10.05,319168.82,322436.9099
000570.SZ,20150709,7.65,9.35,7.65,9.35,8.5,0.85,10.0,405114.01,346099.113
000570.SZ,20150708,8.5,8.5,8.5,8.5,9.44,-0.94,-9.96,2227.0,1892.95
000570.SZ,20150707,9.44,9.44,9.44,9.44,10.49,-1.05,-10.01,15151.0,14302.544
000570.SZ,20150706,12.7,12.7,10.49,10.49,11.66,-1.17,-10.03,210060.54,234148.8197
000570.SZ,20150703,11.67,12.8,11.66,11.66,12.96,-1.3,-10.03,160555.5,189258.9151
000570.SZ,20150702,13.9,14.4,12.96,12.96,14.4,-1.44,-10.0,161784.17,214320.3622
000570.SZ,20150701,15.89,16.45,14.4,14.4,16.0,-1.6,-10.0,206926.66,320105.751
000570.SZ,20150630,14.99,16.15,13.6,16.0,15.11,0.89,5.89,240509.5,353014.1844
000570.SZ,20150629,17.3,17.5,14.99,15.11,16.65,-1.54,-9.25,278728.62,442136.1483
000570.SZ,20150626,18.19,18.19,16.65,16.65,18.5,-1.85,-10.0,252441.53,434611.523
000570.SZ,20150625,18.0,19.25,17.57,18.5,17.79,0.71,3.99,387440.48,719658.3652
000570.SZ,20150624,16.21,17.81,16.21,17.81,16.19,1.62,10.01,281304.34,476069.1129
000570.SZ,20150623,17.6,18.6,15.84,16.19,17.6,-1.41,-8.01,278649.74,468720.6086
000570.SZ,20150619,17.75,19.11,17.27,17.6,18.1,-0.5,-2.76,337435.39,618992.3435
000570.SZ,20150618,17.26,18.99,16.72,18.1,17.26,0.84,4.87,357918.3,657040.0557
000570.SZ,20150617,16.4,17.55,15.8,17.26,16.72,0.54,3.23,222550.64,368803.3282
000570.SZ,20150616,17.21,17.28,16.57,16.72,17.59,-0.87,-4.95,193141.57,325973.8825
000570.SZ,20150615,16.7,18.16,16.34,17.59,16.75,0.84,5.01,332249.41,582767.1215
000570.SZ,20150612,15.92,17.35,15.8,16.75,15.83,0.92,5.81,368459.6,608981.7195
000570.SZ,20150611,14.36,15.83,14.28,15.83,14.39,1.44,10.01,248355.42,370266.3296
000570.SZ,20150610,13.98,14.59,13.8,14.39,14.12,0.27,1.91,172509.46,246145.8546
000570.SZ,20150609,14.21,14.5,13.9,14.12,14.23,-0.11,-0.77,175730.63,249514.4256
000570.SZ,20150608,14.61,14.65,13.96,14.23,14.61,-0.38,-2.6,181334.48,258140.0523
000570.SZ,20150605,14.8,15.0,14.28,14.61,14.65,-0.04,-0.27,211978.67,310872.7478
000570.SZ,20150604,14.24,14.74,12.84,14.65,14.27,0.38,2.66,210884.53,298334.1736
000570.SZ,20150603,14.76,14.79,13.82,14.27,14.7,-0.43,-2.93,215589.47,309075.5888
000570.SZ,20150602,13.76,14.8,13.7,14.7,13.7,1.0,7.3,282576.6,403568.1509
000570.SZ,20150601,12.46,13.7,12.46,13.7,12.45,1.25,10.04,283039.7,373545.8743
000570.SZ,20150529,12.42,12.76,11.61,12.45,12.31,0.14,1.14,187017.55,231966.8475
000570.SZ,20150528,13.13,13.79,12.25,12.31,13.13,-0.82,-6.25,278005.19,366714.5606
000570.SZ,20150527,13.3,13.3,12.95,13.13,13.3,-0.17,-1.28,192548.14,252493.1697
000570.SZ,20150526,13.15,13.37,12.78,13.3,13.14,0.16,1.22,274429.38,360674.0155
000570.SZ,20150525,13.02,13.34,12.82,13.14,13.0,0.14,1.08,247736.83,324494.1964
000570.SZ,20150522,12.46,13.38,12.31,13.0,12.46,0.54,4.33,298545.76,380829.6957
000570.SZ,20150521,12.33,12.55,12.2,12.46,12.33,0.13,1.05,206342.74,255701.1113
000570.SZ,20150520,12.25,12.85,12.11,12.33,12.34,-0.01,-0.08,358368.1,449848.6485
000570.SZ,20150519,11.5,12.5,11.42,12.34,11.63,0.71,6.1,482851.88,584032.0175
000570.SZ,20150518,10.89,11.77,10.78,11.63,11.03,0.6,5.44,336176.98,382059.8764
000570.SZ,20150515,11.26,11.33,10.81,11.03,11.0,0.03,0.27,197522.59,218154.0241
000570.SZ,20150514,10.9,11.15,10.8,11.0,10.9,0.1,0.92,200486.13,218871.4088
000570.SZ,20150513,10.8,11.02,10.66,10.9,10.8,0.1,0.93,151108.81,164341.8483
000570.SZ,20150512,10.6,10.8,10.38,10.8,10.54,0.26,2.47,113066.59,119721.8285
000570.SZ,20150511,10.28,10.66,10.24,10.54,10.2,0.34,3.33,94574.61,98802.3613
000570.SZ,20150508,10.18,10.24,10.03,10.2,10.0,0.2,2.0,83933.65,85225.8269
000570.SZ,20150507,10.5,10.51,9.98,10.0,10.57,-0.57,-5.39,97384.24,98951.2766
000570.SZ,20150506,11.0,11.17,10.46,10.57,11.04,-0.47,-4.26,112349.18,121599.1128
000570.SZ,20150505,11.1,11.46,10.96,11.04,11.16,-0.12,-1.08,157587.68,177463.8012
000570.SZ,20150504,10.95,11.2,10.8,11.16,10.99,0.17,1.55,112668.92,124177.7629
000570.SZ,20150430,11.11,11.21,10.99,10.99,11.1,-0.11,-0.99,94223.04,104720.0846
000570.SZ,20150429,10.87,11.19,10.75,11.1,10.89,0.21,1.93,108512.28,120231.8506
000570.SZ,20150428,11.36,11.5,10.8,10.89,11.42,-0.53,-4.64,144598.58,159271.8464
000570.SZ,20150427,11.45,11.65,11.25,11.42,11.45,-0.03,-0.26,162154.96,184751.0509
000570.SZ,20150424,11.2,11.53,11.1,11.45,11.41,0.04,0.35,187333.87,212586.6301
000570.SZ,20150423,10.89,11.87,10.85,11.41,10.89,0.52,4.78,322099.27,365578.9144
000570.SZ,20150422,10.8,11.09,10.71,10.89,10.64,0.25,2.35,205503.29,224328.7406
000570.SZ,20150421,10.25,10.65,10.25,10.64,10.3,0.34,3.3,114748.37,120461.6479
000570.SZ,20150420,10.69,10.75,10.0,10.3,10.68,-0.38,-3.56,136752.14,141492.1298
000570.SZ,20150417,10.46,10.96,10.41,10.68,10.38,0.3,2.89,151684.4,162820.314
000570.SZ,20150416,10.27,10.53,10.03,10.38,10.33,0.05,0.48,99064.12,101963.1421
000570.SZ,20150415,10.9,10.9,10.33,10.33,10.93,-0.6,-5.49,135644.28,143453.6423
000570.SZ,20150414,11.05,11.23,10.85,10.93,11.0,-0.07,-0.64,140099.23,154387.6334
000570.SZ,20150413,10.81,11.0,10.74,11.0,10.78,0.22,2.04,138644.06,151415.2037
000570.SZ,20150410,10.6,10.89,10.4,10.78,10.65,0.13,1.22,132218.36,141769.1859
000570.SZ,20150409,11.13,11.17,10.28,10.65,11.12,-0.47,-4.23,178894.42,191315.5425
000570.SZ,20150408,11.19,11.33,10.99,11.12,11.25,-0.13,-1.16,169264.1,188577.3347
000570.SZ,20150407,11.4,11.5,10.91,11.25,11.4,-0.15,-1.32,242542.39,271404.4647
000570.SZ,20150403,10.9,11.64,10.83,11.4,10.99,0.41,3.73,211185.44,239593.9936
000570.SZ,20150402,10.52,10.99,10.49,10.99,10.52,0.47,4.47,191466.73,205734.7026
000570.SZ,20150401,10.35,10.77,10.28,10.52,10.26,0.26,2.53,139306.6,147061.0972
000570.SZ,20150331,10.54,10.58,10.25,10.26,10.5,-0.24,-2.29,111658.91,116072.3086
000570.SZ,20150330,10.31,10.59,10.26,10.5,10.28,0.22,2.14,151109.89,158172.0589
000570.SZ,20150327,10.06,10.48,10.06,10.28,10.14,0.14,1.38,168282.79,173727.0518
000570.SZ,20150326,9.9,10.39,9.85,10.14,9.88,0.26,2.63,188174.14,191860.0278
000570.SZ,20150325,9.75,9.96,9.63,9.88,9.75,0.13,1.33,138730.55,135914.7217
000570.SZ,20150324,10.07,10.07,9.62,9.75,9.96,-0.21,-2.11,142594.87,139790.0784
000570.SZ,20150323,9.8,10.1,9.8,9.96,9.79,0.17,1.74,140791.06,140371.5845
000570.SZ,20150320,9.8,9.89,9.74,9.79,9.84,-0.05,-0.51,80935.77,79255.1081
000570.SZ,20150319,9.86,9.88,9.68,9.84,9.84,0.0,0.0,140966.34,137795.7041
000570.SZ,20150318,9.52,9.98,9.51,9.84,9.56,0.28,2.93,170423.3,166309.0715
000570.SZ,20150317,9.51,9.65,9.44,9.56,9.48,0.08,0.84,104593.87,99547.8371
000570.SZ,20150316,9.25,9.57,9.25,9.48,9.23,0.25,2.71,121026.64,114450.3174
000570.SZ,20150313,9.2,9.28,9.13,9.23,9.17,0.06,0.65,45969.88,42249.1291
000570.SZ,20150312,9.25,9.35,9.07,9.17,9.23,-0.06,-0.65,80849.27,74464.6334
000570.SZ,20150311,9.31,9.36,9.2,9.23,9.31,-0.08,-0.86,52316.36,48382.9748
000570.SZ,20150310,9.3,9.38,9.27,9.31,9.29,0.02,0.22,60408.78,56354.8742
000570.SZ,20150309,9.16,9.32,9.06,9.29,9.17,0.12,1.31,66359.05,61163.7552
000570.SZ,20150306,9.2,9.24,9.01,9.17,9.19,-0.02,-0.22,69397.11,63357.9947
000570.SZ,20150305,9.3,9.36,9.14,9.19,9.32,-0.13,-1.39,75923.05,70036.8625
000570.SZ,20150304,9.21,9.35,9.15,9.32,9.3,0.02,0.22,98048.69,90654.6747
000570.SZ,20150303,9.27,9.6,9.2,9.3,9.13,0.17,1.86,192662.74,181296.3239
000570.SZ,20150302,9.16,9.2,9.03,9.13,9.03,0.1,1.11,88333.8,80578.2361
000570.SZ,20150227,9.08,9.17,8.98,9.03,9.14,-0.11,-1.2,89619.4,81068.1891
000570.SZ,20150226,8.64,9.21,8.58,9.14,8.64,0.5,5.79,135470.15,120872.6533
000570.SZ,20150225,8.78,8.78,8.6,8.64,8.65,-0.01,-0.12,24980.17,21694.2985
000570.SZ,20150217,8.65,8.65,8.56,8.65,8.59,0.06,0.7,27452.09,23653.9269
000570.SZ,20150216,8.55,8.65,8.55,8.59,8.55,0.04,0.47,29872.49,25666.8477
000570.SZ,20150213,8.37,8.57,8.37,8.55,8.37,0.18,2.15,26956.44,22993.3833
000570.SZ,20150212,8.24,8.4,8.24,8.37,8.27,0.1,1.21,23527.39,19633.2831
000570.SZ,20150211,8.23,8.3,8.21,8.27,8.23,0.04,0.49,17811.42,14699.9728
000570.SZ,20150210,8.17,8.28,8.17,8.23,8.19,0.04,0.49,17230.25,14157.9772
000570.SZ,20150209,8.28,8.32,8.19,8.19,8.27,-0.08,-0.97,18092.69,14953.801
000570.SZ,20150206,8.45,8.46,8.26,8.27,8.46,-0.19,-2.25,26893.98,22474.6891
000570.SZ,20150205,8.69,8.71,8.45,8.46,8.55,-0.09,-1.05,35096.91,30053.6351
000570.SZ,20150204,8.55,8.75,8.52,8.55,8.56,-0.01,-0.12,37092.16,32014.5391
000570.SZ,20150203,8.5,8.59,8.47,8.56,8.51,0.05,0.59,28386.27,24262.3354
000570.SZ,20150202,8.8,8.84,8.5,8.51,8.76,-0.25,-2.85,55586.15,47868.5094
000570.SZ,20150130,8.69,8.94,8.68,8.76,8.56,0.2,2.34,103432.42,91420.7626
000570.SZ,20150129,8.56,8.64,8.51,8.56,8.64,-0.08,-0.93,32809.8,28141.4023
000570.SZ,20150128,8.65,8.73,8.55,8.64,8.67,-0.03,-0.35,43603.49,37763.1345
000570.SZ,20150127,8.56,8.75,8.5,8.67,8.53,0.14,1.64,65436.91,56529.0325
000570.SZ,20150126,8.44,8.56,8.36,8.53,8.44,0.09,1.07,43443.02,36918.0242
000570.SZ,20150123,8.52,8.52,8.3,8.44,8.47,-0.03,-0.35,51328.75,43089.6941
000570.SZ,20150122,8.27,8.54,8.27,8.47,8.3,0.17,2.05,63518.68,53596.9759
000570.SZ,20150121,8.2,8.35,8.11,8.3,8.14,0.16,1.97,62224.24,51459.7659
000570.SZ,20150120,7.99,8.16,7.99,8.14,7.98,0.16,2.01,39065.26,31633.0178
000570.SZ,20150119,8.07,8.24,7.86,7.98,8.17,-0.19,-2.33,53911.64,43436.5602
000570.SZ,20150116,8.14,8.18,8.08,8.17,8.12,0.05,0.62,32509.43,26449.0359
000570.SZ,20150115,7.98,8.16,7.95,8.12,7.97,0.15,1.88,30432.21,24528.5235
000570.SZ,20150114,8.2,8.2,7.89,7.97,8.21,-0.24,-2.92,50316.81,40437.7339
000570.SZ,20150113,8.03,8.28,8.0,8.21,8.08,0.13,1.61,43404.8,35284.3498
000570.SZ,20150112,8.7,8.71,7.85,8.08,8.71,-0.63,-7.23,102315.13,84316.4516
000570.SZ,20150109,8.81,8.83,8.7,8.71,8.83,-0.12,-1.36,33862.85,29683.9864
000570.SZ,20150108,8.87,8.97,8.83,8.83,8.86,-0.03,-0.34,40079.1,35618.7689
000570.SZ,20150107,8.9,8.9,8.81,8.86,8.9,-0.04,-0.45,32052.47,28348.62
000570.SZ,20150106,8.75,8.94,8.69,8.9,8.81,0.09,1.02,48519.02,42663.2445
000570.SZ,20150105,8.65,8.82,8.65,8.81,8.64,0.17,1.97,39078.16,34202.6378
000570.SZ,20141231,8.62,8.69,8.53,8.64,8.62,0.02,0.23,35915.95,30939.487
000570.SZ,20141230,8.61,8.76,8.6,8.62,8.64,-0.02,-0.23,38976.35,33811.4372
000570.SZ,20141229,8.95,8.95,8.62,8.64,8.97,-0.33,-3.68,61944.87,54249.915
000570.SZ,20141226,8.97,9.03,8.8,8.97,8.97,0.0,0.0,52545.93,46890.1435
000570.SZ,20141225,8.83,9.02,8.8,8.97,8.83,0.14,1.59,46108.6,41143.7647
000570.SZ,20141224,8.99,9.09,8.68,8.83,8.85,-0.02,-0.23,84768.99,74684.9625
000570.SZ,20141223,9.02,9.21,8.85,8.85,9.11,-0.26,-2.85,68489.7,61749.5953
000570.SZ,20141222,9.67,9.7,8.93,9.11,9.62,-0.51,-5.3,117298.57,107696.9631
000570.SZ,20141219,9.7,9.79,9.3,9.62,9.78,-0.16,-1.64,91886.11,87701.7027
000570.SZ,20141218,9.49,10.03,9.46,9.78,9.51,0.27,2.84,117747.23,115727.7419
000570.SZ,20141217,9.8,9.8,9.47,9.51,9.84,-0.33,-3.35,85872.03,82661.9673
000570.SZ,20141216,9.82,9.96,9.77,9.84,9.86,-0.02,-0.2,71898.31,70707.2414
000570.SZ,20141215,9.95,10.03,9.75,9.86,9.95,-0.09,-0.9,109686.86,108369.245
000570.SZ,20141212,9.83,10.23,9.63,9.95,9.74,0.21,2.16,199680.71,199055.7712
000570.SZ,20141211,9.28,9.85,9.28,9.74,9.3,0.44,4.73,138905.3,133448.3621
000570.SZ,20141210,9.0,9.33,8.93,9.3,9.06,0.24,2.65,61644.97,56563.5168
000570.SZ,20141209,9.41,9.59,8.91,9.06,9.46,-0.4,-4.23,117709.73,110035.473
000570.SZ,20141208,9.33,9.56,9.23,9.46,9.39,0.07,0.75,103620.17,97844.8108
000570.SZ,20141205,9.92,9.92,9.3,9.39,9.89,-0.5,-5.06,176360.71,168134.6077
000570.SZ,20141204,10.18,10.18,9.81,9.89,10.08,-0.19,-1.88,197993.93,197723.8633
000570.SZ,20141203,9.35,10.2,9.22,10.08,9.34,0.74,7.92,271718.09,263956.3276
000570.SZ,20141202,9.17,9.38,9.17,9.34,9.19,0.15,1.63,55936.67,51886.4444
000570.SZ,20141201,9.29,9.3,9.18,9.19,9.32,-0.13,-1.39,52381.79,48285.62
000570.SZ,20141128,9.36,9.39,9.2,9.32,9.4,-0.08,-0.85,79546.79,73820.2642
000570.SZ,20141127,9.35,9.5,9.32,9.4,9.33,0.07,0.75,83057.5,78225.3405
000570.SZ,20141126,9.32,9.4,9.22,9.33,9.33,0.0,0.0,50071.45,46524.1945
000570.SZ,20141125,9.2,9.36,9.17,9.33,9.21,0.12,1.3,65233.45,60556.0798
000570.SZ,20141124,9.2,9.3,9.16,9.21,9.21,0.0,0.0,63306.84,58410.9161
000570.SZ,20141121,9.0,9.32,8.98,9.21,8.92,0.29,3.25,71959.56,66200.1116
000570.SZ,20141120,8.91,8.93,8.86,8.92,8.93,-0.01,-0.11,22598.19,20107.4817
000570.SZ,20141119,8.9,8.98,8.89,8.93,8.91,0.02,0.22,22884.31,20454.0809
000570.SZ,20141118,8.89,9.04,8.88,8.91,8.96,-0.05,-0.56,34916.38,31185.3688
000570.SZ,20141117,8.83,9.03,8.83,8.96,8.84,0.12,1.36,24428.54,21866.1686
000570.SZ,20141114,8.86,8.89,8.72,8.84,8.88,-0.04,-0.45,28590.74,25187.0965
000570.SZ,20141113,9.05,9.05,8.85,8.88,9.04,-0.16,-1.77,34719.35,30984.9866
000570.SZ,20141112,8.91,9.04,8.86,9.04,8.92,0.12,1.35,41232.35,36834.4804
000570.SZ,20141111,9.24,9.36,8.86,8.92,9.24,-0.32,-3.46,69687.27,63204.1903
000570.SZ,20141110,9.26,9.37,9.18,9.24,9.29,-0.05,-0.54,52042.37,48173.4373
000570.SZ,20141107,9.38,9.49,9.27,9.29,9.43,-0.14,-1.48,73804.33,69257.118
000570.SZ,20141106,9.35,9.53,9.24,9.43,9.34,0.09,0.96,84748.38,79578.0046
000570.SZ,20141105,9.6,9.6,9.31,9.34,9.49,-0.15,-1.58,72310.98,67770.7934
000570.SZ,20141104,9.1,9.57,9.1,9.49,9.05,0.44,4.86,173402.03,163174.7848
000570.SZ,20141103,8.93,9.1,8.85,9.05,8.94,0.11,1.23,55334.17,49848.3949
000570.SZ,20141031,8.9,8.97,8.78,8.94,8.89,0.05,0.56,82000.79,72788.8534
000570.SZ,20141030,9.03,9.06,8.86,8.89,9.04,-0.15,-1.66,57849.55,51827.4032
000570.SZ,20141029,9.1,9.11,8.95,9.04,8.97,0.07,0.78,62042.19,55999.9722
000570.SZ,20141028,8.76,9.07,8.74,8.97,8.73,0.24,2.75,45477.82,40608.9864
000570.SZ,20141027,8.65,8.78,8.63,8.73,8.7,0.03,0.34,27204.19,23676.9888
000570.SZ,20141024,8.78,8.81,8.68,8.7,8.77,-0.07,-0.8,31595.11,27592.3764
000570.SZ,20141023,8.98,9.02,8.73,8.77,8.98,-0.21,-2.34,45905.41,40590.2383
000570.SZ,20141022,9.11,9.15,8.93,8.98,9.11,-0.13,-1.43,38047.09,34416.2941
000570.SZ,20141021,9.1,9.23,9.08,9.11,9.09,0.02,0.22,52197.48,47723.5113
000570.SZ,20141020,9.1,9.19,9.05,9.09,9.1,-0.01,-0.11,56839.07,51752.2006
000570.SZ,20141017,9.22,9.33,8.96,9.1,9.26,-0.16,-1.73,90870.06,82519.5523
000570.SZ,20141016,9.36,9.44,9.25,9.26,9.47,-0.21,-2.22,60299.85,56339.0006
000570.SZ,20141015,9.18,9.48,9.16,9.47,9.19,0.28,3.05,83363.29,77968.2736
000570.SZ,20141014,9.28,9.36,9.14,9.19,9.29,-0.1,-1.08,58815.65,54370.5895
000570.SZ,20141013,9.45,9.46,9.25,9.29,9.47,-0.18,-1.9,84743.45,78931.9637
000570.SZ,20141010,9.68,9.69,9.42,9.47,9.67,-0.2,-2.07,118582.43,112917.7106
000570.SZ,20141009,9.55,9.73,9.4,9.67,9.55,0.12,1.26,107299.97,102616.5711
000570.SZ,20141008,9.66,9.69,9.4,9.55,9.66,-0.11,-1.14,97518.16,92694.193
000570.SZ,20140930,9.65,9.68,9.53,9.66,9.63,0.03,0.31,57470.4,55224.5735
000570.SZ,20140929,9.55,9.68,9.49,9.63,9.55,0.08,0.84,73545.07,70345.9819
000570.SZ,20140926,9.6,9.68,9.44,9.55,9.59,-0.04,-0.42,69468.71,66367.6917
000570.SZ,20140925,9.4,9.95,9.4,9.59,9.43,0.16,1.7,167381.12,163087.9003
000570.SZ,20140924,9.22,9.46,9.22,9.43,9.21,0.22,2.39,88908.14,83525.719
000570.SZ,20140923,9.0,9.27,9.0,9.21,9.07,0.14,1.54,73219.48,66948.72
000570.SZ,20140922,9.04,9.26,8.97,9.07,9.03,0.04,0.44,82217.75,74920.0937
000570.SZ,20140919,9.09,9.14,8.96,9.03,9.1,-0.07,-0.77,63870.15,57629.3369
000570.SZ,20140918,9.13,9.27,8.96,9.1,9.14,-0.04,-0.44,65903.59,60179.7023
000570.SZ,20140917,9.0,9.17,8.82,9.14,9.0,0.14,1.56,78798.25,71206.9266
000570.SZ,20140916,9.65,9.68,8.96,9.0,9.69,-0.69,-7.12,105627.52,98738.3249
000570.SZ,20140915,9.28,9.8,9.26,9.69,9.32,0.37,3.97,120019.65,114158.8877
000570.SZ,20140912,9.22,9.35,9.18,9.32,9.26,0.06,0.65,71090.77,65909.2494
000570.SZ,20140911,9.4,9.49,9.12,9.26,9.36,-0.1,-1.07,118761.21,110425.8276
000570.SZ,20140910,9.35,9.65,9.26,9.36,9.35,0.01,0.11,143167.03,134942.8488
000570.SZ,20140909,8.84,9.52,8.81,9.35,8.84,0.51,5.77,279126.74,256768.4251
000570.SZ,20140905,8.59,8.89,8.56,8.84,8.57,0.27,3.15,180819.56,157736.3302
000570.SZ,20140904,8.51,8.67,8.51,8.57,8.55,0.02,0.23,118820.96,102249.5211
000570.SZ,20140903,8.62,8.62,8.44,8.55,8.63,-0.08,-0.93,134032.47,114529.1492
000570.SZ,20140902,8.57,8.71,8.52,8.63,8.59,0.04,0.47,169883.66,146158.9838
000570.SZ,20140901,8.43,8.93,8.43,8.59,8.42,0.17,2.02,280272.37,241744.3829
000570.SZ,20140829,8.32,8.48,8.32,8.42,8.33,0.09,1.08,48787.85,40952.8805
000570.SZ,20140828,8.34,8.48,8.27,8.33,8.41,-0.08,-0.95,69650.44,58354.8131
000570.SZ,20140827,8.43,8.62,8.34,8.41,8.36,0.05,0.6,146430.85,124411.3418
000570.SZ,20140826,8.55,8.61,8.18,8.36,8.64,-0.28,-3.24,191893.0,161227.1501
000570.SZ,20140825,8.67,8.95,8.54,8.64,8.67,-0.03,-0.35,243289.8,212182.883
000570.SZ,20140822,8.63,8.77,8.52,8.67,8.74,-0.07,-0.8,213282.06,184272.2191
000570.SZ,20140821,8.75,8.85,8.39,8.74,8.65,0.09,1.04,383978.42,329861.2235
000570.SZ,20140820,7.88,8.65,7.82,8.65,7.86,0.79,10.05,447940.82,376027.1382
000570.SZ,20140819,7.8,7.89,7.73,7.86,7.78,0.08,1.03,136082.02,106403.6077
000570.SZ,20140818,7.68,7.78,7.66,7.78,7.68,0.1,1.3,161570.92,124848.4035
000570.SZ,20140815,7.7,7.74,7.59,7.68,7.68,0.0,0.0,87305.01,66777.012
000570.SZ,20140814,7.65,7.79,7.63,7.68,7.64,0.04,0.52,114698.58,88624.8247
000570.SZ,20140813,7.72,7.73,7.62,7.64,7.74,-0.1,-1.29,78182.81,59862.3434
000570.SZ,20140812,7.78,7.8,7.65,7.74,7.78,-0.04,-0.51,141364.22,109037.8848
000570.SZ,20140811,7.8,7.86,7.69,7.78,7.86,-0.08,-1.02,102051.28,79148.2737
000570.SZ,20140808,7.77,7.88,7.67,7.86,7.77,0.09,1.16,74018.82,57322.9854
000570.SZ,20140807,8.0,8.01,7.7,7.77,8.0,-0.23,-2.88,82401.09,64828.0747
000570.SZ,20140806,7.95,8.03,7.91,8.0,7.95,0.05,0.63,55489.64,44261.0138
000570.SZ,20140805,7.96,7.99,7.89,7.95,7.95,0.0,0.0,39940.22,31647.5336
000570.SZ,20140804,7.85,7.97,7.83,7.95,7.88,0.07,0.89,31490.06,24930.2682
000570.SZ,20140801,7.93,8.09,7.88,7.88,7.93,-0.05,-0.63,62979.63,50337.5059
000570.SZ,20140731,7.91,7.95,7.89,7.93,7.92,0.01,0.13,29621.19,23454.3595
000570.SZ,20140730,7.88,7.93,7.81,7.92,7.9,0.02,0.25,34060.4,26844.3584
000570.SZ,20140729,7.87,7.97,7.82,7.9,7.85,0.05,0.64,38249.13,30200.0598
000570.SZ,20140728,7.76,7.85,7.74,7.85,7.78,0.07,0.9,57484.02,44711.8301
000570.SZ,20140725,7.71,7.8,7.62,7.78,7.71,0.07,0.91,14845.72,11459.2101
000570.SZ,20140724,7.85,7.85,7.62,7.71,7.82,-0.11,-1.41,31026.19,23975.59
000570.SZ,20140723,8.09,8.09,7.8,7.82,8.09,-0.27,-3.34,35950.73,28568.7951
000570.SZ,20140722,8.1,8.14,7.97,8.09,8.22,-0.13,-1.58,68353.85,55198.8328
000570.SZ,20140721,8.06,8.23,8.02,8.22,8.05,0.17,2.11,107943.74,87676.9831
000570.SZ,20140718,7.94,8.07,7.91,8.05,7.95,0.1,1.26,30004.2,24022.9328
000570.SZ,20140717,7.88,8.06,7.8,7.95,7.86,0.09,1.15,50499.48,39911.0978
000570.SZ,20140716,8.1,8.15,7.78,7.86,8.1,-0.24,-2.96,55622.38,44022.94
000570.SZ,20140715,8.1,8.27,8.02,8.1,8.06,0.04,0.5,37777.97,30712.9511
000570.SZ,20140714,8.0,8.08,7.9,8.06,8.03,0.03,0.37,28086.21,22477.1028
000570.SZ,20140711,8.0,8.17,7.92,8.03,8.08,-0.05,-0.62,47064.21,37753.7459
000570.SZ,20140710,7.82,8.15,7.75,8.08,7.86,0.22,2.8,74203.71,59412.7011
000570.SZ,20140709,7.77,8.0,7.62,7.86,7.78,0.08,1.03,52089.59,40480.125
000570.SZ,20140708,7.76,7.8,7.68,7.78,7.73,0.05,0.65,17422.25,13503.8211
000570.SZ,20140707,7.81,7.85,7.71,7.73,7.81,-0.08,-1.02,14097.61,10941.3012
000570.SZ,20140704,7.79,7.88,7.79,7.81,7.82,-0.01,-0.13,14129.0,11066.0785
000570.SZ,20140703,7.85,7.89,7.74,7.82,7.86,-0.04,-0.51,22132.0,17280.7905
000570.SZ,20140702,7.94,7.99,7.8,7.86,7.9,-0.04,-0.51,13713.73,10780.1365
000570.SZ,20140701,7.79,7.9,7.77,7.9,7.8,0.1,1.28,24996.55,19581.7863
000570.SZ,20140630,7.79,7.81,7.61,7.8,7.78,0.02,0.26,31182.62,24204.7769
000570.SZ,20140627,7.74,7.85,7.71,7.78,7.77,0.01,0.13,24280.44,18899.3451
000570.SZ,20140626,7.7,7.89,7.61,7.77,7.68,0.09,1.17,34408.08,26741.721
000570.SZ,20140625,7.73,7.73,7.6,7.68,7.7,-0.02,-0.26,11751.64,8999.2576
000570.SZ,20140624,7.69,7.76,7.6,7.7,7.75,-0.05,-0.65,14581.28,11201.9086
000570.SZ,20140623,7.78,7.88,7.64,7.75,7.65,0.1,1.31,23322.99,17995.5764
000570.SZ,20140620,7.38,8.04,7.35,7.65,7.38,0.27,3.66,52954.32,40429.6319
000570.SZ,20140619,7.6,7.65,7.31,7.38,7.58,-0.2,-2.64,12983.1,9662.1728
000570.SZ,20140618,7.72,7.72,7.57,7.59,7.73,-0.14,-1.81,13694.76,10447.6328
000570.SZ,20140617,7.81,7.85,7.69,7.73,7.86,-0.13,-1.65,14487.15,11232.2097
000570.SZ,20140616,7.58,7.9,7.55,7.86,7.56,0.3,3.97,23744.35,18533.0058
000570.SZ,20140613,7.46,7.6,7.41,7.56,7.47,0.09,1.2,12274.72,9260.3985
000570.SZ,20140612,7.41,7.57,7.34,7.47,7.4,0.07,0.95,13734.62,10249.1991
000570.SZ,20140611,7.48,7.53,7.35,7.4,7.49,-0.09,-1.2,15330.1,11332.8185
000570.SZ,20140610,7.4,7.5,7.35,7.49,7.38,0.11,1.49,13231.0,9844.8075
000570.SZ,20140609,7.64,7.64,7.33,7.38,7.64,-0.26,-3.4,16979.4,12660.561
000570.SZ,20140606,7.74,7.79,7.51,7.64,7.73,-0.09,-1.16,13437.72,10275.4714
000570.SZ,20140605,7.67,7.83,7.58,7.73,7.69,0.04,0.52,12791.62,9800.7803
000570.SZ,20140604,7.91,7.95,7.61,7.69,8.0,-0.31,-3.88,16364.25,12666.1531
000570.SZ,20140603,8.15,8.16,7.97,8.0,8.09,-0.09,-1.11,9718.42,7831.6658
000570.SZ,20140530,8.1,8.17,7.99,8.09,8.1,-0.01,-0.12,8883.77,7175.326
000570.SZ,20140529,7.97,8.33,7.91,8.1,7.97,0.13,1.63,24821.31,20278.1936
000570.SZ,20140528,7.9,7.99,7.87,7.97,7.89,0.08,1.01,11426.91,9048.5833
000570.SZ,20140527,7.96,8.1,7.87,7.89,7.94,-0.05,-0.63,13526.75,10785.5934
000570.SZ,20140526,7.83,8.15,7.83,7.94,7.83,0.11,1.4,20137.97,16190.5922
000570.SZ,20140523,7.84,7.9,7.7,7.83,7.79,0.04,0.51,10799.56,8462.5407
000570.SZ,20140522,7.77,7.89,7.76,7.79,7.76,0.03,0.39,8638.26,6759.2207
000570.SZ,20140521,7.81,7.81,7.65,7.76,7.83,-0.07,-0.89,10372.86,8021.8338
000570.SZ,20140520,7.89,7.98,7.78,7.83,7.89,-0.06,-0.76,5846.3,4607.6182
000570.SZ,20140519,7.86,7.9,7.68,7.89,7.95,-0.06,-0.75,8267.67,6442.9783
000570.SZ,20140516,7.71,7.99,7.38,7.95,7.71,0.24,3.11,19309.98,14762.3783
000570.SZ,20140515,8.01,8.05,7.7,7.71,8.0,-0.29,-3.63,9514.98,7458.3505
000570.SZ,20140514,7.92,8.04,7.88,8.0,7.91,0.09,1.14,5749.47,4586.8193
000570.SZ,20140513,7.92,8.04,7.86,7.91,7.97,-0.06,-0.75,11773.8,9369.8034
000570.SZ,20140512,7.85,8.05,7.8,7.97,7.79,0.18,2.31,13000.07,10281.7274
000570.SZ,20140509,8.05,8.1,7.74,7.79,8.05,-0.26,-3.23,13140.36,10298.423
000570.SZ,20140508,8.16,8.22,8.02,8.05,8.16,-0.11,-1.35,10238.27,8292.7084
000570.SZ,20140507,8.36,8.38,8.15,8.16,8.35,-0.19,-2.28,9383.4,7734.9666
000570.SZ,20140506,8.31,8.41,8.22,8.35,8.31,0.04,0.48,13446.26,11216.2876
000570.SZ,20140505,8.1,8.4,8.04,8.31,8.2,0.11,1.34,14661.9,12161.1555
000570.SZ,20140430,8.37,8.54,8.1,8.2,8.43,-0.23,-2.73,21483.35,17809.9268
000570.SZ,20140429,8.02,8.44,7.98,8.43,8.02,0.41,5.11,41511.73,34222.9562
000570.SZ,20140428,8.6,8.62,8.0,8.02,8.66,-0.64,-7.39,44556.13,36462.8535
000570.SZ,20140425,8.92,9.05,8.42,8.66,8.97,-0.31,-3.46,40656.07,35264.1729
000570.SZ,20140424,8.91,9.12,8.85,8.97,8.91,0.06,0.67,25773.66,23149.7427
000570.SZ,20140423,9.0,9.36,8.82,8.91,9.05,-0.14,-1.55,48254.16,43993.3784
000570.SZ,20140422,9.03,9.2,8.9,9.05,9.1,-0.05,-0.55,78148.13,70683.1309
000570.SZ,20140421,8.41,9.19,8.3,9.1,8.41,0.69,8.2,96964.44,84604.9971
000570.SZ,20140418,8.4,8.49,8.35,8.41,8.54,-0.13,-1.52,28859.32,24251.7246
000570.SZ,20140417,8.23,8.64,8.1,8.54,8.28,0.26,3.14,89161.94,75136.0662
000570.SZ,20140416,8.28,8.33,8.2,8.28,8.29,-0.01,-0.12,16502.49,13611.1091
000570.SZ,20140415,8.28,8.36,8.2,8.29,8.32,-0.03,-0.36,18545.98,15336.831
000570.SZ,20140414,8.14,8.36,8.0,8.32,8.15,0.17,2.09,30064.82,24666.1315
000570.SZ,20140411,8.28,8.39,8.1,8.15,8.33,-0.18,-2.16,30427.06,24907.1893
000570.SZ,20140410,8.42,8.42,8.21,8.33,8.42,-0.09,-1.07,29081.54,24058.0633
000570.SZ,20140409,8.26,8.43,8.15,8.42,8.26,0.16,1.94,23247.25,19449.8611
000570.SZ,20140408,8.1,8.35,8.07,8.26,8.13,0.13,1.6,21430.3,17539.0635
000570.SZ,20140404,8.1,8.19,7.51,8.13,8.09,0.04,0.49,19619.16,15849.2922
000570.SZ,20140403,7.93,8.12,7.88,8.09,7.95,0.14,1.76,24569.47,19658.6073
000570.SZ,20140402,8.16,8.19,7.92,7.95,8.16,-0.21,-2.57,19344.08,15558.6544
000570.SZ,20140401,8.07,8.17,7.95,8.16,8.04,0.12,1.49,9785.05,7929.2727
000570.SZ,20140331,8.3,8.3,8.04,8.04,8.35,-0.31,-3.71,18155.89,14692.4107
000570.SZ,20140328,8.4,8.49,8.13,8.35,8.43,-0.08,-0.95,21286.78,17602.711
000570.SZ,20140327,8.49,8.5,8.35,8.43,8.49,-0.06,-0.71,15481.78,13039.2303
000570.SZ,20140326,8.58,8.58,8.27,8.49,8.5,-0.01,-0.12,29311.14,24615.1686
000570.SZ,20140325,8.72,8.73,8.36,8.5,8.54,-0.04,-0.47,17655.5,15047.7823
000570.SZ,20140324,8.62,8.65,8.47,8.54,8.59,-0.05,-0.58,19141.19,16393.1427
000570.SZ,20140321,8.45,8.65,8.37,8.59,8.5,0.09,1.06,22801.22,19402.63
000570.SZ,20140320,8.93,9.11,8.42,8.5,8.99,-0.49,-5.45,26031.69,22789.6822
000570.SZ,20140319,8.97,9.23,8.84,8.99,9.07,-0.08,-0.88,37649.85,34048.6805
000570.SZ,20140318,8.65,9.15,8.62,9.07,8.7,0.37,4.25,61873.84,55440.1414
000570.SZ,20140317,8.65,8.8,8.44,8.7,8.78,-0.08,-0.91,49024.05,42132.5165
000570.SZ,20140314,8.92,8.96,8.71,8.78,8.92,-0.14,-1.57,22307.24,19673.0467
000570.SZ,20140313,8.81,9.1,8.7,8.92,8.81,0.11,1.25,49730.42,44645.9154
000570.SZ,20140312,8.65,8.87,8.6,8.81,8.63,0.18,2.09,41882.23,36510.8263
000570.SZ,20140311,8.78,8.88,8.63,8.63,8.82,-0.19,-2.15,25391.63,22238.7547
000570.SZ,20140310,9.0,9.0,8.65,8.82,9.05,-0.23,-2.54,46497.98,40870.3935
000570.SZ,20140307,9.12,9.29,8.71,9.05,9.12,-0.07,-0.77,101039.12,91722.0399
000570.SZ,20140306,9.48,9.48,9.1,9.12,9.48,-0.36,-3.8,60425.65,55880.2641
000570.SZ,20140305,9.35,9.64,9.21,9.48,9.45,0.03,0.32,75456.41,71708.7273
000570.SZ,20140304,9.48,9.48,9.14,9.45,9.4,0.05,0.53,45804.53,42689.0934
000570.SZ,20140303,8.99,9.6,8.98,9.4,8.97,0.43,4.79,111086.7,103392.2542
000570.SZ,20140228,8.72,8.99,8.57,8.97,8.74,0.23,2.63,104281.69,91429.4786
000570.SZ,20140227,8.7,8.8,8.42,8.74,8.73,0.01,0.11,79899.24,68930.2413
000570.SZ,20140226,8.7,8.75,8.45,8.73,8.72,0.01,0.11,64812.81,55919.7813
000570.SZ,20140225,8.53,8.8,8.29,8.72,8.7,0.02,0.23,111250.86,95559.7972
000570.SZ,20140224,8.4,8.8,8.26,8.7,8.24,0.46,5.58,135231.99,115868.8634
000570.SZ,20140221,7.79,8.39,7.79,8.24,7.78,0.46,5.91,124923.28,102044.8575
000570.SZ,20140220,8.07,8.08,7.78,7.78,8.1,-0.32,-3.95,61277.0,48303.7165
000570.SZ,20140219,7.72,8.35,7.71,8.1,7.8,0.3,3.85,156114.39,125533.4377
000570.SZ,20140218,7.87,8.07,7.67,7.8,7.85,-0.05,-0.64,115273.9,90722.1449
000570.SZ,20140217,7.8,7.88,7.68,7.85,7.87,-0.02,-0.25,93902.3,72956.1631
000570.SZ,20140214,7.88,7.9,7.62,7.87,7.79,0.08,1.03,123863.62,96179.549
000570.SZ,20140213,7.04,7.79,7.02,7.79,7.08,0.71,10.03,240432.52,181785.9794
000570.SZ,20140212,6.67,7.15,6.67,7.08,6.69,0.39,5.83,129345.69,89946.7799
000570.SZ,20140211,6.72,6.83,6.61,6.69,6.74,-0.05,-0.74,70266.27,47263.0149
000570.SZ,20140210,6.5,6.81,6.47,6.74,6.5,0.24,3.69,149537.55,99964.8853
000570.SZ,20140207,6.07,6.53,6.02,6.5,6.08,0.42,6.91,85395.21,54394.5364
000570.SZ,20140130,6.18,6.2,6.03,6.08,6.21,-0.13,-2.09,25119.44,15290.9358
000570.SZ,20140129,6.15,6.24,6.15,6.21,6.17,0.04,0.65,17273.38,10703.8784
000570.SZ,20140128,6.16,6.21,6.09,6.17,6.18,-0.01,-0.16,27848.75,17154.5231
000570.SZ,20140127,6.33,6.35,6.18,6.18,6.35,-0.17,-2.68,39360.06,24560.314
000570.SZ,20140124,6.36,6.4,6.34,6.35,6.38,-0.03,-0.47,31784.48,20244.5798
000570.SZ,20140123,6.3,6.39,6.25,6.38,6.29,0.09,1.43,41350.22,26194.5308
000570.SZ,20140122,6.18,6.3,6.18,6.29,6.2,0.09,1.45,34327.26,21505.4306
000570.SZ,20140121,6.18,6.22,6.13,6.2,6.17,0.03,0.49,19173.55,11847.4682
000570.SZ,20140120,6.22,6.29,6.15,6.17,6.21,-0.04,-0.64,20820.64,12938.9357
000570.SZ,20140117,6.13,6.21,6.1,6.21,6.15,0.06,0.98,29565.43,18230.0291
000570.SZ,20140116,6.15,6.22,6.14,6.15,6.16,-0.01,-0.16,16878.29,10431.243
000570.SZ,20140115,6.2,6.2,6.09,6.16,6.14,0.02,0.33,19413.11,11928.7978
000570.SZ,20140114,6.03,6.15,5.98,6.14,6.03,0.11,1.82,14930.06,9078.5058
000570.SZ,20140113,6.01,6.09,5.98,6.03,6.01,0.02,0.33,13618.22,8193.5709
000570.SZ,20140110,6.11,6.14,6.0,6.01,6.15,-0.14,-2.28,24169.08,14608.484
000570.SZ,20140109,6.15,6.3,6.12,6.15,6.14,0.01,0.16,29531.06,18375.7547
000570.SZ,20140108,6.15,6.27,6.1,6.14,6.15,-0.01,-0.16,22710.08,14074.6544
000570.SZ,20140107,6.03,6.26,6.02,6.15,6.12,0.03,0.49,20458.86,12627.4757
000570.SZ,20140106,6.34,6.34,6.12,6.12,6.37,-0.25,-3.92,28578.67,17704.8872
000570.SZ,20140103,6.34,6.41,6.23,6.37,6.38,-0.01,-0.16,45094.03,28428.4173
000570.SZ,20140102,6.39,6.42,6.29,6.38,6.45,-0.07,-1.09,56176.01,35666.2687
000570.SZ,20131231,6.39,6.5,6.34,6.45,6.44,0.01,0.16,114616.35,73864.5693
000570.SZ,20131230,6.29,6.46,6.25,6.44,6.28,0.16,2.55,122694.14,78128.6407
000570.SZ,20131227,5.93,6.32,5.91,6.28,5.98,0.3,5.02,62179.56,38252.8766
000570.SZ,20131226,6.2,6.21,5.93,5.98,6.22,-0.24,-3.86,43073.13,26093.4347
000570.SZ,20131225,6.2,6.24,6.15,6.22,6.18,0.04,0.65,54693.85,33959.8652
000570.SZ,20131224,6.17,6.29,6.11,6.18,6.18,0.0,0.0,78074.99,48415.5173
000570.SZ,20131223,5.96,6.2,5.77,6.18,5.93,0.25,4.22,80692.27,48717.6178
000570.SZ,20131220,6.05,6.07,5.88,5.93,6.04,-0.11,-1.82,35088.74,20871.0919
000570.SZ,20131219,6.1,6.13,6.02,6.04,6.07,-0.03,-0.49,21519.1,13080.6431
000570.SZ,20131218,6.09,6.13,6.04,6.07,6.08,-0.01,-0.16,22996.4,14012.6516
000570.SZ,20131217,6.06,6.1,6.0,6.08,6.06,0.02,0.33,39418.25,23887.7745
000570.SZ,20131216,6.36,6.38,6.05,6.06,6.33,-0.27,-4.27,75807.28,46932.5835
000570.SZ,20131213,6.3,6.36,6.26,6.33,6.37,-0.04,-0.63,79195.63,49949.8366
000570.SZ,20131212,6.47,6.53,6.35,6.37,6.49,-0.12,-1.85,84501.24,54513.9309
000570.SZ,20131211,6.62,6.62,6.43,6.49,6.65,-0.16,-2.41,63886.95,41483.7319
000570.SZ,20131210,6.61,6.81,6.6,6.65,6.69,-0.04,-0.6,98554.15,65899.9522
000570.SZ,20131209,6.53,6.82,6.49,6.69,6.51,0.18,2.77,112638.57,75160.8964
000570.SZ,20131206,6.59,6.63,6.46,6.51,6.63,-0.12,-1.81,58447.3,38162.519
000570.SZ,20131205,6.5,6.71,6.38,6.63,6.46,0.17,2.63,84833.46,55723.0633
000570.SZ,20131204,6.48,6.59,6.42,6.46,6.48,-0.02,-0.31,83804.53,54629.1
000570.SZ,20131203,6.37,6.53,6.3,6.48,6.38,0.1,1.57,72089.96,46454.341
000570.SZ,20131202,6.65,6.66,6.23,6.38,6.8,-0.42,-6.18,66498.85,43026.5332
000570.SZ,20131129,6.64,6.91,6.6,6.8,6.66,0.14,2.1,147470.6,99908.3421
000570.SZ,20131128,6.56,6.74,6.44,6.66,6.56,0.1,1.52,64477.99,42412.3427
000570.SZ,20131127,6.5,6.65,6.45,6.56,6.56,0.0,0.0,105128.49,69032.5252
000570.SZ,20131126,6.35,6.64,6.35,6.56,6.4,0.16,2.5,57692.64,37469.8367
000570.SZ,20131125,6.15,6.4,6.09,6.4,6.21,0.19,3.06,73960.21,46339.9369
000570.SZ,20131122,6.32,6.39,6.16,6.21,6.3,-0.09,-1.43,32200.96,20112.52
000570.SZ,20131121,6.26,6.3,6.19,6.3,6.28,0.02,0.32,24985.6,15589.4244
000570.SZ,20131120,6.27,6.32,6.2,6.28,6.28,0.0,0.0,29360.6,18336.7393
000570.SZ,20131119,6.31,6.37,6.26,6.28,6.34,-0.06,-0.95,35761.73,22587.2631
000570.SZ,20131118,6.05,6.38,6.04,6.34,6.04,0.3,4.97,52298.66,32580.0283
000570.SZ,20131115,5.96,6.14,5.91,6.04,5.95,0.09,1.51,24704.24,14984.3198
000570.SZ,20131114,5.88,5.97,5.8,5.95,5.9,0.05,0.8475,21646.35,12740.7196
000570.SZ,20131113,6.17,6.17,5.88,5.9,6.13,-0.23,-3.75,26361.55,15881.5008
000570.SZ,20131112,6.09,6.18,6.04,6.13,6.09,0.04,0.66,19694.42,12044.584
000570.SZ,20131111,6.2,6.24,6.0,6.09,6.2,-0.11,-1.77,27497.66,16711.0908
000570.SZ,20131108,6.35,6.37,6.2,6.2,6.35,-0.15,-2.36,30680.09,19241.4613
000570.SZ,20131107,6.6,6.71,6.29,6.35,6.61,-0.26,-3.93,58192.07,37452.9111
000570.SZ,20131106,6.8,6.91,6.58,6.61,6.81,-0.2,-2.94,39013.18,26390.344
000570.SZ,20131105,6.54,6.96,6.54,6.81,6.58,0.23,3.5,48479.57,32818.874
000570.SZ,20131104,6.5,6.66,6.5,6.58,6.45,0.13,2.02,24845.29,16368.6476
000570.SZ,20131101,6.49,6.52,6.36,6.45,6.5,-0.05,-0.77,15947.85,10268.1161
000570.SZ,20131031,6.54,6.54,6.38,6.5,6.54,-0.04,-0.61,25023.29,16151.8269
000570.SZ,20131030,6.43,6.54,6.31,6.54,6.41,0.13,2.03,29639.63,19115.1031
000570.SZ,20131029,6.7,6.74,6.17,6.41,6.67,-0.26,-3.9,44944.48,29110.5004
000570.SZ,20131028,6.52,6.71,6.46,6.67,6.47,0.2,3.09,30560.3,20261.4848
000570.SZ,20131025,6.62,6.74,6.44,6.47,6.59,-0.12,-1.82,31250.49,20502.4354
000570.SZ,20131024,6.53,6.73,6.48,6.59,6.58,0.01,0.15,29103.68,19252.5837
000570.SZ,20131023,6.92,6.92,6.58,6.58,6.95,-0.37,-5.32,59857.92,40211.3163
000570.SZ,20131022,6.96,7.23,6.86,6.95,6.95,0.0,0.0,73750.29,51980.0225
000570.SZ,20131021,6.91,7.06,6.76,6.95,6.91,0.04,0.58,61769.48,42700.143
000570.SZ,20131018,7.02,7.15,6.83,6.91,7.18,-0.27,-3.76,70588.51,49131.2325
000570.SZ,20131017,6.81,7.49,6.81,7.18,6.9,0.28,4.06,120579.33,86492.178
000570.SZ,20131016,6.63,7.09,6.42,6.9,6.68,0.22,3.29,149366.99,101138.9267
000570.SZ,20131015,6.75,6.8,6.6,6.68,6.81,-0.13,-1.91,70751.79,47119.289
000570.SZ,20131014,6.69,6.86,6.59,6.81,6.7,0.11,1.64,84667.54,57152.6418
000570.SZ,20131011,6.76,6.82,6.56,6.7,6.78,-0.08,-1.18,122625.61,81910.6669
000570.SZ,20131010,6.16,6.78,6.12,6.78,6.16,0.62,10.06,169962.03,113549.2644
000570.SZ,20131009,6.14,6.18,6.12,6.16,6.18,-0.02,-0.32,17059.2,10483.7627
000570.SZ,20131008,6.05,6.18,6.02,6.18,6.08,0.1,1.64,18821.85,11520.787
000570.SZ,20130930,6.08,6.12,6.02,6.08,6.08,0.0,0.0,11720.69,7116.2073
000570.SZ,20130927,6.03,6.15,6.01,6.08,6.03,0.05,0.83,13296.27,8081.9242
000570.SZ,20130926,6.18,6.23,6.02,6.03,6.17,-0.14,-2.27,22074.12,13442.8138
000570.SZ,20130925,6.22,6.25,6.16,6.17,6.22,-0.05,-0.8,18472.64,11457.0979
000570.SZ,20130924,6.32,6.32,6.17,6.22,6.32,-0.1,-1.58,24003.89,14941.3021
000570.SZ,20130923,6.2,6.36,6.14,6.32,6.2,0.12,1.94,21236.79,13258.378
000570.SZ,20130918,6.14,6.22,6.14,6.2,6.17,0.03,0.49,15254.06,9426.9643
000570.SZ,20130917,6.32,6.32,6.16,6.17,6.32,-0.15,-2.37,20541.71,12832.497
000570.SZ,20130916,6.36,6.4,6.25,6.32,6.35,-0.03,-0.47,20274.41,12757.1934
000570.SZ,20130913,6.38,6.42,6.31,6.35,6.41,-0.06,-0.94,28110.44,17844.8119
000570.SZ,20130912,6.26,6.58,6.24,6.41,6.3,0.11,1.75,67834.07,43628.6565
000570.SZ,20130911,6.36,6.4,6.21,6.3,6.35,-0.05,-0.79,38563.99,24261.6471
000570.SZ,20130910,6.3,6.46,6.28,6.35,6.3,0.05,0.79,50614.26,32275.9091
000570.SZ,20130909,6.3,6.45,6.25,6.3,6.36,-0.06,-0.94,74989.64,47516.3312
000570.SZ,20130906,6.11,6.39,6.08,6.36,6.1,0.26,4.26,107312.96,67229.6311
000570.SZ,20130905,6.14,6.17,6.04,6.1,6.15,-0.05,-0.81,34984.61,21366.4329
000570.SZ,20130904,6.0,6.27,5.99,6.15,6.04,0.11,1.82,67959.33,41750.8789
000570.SZ,20130903,5.86,6.06,5.83,6.04,5.86,0.18,3.07,44663.24,26605.2557
000570.SZ,20130902,5.71,5.89,5.65,5.86,5.71,0.15,2.63,26522.05,15355.3371
000570.SZ,20130830,5.86,5.89,5.68,5.71,5.88,-0.17,-2.89,39340.44,22793.3774
000570.SZ,20130829,5.88,5.93,5.82,5.88,5.88,0.0,0.0,22188.58,13060.6061
000570.SZ,20130828,5.94,5.97,5.85,5.88,5.99,-0.11,-1.84,24056.11,14222.5882
000570.SZ,20130827,5.92,5.99,5.88,5.99,5.95,0.04,0.67,24903.12,14772.7823
000570.SZ,20130826,5.85,5.97,5.77,5.95,5.83,0.12,2.06,29721.46,17507.135
000570.SZ,20130823,5.95,5.97,5.74,5.83,5.94,-0.11,-1.85,24487.1,14316.8432
000570.SZ,20130822,6.0,6.04,5.91,5.94,6.0,-0.06,-1.0,19157.77,11407.3381
000570.SZ,20130821,6.06,6.06,5.94,6.0,6.05,-0.05,-0.83,19256.68,11526.0792
000570.SZ,20130820,5.93,6.06,5.9,6.05,5.94,0.11,1.85,31097.38,18567.8138
000570.SZ,20130819,5.89,5.97,5.84,5.94,5.89,0.05,0.85,24534.31,14531.4113
000570.SZ,20130816,5.85,6.12,5.75,5.89,5.85,0.04,0.68,49850.99,29684.8889
000570.SZ,20130815,6.03,6.04,5.84,5.85,6.03,-0.18,-2.99,32330.33,19198.6319
000570.SZ,20130814,5.84,6.19,5.84,6.03,5.89,0.14,2.38,80174.07,48154.1843
000570.SZ,20130813,5.75,5.89,5.69,5.89,5.77,0.12,2.08,54518.13,31543.2717
000570.SZ,20130812,5.68,5.79,5.6,5.77,5.63,0.14,2.49,53927.86,30672.1021
000570.SZ,20130809,5.69,5.69,5.56,5.63,5.65,-0.02,-0.35,17933.33,10090.8346
000570.SZ,20130808,5.61,5.7,5.61,5.65,5.66,-0.01,-0.18,14772.68,8355.9196
000570.SZ,20130807,5.8,5.8,5.65,5.66,5.82,-0.16,-2.75,28216.29,16150.5836
000570.SZ,20130806,5.75,5.85,5.75,5.82,5.72,0.1,1.75,36738.44,21382.1417
000570.SZ,20130805,5.63,5.73,5.58,5.72,5.59,0.13,2.33,26989.71,15260.7859
000570.SZ,20130802,5.53,5.68,5.53,5.59,5.52,0.07,1.27,37036.91,20798.9196
000570.SZ,20130801,5.38,5.6,5.37,5.52,5.36,0.16,2.99,39981.97,22043.1882
000570.SZ,20130731,5.41,5.5,5.33,5.36,5.44,-0.08,-1.47,21371.19,11565.63
000570.SZ,20130730,5.41,5.5,5.27,5.44,5.41,0.03,0.55,33490.6,18037.572
000570.SZ,20130729,5.69,5.69,5.38,5.41,5.71,-0.3,-5.25,52516.27,28783.1572
000570.SZ,20130726,5.84,5.89,5.65,5.71,5.84,-0.13,-2.23,25340.71,14570.6498
000570.SZ,20130725,6.03,6.03,5.71,5.84,6.01,-0.17,-2.83,46271.61,27181.449
000570.SZ,20130724,6.16,6.19,5.91,6.01,6.16,-0.15,-2.44,51216.83,30875.0694
000570.SZ,20130723,6.05,6.24,5.98,6.16,6.01,0.15,2.5,38626.81,23565.7328
000570.SZ,20130722,6.18,6.33,5.8,6.01,6.16,-0.15,-2.44,59602.72,35833.399
000570.SZ,20130719,6.12,6.33,6.1,6.16,6.13,0.03,0.49,19669.68,12203.4634
000570.SZ,20130718,6.33,6.37,6.11,6.13,6.31,-0.18,-2.85,12401.0,7724.7971
000570.SZ,20130717,6.48,6.49,6.28,6.33,6.48,-0.15,-2.31,14124.5,9049.903
000570.SZ,20130716,6.34,6.51,6.34,6.48,6.38,0.1,1.57,30751.56,19908.7817
000570.SZ,20130715,6.3,6.43,6.3,6.38,6.3,0.08,1.27,19834.92,12618.3335
000570.SZ,20130712,6.38,6.5,6.27,6.3,6.37,-0.07,-1.1,26656.88,17011.8981
000570.SZ,20130711,6.11,6.45,6.05,6.37,6.1,0.27,4.43,39209.14,24673.7923
000570.SZ,20130710,5.9,6.1,5.83,6.1,5.95,0.15,2.52,24277.13,14544.9609
000570.SZ,20130709,5.97,5.99,5.81,5.95,5.9,0.05,0.85,13216.52,7840.7163
000570.SZ,20130708,6.33,6.33,5.9,5.9,6.4,-0.5,-7.81,29302.58,17630.2166
000570.SZ,20130705,6.49,6.51,6.37,6.4,6.49,-0.09,-1.39,16361.03,10530.7142
000570.SZ,20130704,6.37,6.54,6.32,6.49,6.4,0.09,1.41,15424.56,9928.8484
000570.SZ,20130703,6.61,6.62,6.3,6.4,6.61,-0.21,-3.18,17560.12,11310.6202
000570.SZ,20130702,6.75,6.75,6.48,6.61,6.63,-0.02,-0.3,22469.04,14801.0971
000570.SZ,20130701,6.25,6.69,6.16,6.63,6.26,0.37,5.91,28723.47,18487.0878
000570.SZ,20130628,6.27,6.5,6.09,6.26,6.3,-0.04,-0.63,22739.73,14388.5193
000570.SZ,20130627,6.46,6.62,6.25,6.3,6.41,-0.11,-1.72,38750.75,25073.2797
000570.SZ,20130626,6.48,6.5,6.19,6.41,6.47,-0.06,-0.93,35236.69,22334.4797
000570.SZ,20130625,6.59,6.72,5.96,6.47,6.62,-0.15,-2.27,38776.73,24177.2127
000570.SZ,20130624,7.26,7.26,6.6,6.62,7.19,-0.57,-7.93,21662.47,14869.4141
000570.SZ,20130621,7.23,7.38,7.1,7.19,7.21,-0.02,-0.28,15991.24,11545.1942
000570.SZ,20130620,7.4,7.45,7.21,7.21,7.44,-0.23,-3.09,12688.72,9303.343
000570.SZ,20130619,7.57,7.57,7.39,7.44,7.6,-0.16,-2.11,14463.78,10806.9519
000570.SZ,20130618,7.4,7.64,7.21,7.6,7.34,0.26,3.54,29049.23,21736.0564
000570.SZ,20130617,7.6,7.69,7.23,7.34,7.64,-0.3,-3.93,33069.2,24419.7339
000570.SZ,20130614,7.54,7.73,7.5,7.64,7.57,0.07,0.92,18062.96,13763.3602
000570.SZ,20130613,8.17,8.18,7.49,7.57,8.32,-0.75,-9.01,44299.15,33940.6918
000570.SZ,20130607,8.28,8.57,8.23,8.32,8.28,0.04,0.48,41373.93,34755.1647
000570.SZ,20130606,8.4,8.4,8.25,8.28,8.35,-0.07,-0.84,13241.11,11040.3553
000570.SZ,20130605,8.31,8.38,8.22,8.35,8.34,0.01,0.12,14798.98,12290.3022
000570.SZ,20130604,8.37,8.49,8.08,8.34,8.38,-0.04,-0.48,32586.69,26971.8333
000570.SZ,20130603,8.35,8.47,8.25,8.38,8.3,0.08,0.96,39357.52,32878.6353
000570.SZ,20130531,8.4,8.52,8.26,8.3,8.48,-0.18,-2.12,40586.27,33996.4833
000570.SZ,20130530,8.56,8.56,8.28,8.48,8.56,-0.08,-0.93,45407.26,38122.8542
000570.SZ,20130529,8.64,8.72,8.54,8.56,8.63,-0.07,-0.81,31214.66,26840.494
000570.SZ,20130528,8.7,8.77,8.55,8.63,8.7,-0.07,-0.8,33592.26,29094.0702
000570.SZ,20130527,8.5,8.75,8.48,8.7,8.53,0.17,1.99,39249.87,34043.7014
000570.SZ,20130524,8.61,8.8,8.47,8.53,8.61,-0.08,-0.93,30928.83,26578.572
000570.SZ,20130523,8.48,8.64,8.45,8.61,8.56,0.05,0.58,25723.21,21941.5956
000570.SZ,20130522,8.54,8.74,8.42,8.56,8.61,-0.05,-0.58,40931.67,35156.4217
000570.SZ,20130521,8.68,8.84,8.49,8.61,8.71,-0.1,-1.15,66546.34,57428.013
000570.SZ,20130520,8.23,8.72,8.23,8.71,8.29,0.42,5.07,70770.02,60426.8215
000570.SZ,20130517,8.04,8.58,8.04,8.29,8.04,0.25,3.11,80027.58,66642.2111
000570.SZ,20130516,7.96,8.08,7.87,8.04,7.96,0.08,1.01,25966.12,20794.1615
000570.SZ,20130515,7.88,8.06,7.88,7.96,7.88,0.08,1.02,14717.43,11731.3845
000570.SZ,20130514,7.84,7.93,7.74,7.88,7.84,0.04,0.51,19461.62,15285.431
000570.SZ,20130513,7.74,7.94,7.64,7.84,7.72,0.12,1.55,21911.38,17124.3116
000570.SZ,20130510,7.93,7.98,7.69,7.72,7.93,-0.21,-2.65,30501.98,23737.3184
000570.SZ,20130509,7.88,7.98,7.74,7.93,7.93,0.0,0.0,25083.13,19669.431
000570.SZ,20130508,8.15,8.19,7.85,7.93,8.15,-0.22,-2.7,28335.8,22534.9059
000570.SZ,20130507,8.12,8.2,8.09,8.15,8.12,0.03,0.37,16618.17,13526.0119
000570.SZ,20130506,8.09,8.16,8.03,8.12,8.06,0.06,0.74,25775.8,20886.2037
000570.SZ,20130503,8.05,8.11,7.77,8.06,8.06,0.0,0.0,34170.59,27404.5305
000570.SZ,20130502,7.77,8.06,7.63,8.06,7.77,0.29,3.73,21585.31,17059.3623
000570.SZ,20130426,7.75,7.98,7.75,7.77,7.82,-0.05,-0.64,23001.48,18167.2196
000570.SZ,20130425,8.05,8.05,7.71,7.82,8.03,-0.21,-2.62,28356.72,22402.8978
000570.SZ,20130424,7.95,8.1,7.9,8.03,7.95,0.08,1.01,28006.17,22460.9985
000570.SZ,20130423,8.33,8.39,7.89,7.95,8.32,-0.37,-4.45,39935.75,32153.0218
000570.SZ,20130422,8.22,8.36,8.15,8.32,8.29,0.03,0.36,31921.07,26422.184
000570.SZ,20130419,8.25,8.36,8.01,8.29,8.22,0.07,0.85,57312.73,47092.3956
000570.SZ,20130418,7.6,8.25,7.53,8.22,7.67,0.55,7.17,66980.21,53821.2528
000570.SZ,20130417,7.72,7.75,7.56,7.67,7.68,-0.01,-0.13,18326.95,14028.6244
000570.SZ,20130416,7.55,7.74,7.43,7.68,7.62,0.06,0.79,24159.74,18290.3654
000570.SZ,20130415,7.6,7.73,7.55,7.62,7.6,0.02,0.26,18030.99,13798.3612
000570.SZ,20130412,7.52,7.75,7.44,7.6,7.52,0.08,1.06,28188.45,21408.0203
000570.SZ,20130411,7.95,7.97,7.48,7.52,7.97,-0.45,-5.65,53281.93,40974.1685
000570.SZ,20130410,8.01,8.25,7.9,7.97,8.02,-0.05,-0.62,40951.65,32961.0142
000570.SZ,20130409,7.9,8.03,7.81,8.02,7.98,0.04,0.5,45727.13,36302.8706
000570.SZ,20130408,7.95,8.01,7.63,7.98,8.08,-0.1,-1.24,55469.59,43676.3526
000570.SZ,20130403,8.2,8.4,7.96,8.08,8.19,-0.11,-1.34,86897.11,70852.9745
000570.SZ,20130402,7.94,8.31,7.85,8.19,7.91,0.28,3.54,123541.86,100274.7641
000570.SZ,20130401,7.74,7.95,7.63,7.91,7.71,0.2,2.59,72180.82,56749.9269
000570.SZ,20130329,7.42,7.85,7.39,7.71,7.5,0.21,2.8,78979.31,60839.8006
000570.SZ,20130328,7.39,7.6,7.24,7.5,7.4,0.1,1.35,91188.03,67624.1728
000570.SZ,20130327,7.31,7.42,7.2,7.4,7.28,0.12,1.65,47232.8,34518.1501
000570.SZ,20130326,6.96,7.46,6.85,7.28,6.98,0.3,4.3,117200.68,83867.7776
000570.SZ,20130325,6.58,7.05,6.56,6.98,6.54,0.44,6.73,49685.41,34086.8339
000570.SZ,20130322,6.58,6.66,6.53,6.54,6.58,-0.04,-0.61,12354.37,8144.4041
000570.SZ,20130321,6.51,6.63,6.51,6.58,6.51,0.07,1.08,15057.76,9879.1325
000570.SZ,20130320,6.37,6.53,6.37,6.51,6.39,0.12,1.88,23590.67,15218.4866
000570.SZ,20130319,6.69,6.78,6.28,6.39,6.72,-0.33,-4.91,32715.84,20958.9863
000570.SZ,20130318,6.64,6.85,6.64,6.72,6.68,0.04,0.6,14182.78,9563.6952
000570.SZ,20130315,6.67,6.83,6.55,6.68,6.67,0.01,0.15,15938.9,10732.2311
000570.SZ,20130314,6.59,6.71,6.56,6.67,6.61,0.06,0.91,14738.03,9780.627
000570.SZ,20130313,6.86,6.89,6.58,6.61,6.86,-0.25,-3.64,21215.1,14138.1175
000570.SZ,20130312,6.9,7.08,6.7,6.86,6.91,-0.05,-0.72,35211.41,24210.4656
000570.SZ,20130311,6.82,6.94,6.82,6.91,6.85,0.06,0.88,11253.65,7747.1689
000570.SZ,20130308,6.95,7.05,6.84,6.85,6.98,-0.13,-1.86,17577.59,12112.7146
000570.SZ,20130307,7.0,7.11,6.93,6.98,6.99,-0.01,-0.14,32579.19,22872.1363
000570.SZ,20130306,7.23,7.25,6.94,6.99,7.04,-0.05,-0.71,49474.66,34958.0427
000570.SZ,20130305,6.92,7.05,6.78,7.04,6.92,0.12,1.73,26945.91,18735.2935
000570.SZ,20130304,6.97,7.15,6.73,6.92,7.0,-0.08,-1.14,80620.22,56306.9389
000570.SZ,20130301,6.55,7.02,6.48,7.0,6.54,0.46,7.03,56111.76,37996.7759
000570.SZ,20130228,6.4,6.55,6.38,6.54,6.38,0.16,2.51,17448.31,11320.4387
000570.SZ,20130227,6.53,6.58,6.35,6.38,6.51,-0.13,-2.0,19817.36,12765.2154
000570.SZ,20130226,6.53,6.69,6.5,6.51,6.62,-0.11,-1.66,24402.11,16133.9054
000570.SZ,20130225,6.65,6.71,6.44,6.62,6.71,-0.09,-1.34,37465.07,24568.6535
000570.SZ,20130222,6.7,6.73,6.62,6.71,6.7,0.01,0.15,19976.56,13333.5715
000570.SZ,20130221,6.79,6.84,6.53,6.7,6.79,-0.09,-1.33,45678.95,30631.6545
000570.SZ,20130220,6.76,6.8,6.56,6.79,6.7,0.09,1.34,38697.97,25880.3312
000570.SZ,20130219,6.66,7.02,6.64,6.7,6.68,0.02,0.3,69680.2,47504.2503
000570.SZ,20130218,6.64,6.73,6.48,6.68,6.45,0.23,3.57,47559.55,31676.8046
000570.SZ,20130208,6.31,6.51,6.31,6.45,6.33,0.12,1.9,26353.78,16917.2834
000570.SZ,20130207,6.38,6.45,6.23,6.33,6.37,-0.04,-0.63,32966.25,20840.5864
000570.SZ,20130206,6.28,6.41,6.28,6.37,6.27,0.1,1.59,47099.41,29989.3535
000570.SZ,20130205,6.16,6.28,6.13,6.27,6.17,0.1,1.62,28074.71,17502.0569
000570.SZ,20130204,6.2,6.35,6.13,6.17,6.28,-0.11,-1.75,36909.53,22827.3832
000570.SZ,20130201,6.41,6.54,6.25,6.28,6.31,-0.03,-0.48,54845.43,34895.6122
000570.SZ,20130131,6.26,6.39,6.2,6.31,6.26,0.05,0.8,30090.99,18905.2674
000570.SZ,20130130,6.16,6.46,6.11,6.26,6.16,0.1,1.62,72589.75,46041.9282
000570.SZ,20130129,6.12,6.2,6.1,6.16,6.17,-0.01,-0.16,24387.01,14995.4147
000570.SZ,20130128,5.92,6.17,5.92,6.17,5.91,0.26,4.4,56489.15,34499.9676
000570.SZ,20130125,5.87,5.97,5.81,5.91,5.87,0.04,0.68,25511.29,15017.1951
000570.SZ,20130124,5.91,6.05,5.82,5.87,5.91,-0.04,-0.68,62879.98,37254.6801
000570.SZ,20130123,5.8,6.01,5.8,5.91,5.91,0.0,0.0,36472.46,21611.816
000570.SZ,20130122,5.98,6.01,5.82,5.91,6.02,-0.11,-1.83,34805.02,20553.7917
000570.SZ,20130121,5.95,6.17,5.92,6.02,5.95,0.07,1.18,47674.23,28901.2482
000570.SZ,20130118,5.74,6.0,5.74,5.95,5.75,0.2,3.48,44017.13,26066.3756
000570.SZ,20130117,5.9,5.9,5.75,5.75,5.9,-0.15,-2.54,28267.51,16378.6496
000570.SZ,20130116,5.75,5.92,5.72,5.9,5.75,0.15,2.61,58195.54,33938.4638
000570.SZ,20130115,5.67,5.83,5.62,5.75,5.68,0.07,1.23,40673.77,23491.5676
000570.SZ,20130114,5.47,5.73,5.46,5.68,5.51,0.17,3.09,44721.34,25146.268
000570.SZ,20130111,5.66,5.77,5.5,5.51,5.74,-0.23,-4.01,40806.38,22874.6019
000570.SZ,20130110,5.69,5.82,5.65,5.74,5.7,0.04,0.7,40592.43,23260.0606
000570.SZ,20130109,5.62,5.77,5.55,5.7,5.62,0.08,1.42,55491.18,31393.84
000570.SZ,20130108,5.67,5.69,5.53,5.62,5.65,-0.03,-0.53,33912.54,18964.5669
000570.SZ,20130107,5.51,5.66,5.5,5.65,5.54,0.11,1.99,35768.17,19965.3408
000570.SZ,20130104,5.6,5.61,5.5,5.54,5.56,-0.02,-0.36,27095.92,15012.8827
000570.SZ,20121231,5.53,5.6,5.5,5.56,5.53,0.03,0.54,22369.5,12430.6423
000570.SZ,20121228,5.46,5.56,5.43,5.53,5.47,0.06,1.1,18749.09,10325.0619
000570.SZ,20121227,5.58,5.6,5.47,5.47,5.58,-0.11,-1.97,29594.44,16319.8993
000570.SZ,20121226,5.54,5.65,5.52,5.58,5.57,0.01,0.18,27930.19,15538.7057
000570.SZ,20121225,5.45,5.63,5.41,5.57,5.42,0.15,2.77,47426.48,26207.6915
000570.SZ,20121224,5.41,5.51,5.39,5.42,5.43,-0.01,-0.18,20305.71,11029.4553
000570.SZ,20121221,5.51,5.58,5.41,5.43,5.52,-0.09,-1.63,27284.59,14953.0671
000570.SZ,20121220,5.55,5.55,5.41,5.52,5.56,-0.04,-0.72,27794.38,15244.4026
000570.SZ,20121219,5.54,5.62,5.46,5.56,5.55,0.01,0.18,31011.02,17157.4799
000570.SZ,20121218,5.58,5.75,5.51,5.55,5.56,-0.01,-0.18,43145.05,24211.3757
000570.SZ,20121217,5.61,5.81,5.54,5.56,5.59,-0.03,-0.54,61796.01,35034.631
000570.SZ,20121214,5.34,5.65,5.34,5.59,5.37,0.22,4.1,57210.22,31768.1063
000570.SZ,20121213,5.52,5.52,5.34,5.37,5.56,-0.19,-3.42,23368.46,12661.775
000570.SZ,20121212,5.39,5.56,5.33,5.56,5.4,0.16,2.96,52839.5,28769.3761
000570.SZ,20121211,5.53,5.56,5.4,5.4,5.62,-0.22,-3.91,54701.63,29941.3762
000570.SZ,20121210,5.46,5.73,5.32,5.62,5.42,0.2,3.69,102429.17,56360.7854
000570.SZ,20121207,5.2,5.43,5.16,5.42,5.2,0.22,4.23,96031.55,51240.6741
000570.SZ,20121206,5.11,5.23,5.06,5.2,5.11,0.09,1.76,48262.95,24991.7846
000570.SZ,20121205,4.88,5.2,4.87,5.11,4.93,0.18,3.65,47128.78,24004.6979
000570.SZ,20121204,4.98,4.98,4.78,4.93,4.99,-0.06,-1.2,24281.92,11819.7293
000570.SZ,20121203,4.97,5.05,4.87,4.99,4.95,0.04,0.81,24343.8,12121.403
000570.SZ,20121130,4.94,5.01,4.85,4.95,4.99,-0.04,-0.8,22626.94,11160.8564
000570.SZ,20121129,4.84,5.25,4.83,4.99,4.83,0.16,3.31,36922.18,18551.0983
000570.SZ,20121128,4.82,5.0,4.73,4.83,4.88,-0.05,-1.02,12730.35,6227.3919
000570.SZ,20121127,5.03,5.06,4.82,4.88,5.06,-0.18,-3.56,26789.02,13124.8419
000570.SZ,20121126,5.15,5.15,5.03,5.06,5.18,-0.12,-2.32,30087.42,15300.7491
000570.SZ,20121123,5.0,5.29,4.97,5.18,4.97,0.21,4.23,54876.46,28332.0234
000570.SZ,20121122,5.03,5.06,4.95,4.97,5.08,-0.11,-2.17,12046.21,6037.8055
000570.SZ,20121121,4.96,5.11,4.9,5.08,4.98,0.1,2.01,22778.1,11509.5741
000570.SZ,20121120,4.98,5.12,4.96,4.98,4.95,0.03,0.61,11762.37,5924.2332
000570.SZ,20121119,4.9,4.95,4.88,4.95,4.94,0.01,0.2,8467.4,4152.2386
000570.SZ,20121116,4.86,5.0,4.84,4.94,4.84,0.1,2.07,12537.73,6189.0693
000570.SZ,20121115,4.87,4.92,4.84,4.84,4.89,-0.05,-1.02,7142.08,3476.9481
000570.SZ,20121114,4.83,4.93,4.83,4.89,4.91,-0.02,-0.41,9495.55,4628.8152
000570.SZ,20121113,5.06,5.06,4.91,4.91,5.04,-0.13,-2.58,14392.08,7164.1089
000570.SZ,20121112,5.0,5.07,4.98,5.04,5.02,0.02,0.4,10506.9,5272.5584
000570.SZ,20121109,4.96,5.06,4.95,5.02,5.01,0.01,0.2,10983.97,5505.1784
000570.SZ,20121108,5.16,5.16,5.01,5.01,5.22,-0.21,-4.02,25019.51,12723.0859
000570.SZ,20121107,5.23,5.27,5.14,5.22,5.36,-0.14,-2.61,44923.72,23353.9811
000570.SZ,20121106,5.05,5.52,5.05,5.36,5.07,0.29,5.72,94953.99,50463.0529
000570.SZ,20121105,5.11,5.11,5.01,5.07,5.06,0.01,0.2,12304.1,6218.1864
000570.SZ,20121102,5.04,5.09,5.03,5.06,5.04,0.02,0.4,12788.73,6466.0159
000570.SZ,20121101,4.96,5.07,4.96,5.04,4.96,0.08,1.61,16208.85,8134.1322
000570.SZ,20121031,4.95,5.01,4.92,4.96,4.95,0.01,0.2,6719.16,3329.6989
000570.SZ,20121030,4.94,5.03,4.92,4.95,4.99,-0.04,-0.8,10155.84,5031.3747
000570.SZ,20121029,5.09,5.09,4.95,4.99,4.95,0.04,0.81,10600.35,5310.5769
000570.SZ,20121026,5.07,5.14,4.93,4.95,5.06,-0.11,-2.17,18094.56,9073.0955
000570.SZ,20121025,5.1,5.2,5.03,5.06,5.1,-0.04,-0.78,19086.29,9788.9074
000570.SZ,20121024,5.05,5.14,5.0,5.1,5.06,0.04,0.79,13804.6,7015.1926
000570.SZ,20121023,5.12,5.18,5.06,5.06,5.12,-0.06,-1.17,15144.74,7733.1114
000570.SZ,20121022,5.11,5.14,5.05,5.12,5.14,-0.02,-0.39,10668.11,5433.1715
000570.SZ,20121019,5.13,5.28,5.05,5.14,5.1,0.04,0.78,26970.82,13888.8831
000570.SZ,20121018,4.95,5.1,4.94,5.1,4.94,0.16,3.24,27016.53,13668.785
000570.SZ,20121017,4.96,4.98,4.89,4.94,4.95,-0.01,-0.2,13253.99,6535.4071
000570.SZ,20121016,4.96,5.02,4.92,4.95,4.95,0.0,0.0,10221.83,5081.7423
000570.SZ,20121015,5.03,5.03,4.9,4.95,5.04,-0.09,-1.79,15160.44,7497.5809
000570.SZ,20121012,5.12,5.14,4.99,5.04,5.08,-0.04,-0.79,25271.58,12710.8912
000570.SZ,20121011,5.2,5.2,5.06,5.08,5.2,-0.12,-2.31,19185.05,9815.9738
000570.SZ,20121010,5.12,5.22,5.11,5.2,5.14,0.06,1.17,19684.7,10192.3956
000570.SZ,20121009,5.06,5.14,5.06,5.14,5.03,0.11,2.19,11648.74,5964.8108
000570.SZ,20121008,5.06,5.13,5.02,5.03,5.06,-0.03,-0.59,9150.74,4635.1115
000570.SZ,20120928,4.95,5.1,4.9,5.06,4.96,0.1,2.02,9462.46,4747.829
000570.SZ,20120927,4.88,5.01,4.85,4.96,4.87,0.09,1.85,12970.53,6396.6179
000570.SZ,20120926,5.02,5.05,4.86,4.87,5.02,-0.15,-2.99,7219.08,3565.1883
000570.SZ,20120925,5.05,5.08,5.01,5.02,5.05,-0.03,-0.59,4880.01,2462.2468
000570.SZ,20120924,5.05,5.08,4.95,5.05,5.04,0.01,0.2,6969.98,3496.0476
000570.SZ,20120921,5.02,5.12,5.0,5.04,5.02,0.02,0.4,9994.51,5043.5687
000570.SZ,20120920,5.15,5.35,4.99,5.02,5.14,-0.12,-2.33,23029.68,11880.4073
000570.SZ,20120919,5.08,5.16,5.08,5.14,5.11,0.03,0.59,6431.27,3301.012
000570.SZ,20120918,5.1,5.15,5.08,5.11,5.12,-0.01,-0.2,9773.81,5002.2231
000570.SZ,20120917,5.35,5.38,5.11,5.12,5.34,-0.22,-4.12,14635.3,7606.0582
000570.SZ,20120914,5.37,5.45,5.25,5.34,5.33,0.01,0.19,11486.12,6125.9304
000570.SZ,20120913,5.46,5.46,5.32,5.33,5.46,-0.13,-2.38,12346.22,6657.6813
000570.SZ,20120912,5.5,5.54,5.39,5.46,5.45,0.01,0.18,23618.95,12836.085
000570.SZ,20120911,5.37,5.47,5.3,5.45,5.37,0.08,1.49,29192.58,15791.5159
000570.SZ,20120910,5.38,5.47,5.28,5.37,5.37,0.0,0.0,29604.31,15859.6822
000570.SZ,20120907,5.12,5.48,5.11,5.37,5.09,0.28,5.5,39573.1,21054.4074
000570.SZ,20120906,5.07,5.12,5.04,5.09,5.05,0.04,0.79,14179.2,7187.7208
000570.SZ,20120905,5.2,5.2,5.01,5.05,5.22,-0.17,-3.26,21641.34,11004.3594
000570.SZ,20120904,5.39,5.39,5.18,5.22,5.4,-0.18,-3.33,23480.1,12340.5562
000570.SZ,20120903,5.35,5.44,5.28,5.4,5.35,0.05,0.93,8463.71,4545.4516
000570.SZ,20120831,5.28,5.37,5.27,5.35,5.29,0.06,1.13,7094.13,3765.3654
000570.SZ,20120830,5.45,5.45,5.25,5.29,5.4,-0.11,-2.04,7792.62,4159.0728
000570.SZ,20120829,5.45,5.48,5.4,5.4,5.45,-0.05,-0.92,6640.78,3606.9337
000570.SZ,20120828,5.49,5.56,5.31,5.45,5.5,-0.05,-0.91,12556.94,6836.2831
000570.SZ,20120827,5.57,5.65,5.5,5.5,5.59,-0.09,-1.61,8630.06,4791.5579
000570.SZ,20120824,5.75,5.78,5.59,5.59,5.75,-0.16,-2.78,8510.96,4836.0232
000570.SZ,20120823,5.71,5.78,5.67,5.75,5.74,0.01,0.17,11265.05,6453.3832
000570.SZ,20120822,5.82,5.83,5.68,5.74,5.85,-0.11,-1.88,12916.26,7397.2586
000570.SZ,20120821,5.82,5.91,5.78,5.85,5.8,0.05,0.86,11788.53,6871.6971
000570.SZ,20120820,5.81,5.82,5.64,5.8,5.8,0.0,0.0,8378.84,4788.5026
000570.SZ,20120817,5.83,5.9,5.77,5.8,5.83,-0.03,-0.51,4499.48,2622.3814
000570.SZ,20120816,5.78,5.93,5.78,5.83,5.8,0.03,0.52,6222.81,3660.6733
000570.SZ,20120815,6.0,6.0,5.8,5.8,6.02,-0.22,-3.65,11180.91,6601.7002
000570.SZ,20120814,5.98,6.03,5.9,6.02,5.99,0.03,0.5,8369.52,5002.9075
000570.SZ,20120813,6.07,6.19,5.96,5.99,6.06,-0.07,-1.16,17484.49,10596.8675
000570.SZ,20120810,5.99,6.09,5.96,6.06,6.02,0.04,0.66,11167.44,6756.1389
000570.SZ,20120809,6.0,6.07,5.93,6.02,6.0,0.02,0.33,13417.67,8070.2025
000570.SZ,20120808,5.99,6.11,5.9,6.0,5.9,0.1,1.69,21361.73,12920.9439
000570.SZ,20120807,5.72,5.9,5.72,5.9,5.73,0.17,2.97,19007.22,11131.637
000570.SZ,20120806,5.65,5.79,5.58,5.73,5.66,0.07,1.24,11170.62,6363.5937
000570.SZ,20120803,5.58,5.67,5.55,5.66,5.58,0.08,1.43,5574.9,3126.5583
000570.SZ,20120802,5.62,5.69,5.56,5.58,5.68,-0.1,-1.76,5970.51,3356.6447
000570.SZ,20120801,5.56,5.75,5.56,5.68,5.55,0.13,2.34,6416.27,3628.9565
000570.SZ,20120731,5.71,5.71,5.51,5.55,5.66,-0.11,-1.94,7992.25,4471.0541
000570.SZ,20120730,5.75,5.85,5.63,5.66,5.71,-0.05,-0.88,8310.41,4747.0911
000570.SZ,20120727,5.73,5.81,5.67,5.71,5.75,-0.04,-0.7,9156.94,5238.2372
000570.SZ,20120726,5.56,5.77,5.51,5.75,5.6,0.15,2.68,18187.19,10284.4619
000570.SZ,20120725,5.68,5.79,5.6,5.6,5.68,-0.08,-1.41,10297.91,5875.3949
000570.SZ,20120724,5.58,5.71,5.56,5.68,5.58,0.1,1.79,8357.9,4741.1444
000570.SZ,20120723,5.63,5.68,5.54,5.58,5.68,-0.1,-1.76,7660.15,4292.2477
000570.SZ,20120720,5.7,5.77,5.63,5.68,5.75,-0.07,-1.22,11091.68,6306.547
000570.SZ,20120719,5.64,5.78,5.57,5.75,5.64,0.11,1.95,14622.89,8350.4091
000570.SZ,20120718,5.59,5.68,5.47,5.64,5.6,0.04,0.71,11902.71,6628.9554
000570.SZ,20120717,5.57,5.69,5.47,5.6,5.58,0.02,0.36,12500.99,7007.679
000570.SZ,20120716,6.09,6.09,5.58,5.58,6.1,-0.52,-8.52,25899.9,15029.1906
000570.SZ,20120713,6.19,6.19,6.06,6.1,6.18,-0.08,-1.29,12059.92,7366.3443
000570.SZ,20120712,6.17,6.2,6.02,6.18,6.17,0.01,0.16,16862.6,10309.4122
000570.SZ,20120711,6.15,6.2,6.06,6.17,6.17,0.0,0.0,9327.4,5734.8103
000570.SZ,20120710,6.17,6.24,5.93,6.17,6.17,0.0,0.0,19007.94,11668.0317
000570.SZ,20120709,6.31,6.37,6.16,6.17,6.31,-0.14,-2.22,14562.0,9142.9502
000570.SZ,20120706,6.17,6.38,6.09,6.31,6.15,0.16,2.6,12357.32,7678.5839
000570.SZ,20120705,6.36,6.38,6.11,6.15,6.35,-0.2,-3.15,13500.06,8375.4867
000570.SZ,20120704,6.31,6.39,6.21,6.35,6.31,0.04,0.63,17211.29,10853.5381
000570.SZ,20120703,6.26,6.45,6.26,6.31,6.3,0.01,0.16,17052.63,10844.3937
000570.SZ,20120702,6.15,6.37,6.15,6.3,6.19,0.11,1.78,12280.88,7740.8741
000570.SZ,20120629,6.1,6.19,6.0,6.19,6.11,0.08,1.31,11750.34,7176.7962
000570.SZ,20120628,6.32,6.38,6.11,6.11,6.25,-0.14,-2.24,15396.17,9529.0869
000570.SZ,20120627,6.27,6.4,6.22,6.25,6.29,-0.04,-0.64,11024.38,6977.9496
000570.SZ,20120626,6.38,6.45,6.16,6.29,6.38,-0.09,-1.41,15674.66,9916.728
000570.SZ,20120625,6.56,6.6,6.36,6.38,6.55,-0.17,-2.6,16416.09,10600.6387
000570.SZ,20120621,6.69,6.73,6.54,6.55,6.69,-0.14,-2.09,16539.13,10903.0533
000570.SZ,20120620,6.75,6.82,6.66,6.69,6.77,-0.08,-1.18,19946.33,13383.7545
000570.SZ,20120619,6.84,6.98,6.75,6.77,6.85,-0.08,-1.17,41213.74,28356.6678
000570.SZ,20120618,6.56,6.89,6.56,6.85,6.56,0.29,4.42,28608.2,19259.8706
000570.SZ,20120615,6.7,6.7,6.48,6.56,6.66,-0.1,-1.5,26046.61,17083.3359
000570.SZ,20120614,6.78,6.79,6.61,6.66,6.78,-0.12,-1.77,24255.63,16206.1029
000570.SZ,20120613,6.76,6.86,6.72,6.78,6.74,0.04,0.59,27844.44,18892.2969
000570.SZ,20120612,6.72,6.81,6.7,6.76,6.81,-0.05,-0.73,18873.73,12775.6582
000570.SZ,20120611,6.84,6.86,6.71,6.81,6.74,0.07,1.04,39136.73,26638.2801
000570.SZ,20120608,6.58,6.75,6.51,6.74,6.54,0.2,3.06,30385.39,20143.6606
000570.SZ,20120607,6.58,6.66,6.46,6.54,6.51,0.03,0.46,29535.71,19391.2802
000570.SZ,20120606,6.42,6.61,6.42,6.51,6.48,0.03,0.46,22136.23,14450.5425
000570.SZ,20120605,6.55,6.56,6.45,6.48,6.51,-0.03,-0.46,27678.46,18012.5115
000570.SZ,20120604,6.6,6.78,6.51,6.51,6.72,-0.21,-3.13,36359.02,24147.7668
000570.SZ,20120601,6.81,6.84,6.66,6.72,6.81,-0.09,-1.32,32765.6,22074.4793
000570.SZ,20120531,6.73,6.96,6.65,6.81,6.79,0.02,0.29,50354.15,34137.0831
000570.SZ,20120530,6.81,7.08,6.75,6.79,6.86,-0.07,-1.02,51701.26,35743.3984
000570.SZ,20120529,6.9,7.11,6.8,6.86,6.98,-0.12,-1.72,101203.01,70155.8419
000570.SZ,20120528,6.69,6.98,6.5,6.98,6.69,0.29,4.33,111264.7,75185.0828
000570.SZ,20120525,6.44,6.9,6.35,6.69,6.43,0.26,4.04,134518.13,89965.2098
000570.SZ,20120524,6.22,6.45,6.2,6.43,6.31,0.12,1.9,46117.02,29448.4195
000570.SZ,20120522,6.23,6.31,6.21,6.31,6.24,0.07,1.12,17318.44,10879.3363
000570.SZ,20120521,6.15,6.36,6.15,6.24,6.15,0.09,1.46,24237.65,15139.1456
000570.SZ,20120518,6.34,6.34,6.11,6.15,6.35,-0.2,-3.15,27606.23,17193.8925
000570.SZ,20120517,6.34,6.4,6.24,6.35,6.34,0.01,0.16,28114.01,17749.3432
000570.SZ,20120516,6.44,6.51,6.32,6.34,6.45,-0.11,-1.71,45423.22,29069.5066
000570.SZ,20120515,6.16,6.45,6.1,6.45,6.28,0.17,2.71,72781.7,46139.3287
000570.SZ,20120514,6.35,6.52,6.24,6.28,6.2,0.08,1.29,60960.14,39055.6951
000570.SZ,20120511,6.12,6.33,6.06,6.2,6.11,0.09,1.47,30275.21,18903.5298
000570.SZ,20120510,6.06,6.2,6.06,6.11,6.06,0.05,0.83,18016.32,11056.4341
000570.SZ,20120509,6.26,6.26,6.06,6.06,6.26,-0.2,-3.19,32466.18,19985.9963
000570.SZ,20120508,6.21,6.35,6.21,6.26,6.27,-0.01,-0.16,24508.99,15415.174
000570.SZ,20120507,6.35,6.35,6.2,6.27,6.35,-0.08,-1.26,28576.64,17884.4234
000570.SZ,20120504,6.33,6.35,6.22,6.35,6.34,0.01,0.16,32978.18,20711.1283
000570.SZ,20120503,6.38,6.47,6.33,6.34,6.37,-0.03,-0.47,43607.69,27910.0551
000570.SZ,20120502,6.5,6.58,6.3,6.37,6.44,-0.07,-1.09,65471.82,41857.8041
000570.SZ,20120427,6.19,6.46,6.18,6.44,6.18,0.26,4.21,75716.32,47928.9283
000570.SZ,20120426,6.2,6.29,6.13,6.18,6.24,-0.06,-0.96,34025.82,21041.1026
000570.SZ,20120425,6.06,6.37,6.02,6.24,6.05,0.19,3.14,63560.49,39649.9904
000570.SZ,20120424,6.04,6.12,5.88,6.05,6.07,-0.02,-0.33,33390.38,20022.0622
000570.SZ,20120423,6.16,6.18,6.03,6.07,6.17,-0.1,-1.62,28008.37,17045.4491
000570.SZ,20120420,6.15,6.22,6.09,6.17,6.14,0.03,0.49,38326.13,23586.0337
000570.SZ,20120419,6.14,6.17,6.05,6.14,6.14,0.0,0.0,33295.63,20359.536
000570.SZ,20120418,6.05,6.18,5.98,6.14,6.03,0.11,1.82,41531.34,25350.1976
000570.SZ,20120417,6.07,6.19,6.02,6.03,6.08,-0.05,-0.82,38825.41,23694.9271
000570.SZ,20120416,6.03,6.17,5.95,6.08,6.04,0.04,0.66,40299.98,24503.0337
000570.SZ,20120413,6.13,6.14,6.01,6.04,6.23,-0.19,-3.05,87189.06,52943.4927
000570.SZ,20120412,5.73,6.23,5.73,6.23,5.66,0.57,10.07,159302.59,98517.6582
000570.SZ,20120411,5.58,5.66,5.52,5.66,5.6,0.06,1.07,15425.16,8636.4041
000570.SZ,20120410,5.54,5.6,5.31,5.6,5.54,0.06,1.08,15997.65,8776.1983
000570.SZ,20120409,5.46,5.59,5.46,5.54,5.55,-0.01,-0.18,11555.15,6408.8693
000570.SZ,20120406,5.46,5.55,5.41,5.55,5.47,0.08,1.46,14603.1,8027.9552
000570.SZ,20120405,5.29,5.48,5.29,5.47,5.29,0.18,3.4,14568.71,7859.4273
000570.SZ,20120330,5.3,5.38,5.21,5.29,5.28,0.01,0.19,13121.27,6938.3155
000570.SZ,20120329,5.41,5.46,5.2,5.28,5.47,-0.19,-3.47,23051.81,12276.6763
000570.SZ,20120328,5.81,5.85,5.28,5.47,5.87,-0.4,-6.81,27144.4,15260.7635
000570.SZ,20120327,5.91,5.98,5.85,5.87,5.93,-0.06,-1.01,10675.07,6311.477
000570.SZ,20120326,5.8,5.97,5.79,5.93,5.8,0.13,2.24,17141.68,10076.1035
000570.SZ,20120323,5.98,6.01,5.78,5.8,5.97,-0.17,-2.85,17466.94,10255.6329
000570.SZ,20120322,6.02,6.05,5.9,5.97,6.04,-0.07,-1.16,18593.38,11134.064
000570.SZ,20120321,6.0,6.07,5.86,6.04,6.01,0.03,0.5,24856.31,14894.4932
000570.SZ,20120320,6.1,6.15,6.0,6.01,6.23,-0.22,-3.53,44548.94,26956.5856
000570.SZ,20120319,5.79,6.36,5.79,6.23,5.78,0.45,7.79,121087.65,75734.7022
000570.SZ,20120316,5.7,5.78,5.66,5.78,5.7,0.08,1.4,25334.34,14540.7169
000570.SZ,20120315,5.85,5.93,5.65,5.7,5.9,-0.2,-3.39,42904.74,24653.8502
000570.SZ,20120314,6.38,6.42,5.86,5.9,6.35,-0.45,-7.09,76198.46,46728.983
000570.SZ,20120313,6.28,6.36,6.2,6.35,6.27,0.08,1.28,33198.43,20913.871
000570.SZ,20120312,6.37,6.4,6.2,6.27,6.37,-0.1,-1.57,35230.52,22099.9807
000570.SZ,20120309,6.29,6.39,6.22,6.37,6.29,0.08,1.27,35504.73,22352.0984
000570.SZ,20120308,6.27,6.42,6.25,6.29,6.27,0.02,0.32,46906.81,29745.7758
000570.SZ,20120307,6.06,6.34,6.02,6.27,6.11,0.16,2.62,60395.68,37715.4573
000570.SZ,20120306,6.15,6.15,6.04,6.11,6.17,-0.06,-0.97,30241.44,18415.687
000570.SZ,20120305,6.16,6.27,6.14,6.17,6.16,0.01,0.16,30391.74,18831.615
000570.SZ,20120302,6.14,6.18,6.08,6.16,6.09,0.07,1.15,32661.15,20019.4624
000570.SZ,20120301,5.93,6.11,5.93,6.09,6.03,0.06,1.0,38146.25,22995.3304
000570.SZ,20120229,6.12,6.19,6.02,6.03,6.11,-0.08,-1.31,45330.83,27586.0939
000570.SZ,20120228,6.3,6.37,6.09,6.11,6.27,-0.16,-2.55,68335.84,42268.212
000570.SZ,20120227,6.26,6.48,6.25,6.27,6.28,-0.01,-0.16,75611.49,47970.8684
000570.SZ,20120224,6.3,6.32,6.2,6.28,6.33,-0.05,-0.79,65177.95,40731.4345
000570.SZ,20120223,6.25,6.44,6.2,6.33,6.27,0.06,0.96,74511.48,47106.3139
000570.SZ,20120222,6.25,6.4,6.23,6.27,6.28,-0.01,-0.16,94743.74,59622.7304
000570.SZ,20120221,6.25,6.3,6.1,6.28,6.32,-0.04,-0.63,73876.87,45909.4012
000570.SZ,20120220,6.28,6.36,6.21,6.32,6.39,-0.07,-1.1,107008.42,67195.2145
000570.SZ,20120217,6.5,6.56,6.13,6.39,6.04,0.35,5.79,237883.72,149646.7982
000570.SZ,20120216,5.49,6.04,5.45,6.04,5.49,0.55,10.02,111458.82,66797.7691
000570.SZ,20120215,5.43,5.49,5.35,5.49,5.43,0.06,1.11,31139.44,16913.8402
000570.SZ,20120214,5.32,5.45,5.29,5.43,5.32,0.11,2.07,39633.09,21334.4096
000570.SZ,20120213,5.2,5.37,5.16,5.32,5.26,0.06,1.14,27322.85,14442.4623
000570.SZ,20120210,5.27,5.31,5.21,5.26,5.26,0.0,0.0,21003.3,11052.9841
000570.SZ,20120209,5.23,5.34,5.22,5.26,5.26,0.0,0.0,23494.12,12418.887
000570.SZ,20120208,5.15,5.26,5.15,5.26,5.15,0.11,2.14,18638.87,9723.4801
000570.SZ,20120207,5.18,5.24,5.13,5.15,5.22,-0.07,-1.34,19307.9,10019.2665
000570.SZ,20120206,5.23,5.24,5.15,5.22,5.2,0.02,0.38,20946.82,10887.793
000570.SZ,20120203,5.12,5.24,5.11,5.2,5.13,0.07,1.36,23292.6,12107.0035
000570.SZ,20120202,5.05,5.14,5.04,5.13,5.0,0.13,2.6,17243.46,8802.9885
000570.SZ,20120201,5.0,5.07,4.97,5.0,5.0,0.0,0.0,6942.94,3484.9725
000570.SZ,20120131,5.05,5.07,4.93,5.0,5.08,-0.08,-1.57,9600.97,4791.9839
000570.SZ,20120130,5.1,5.13,5.02,5.08,5.07,0.01,0.2,12701.33,6445.1464
000570.SZ,20120120,5.04,5.11,5.0,5.07,5.01,0.06,1.2,12054.12,6093.2849
000570.SZ,20120119,5.04,5.12,5.0,5.01,5.05,-0.04,-0.79,14534.79,7369.4591
000570.SZ,20120118,5.1,5.23,5.01,5.05,5.15,-0.1,-1.94,22049.05,11296.2656
000570.SZ,20120117,4.91,5.17,4.79,5.15,4.95,0.2,4.04,31344.53,15736.2229
000570.SZ,20120116,5.0,5.05,4.9,4.95,5.04,-0.09,-1.79,11801.25,5859.5322
000570.SZ,20120113,5.16,5.18,4.98,5.04,5.16,-0.12,-2.33,13500.57,6822.8358
000570.SZ,20120112,5.11,5.2,5.08,5.16,5.12,0.04,0.78,14876.11,7666.6995
000570.SZ,20120111,5.26,5.26,5.07,5.12,5.23,-0.11,-2.1,27313.87,14085.1791
000570.SZ,20120110,4.83,5.3,4.82,5.23,4.82,0.41,8.51,39279.41,20021.7505
000570.SZ,20120109,4.62,4.82,4.62,4.82,4.63,0.19,4.1,13230.9,6281.0352
000570.SZ,20120106,4.63,4.63,4.54,4.63,4.59,0.04,0.87,7724.22,3544.729
000570.SZ,20120105,4.86,4.88,4.56,4.59,4.85,-0.26,-5.36,14149.44,6628.1791
000570.SZ,20120104,5.1,5.1,4.85,4.85,5.05,-0.2,-3.96,9788.51,4886.735
000570.SZ,20111230,5.0,5.08,5.0,5.05,5.0,0.05,1.0,12633.79,6364.481
000570.SZ,20111229,4.99,5.1,4.96,5.0,5.07,-0.07,-1.38,16001.32,8054.7186
000570.SZ,20111228,4.9,5.08,4.71,5.07,5.05,0.02,0.4,20706.05,10158.3142
000570.SZ,20111227,4.95,5.37,4.94,5.05,4.88,0.17,3.48,35181.81,18038.5622
000570.SZ,20111226,4.91,4.98,4.86,4.88,4.89,-0.01,-0.2,6710.0,3300.579
000570.SZ,20111223,4.77,4.96,4.77,4.89,4.82,0.07,1.45,6750.81,3293.7974
000570.SZ,20111222,4.92,4.92,4.68,4.82,4.93,-0.11,-2.23,7777.74,3721.5718
000570.SZ,20111221,5.14,5.14,4.91,4.93,5.08,-0.15,-2.95,9599.99,4843.8213
000570.SZ,20111220,5.07,5.13,5.01,5.08,5.08,0.0,0.0,6458.29,3290.4644
000570.SZ,20111219,5.01,5.09,4.95,5.08,5.07,0.01,0.2,8864.1,4420.1958
000570.SZ,20111216,4.9,5.07,4.85,5.07,4.9,0.17,3.47,11223.63,5573.646
000570.SZ,20111215,5.06,5.06,4.89,4.9,5.08,-0.18,-3.54,14723.41,7282.8088
000570.SZ,20111214,5.2,5.2,5.05,5.08,5.16,-0.08,-1.55,7501.39,3851.073
000570.SZ,20111213,5.3,5.36,5.15,5.16,5.34,-0.18,-3.37,13741.89,7191.3229
000570.SZ,20111212,5.39,5.42,5.32,5.34,5.34,0.0,0.0,5288.75,2838.9356
000570.SZ,20111209,5.41,5.46,5.33,5.34,5.42,-0.08,-1.48,7619.52,4093.4262
000570.SZ,20111208,5.48,5.49,5.33,5.42,5.48,-0.06,-1.09,11666.14,6312.782
000570.SZ,20111207,5.46,5.5,5.41,5.48,5.45,0.03,0.55,9160.5,5005.0814
000570.SZ,20111206,5.36,5.46,5.36,5.45,5.4,0.05,0.93,9564.95,5189.5571
000570.SZ,20111205,5.7,5.7,5.4,5.4,5.68,-0.28,-4.93,16241.79,8957.8959
000570.SZ,20111202,5.92,5.92,5.67,5.68,5.93,-0.25,-4.22,21700.05,12489.9965
000570.SZ,20111201,6.05,6.06,5.91,5.93,5.86,0.07,1.19,29939.76,17947.3249
000570.SZ,20111130,6.09,6.16,5.78,5.86,6.07,-0.21,-3.46,18718.68,11229.7054
000570.SZ,20111129,6.02,6.07,6.01,6.07,5.97,0.1,1.68,8605.98,5202.8428
000570.SZ,20111128,5.98,6.05,5.95,5.97,5.93,0.04,0.67,7338.39,4393.6644
000570.SZ,20111125,6.0,6.08,5.92,5.93,6.02,-0.09,-1.5,7623.24,4565.885
000570.SZ,20111124,5.98,6.07,5.92,6.02,6.06,-0.04,-0.66,8833.11,5291.2002
000570.SZ,20111123,6.1,6.19,6.05,6.06,6.16,-0.1,-1.62,9678.72,5889.3009
000570.SZ,20111122,6.01,6.2,6.0,6.16,6.08,0.08,1.32,13656.3,8364.8906
000570.SZ,20111121,6.08,6.15,6.0,6.08,6.11,-0.03,-0.49,10069.68,6119.0337
000570.SZ,20111118,6.23,6.33,6.08,6.11,6.23,-0.12,-1.93,28590.54,17789.9316
000570.SZ,20111117,6.28,6.35,6.23,6.23,6.28,-0.05,-0.8,10486.99,6586.6429
000570.SZ,20111116,6.49,6.55,6.23,6.28,6.51,-0.23,-3.53,20320.91,12946.2054
000570.SZ,20111115,6.4,6.52,6.34,6.51,6.39,0.12,1.88,28748.12,18564.081
000570.SZ,20111114,6.28,6.4,6.28,6.39,6.24,0.15,2.4,22120.16,14055.4998
000570.SZ,20111111,6.25,6.29,6.21,6.24,6.23,0.01,0.16,13006.8,8124.9242
000570.SZ,20111110,6.26,6.3,6.23,6.23,6.37,-0.14,-2.2,15361.88,9622.9136
000570.SZ,20111109,6.35,6.38,6.23,6.37,6.3,0.07,1.11,23413.58,14736.0211
000570.SZ,20111108,6.39,6.46,6.27,6.3,6.4,-0.1,-1.56,19214.96,12222.6513
000570.SZ,20111107,6.45,6.55,6.4,6.4,6.45,-0.05,-0.78,25106.37,16240.4355
000570.SZ,20111104,6.44,6.5,6.38,6.45,6.43,0.02,0.31,22403.27,14426.1486
000570.SZ,20111103,6.44,6.52,6.4,6.43,6.4,0.03,0.47,34212.08,22132.7836
000570.SZ,20111102,6.37,6.44,6.21,6.4,6.44,-0.04,-0.62,32698.25,20680.9188
000570.SZ,20111101,6.53,6.56,6.4,6.44,6.58,-0.14,-2.13,31357.11,20284.3454
000570.SZ,20111031,6.28,6.63,6.22,6.58,6.28,0.3,4.78,68207.82,44048.2463
000570.SZ,20111028,6.23,6.31,6.15,6.28,6.12,0.16,2.61,32232.88,20065.6948
000570.SZ,20111027,6.09,6.23,6.08,6.12,6.08,0.04,0.66,14434.88,8874.4737
000570.SZ,20111026,6.01,6.18,6.0,6.08,6.09,-0.01,-0.16,20626.54,12586.7249
000570.SZ,20111025,5.94,6.09,5.87,6.09,5.92,0.17,2.87,17698.91,10601.2802
000570.SZ,20111024,5.84,5.96,5.79,5.92,5.84,0.08,1.37,13464.11,7931.7606
000570.SZ,20111021,6.0,6.02,5.84,5.84,5.95,-0.11,-1.85,9375.9,5563.0087
000570.SZ,20111020,6.19,6.2,5.94,5.95,6.2,-0.25,-4.03,14391.99,8675.806
000570.SZ,20111019,6.22,6.26,6.17,6.2,6.2,0.0,0.0,7845.86,4866.936
000570.SZ,20111018,6.38,6.39,6.17,6.2,6.4,-0.2,-3.13,14404.94,9004.4718
000570.SZ,20111017,6.37,6.49,6.36,6.4,6.39,0.01,0.16,11649.56,7479.8813
000570.SZ,20111014,6.4,6.45,6.34,6.39,6.42,-0.03,-0.47,13005.2,8293.6643
000570.SZ,20111013,6.34,6.49,6.34,6.42,6.35,0.07,1.1,25828.42,16627.616
000570.SZ,20111012,6.18,6.38,6.13,6.35,6.18,0.17,2.75,20463.84,12919.9949
000570.SZ,20111011,6.33,6.4,6.13,6.18,6.19,-0.01,-0.16,15043.98,9421.6956
000570.SZ,20111010,6.2,6.3,6.17,6.19,6.2,-0.01,-0.16,10882.16,6771.6592
000570.SZ,20110930,6.23,6.31,6.11,6.2,6.25,-0.05,-0.8,14925.13,9261.9701
000570.SZ,20110929,6.5,6.56,6.23,6.25,6.6,-0.35,-5.3,38843.32,24765.1815
000570.SZ,20110928,6.93,7.0,6.6,6.6,6.92,-0.32,-4.62,53945.47,36705.5495
000570.SZ,20110927,7.01,7.23,6.88,6.92,6.98,-0.06,-0.86,81397.19,56846.397
000570.SZ,20110926,7.01,7.16,6.86,6.98,7.16,-0.18,-2.51,115069.68,80645.319
000570.SZ,20110923,6.54,7.26,6.48,7.16,6.6,0.56,8.48,117495.46,82117.5692
000570.SZ,20110922,6.61,6.64,6.54,6.6,6.68,-0.08,-1.2,23542.45,15527.6635
000570.SZ,20110921,6.47,6.7,6.46,6.68,6.5,0.18,2.77,20618.05,13645.0151
000570.SZ,20110920,6.46,6.55,6.45,6.5,6.47,0.03,0.46,10983.08,7134.6753
000570.SZ,20110919,6.61,6.61,6.46,6.47,6.63,-0.16,-2.41,12906.96,8409.8993
000570.SZ,20110916,6.7,6.76,6.61,6.63,6.69,-0.06,-0.9,12426.62,8290.9814
000570.SZ,20110915,6.72,6.77,6.6,6.69,6.73,-0.04,-0.59,15869.41,10670.11
000570.SZ,20110914,6.73,6.87,6.61,6.73,6.54,0.19,2.91,27364.19,18439.7251
000570.SZ,20110913,6.48,6.55,6.46,6.54,6.65,-0.11,-1.65,11567.02,7524.4553
000570.SZ,20110909,6.57,6.85,6.57,6.65,6.55,0.1,1.53,24697.56,16601.2927
000570.SZ,20110908,6.71,6.72,6.55,6.55,6.67,-0.12,-1.8,10733.46,7139.0893
000570.SZ,20110907,6.59,6.67,6.55,6.67,6.53,0.14,2.14,16593.31,10986.6834
000570.SZ,20110906,6.56,6.65,6.49,6.53,6.59,-0.06,-0.91,11940.23,7828.8368
000570.SZ,20110905,6.62,6.69,6.55,6.59,6.73,-0.14,-2.08,16080.4,10607.2715
000570.SZ,20110902,6.95,6.96,6.69,6.73,7.06,-0.33,-4.67,38055.57,25861.6906
000570.SZ,20110901,7.25,7.33,7.02,7.06,7.15,-0.09,-1.26,69485.69,49948.4072
000570.SZ,20110831,6.98,7.15,6.9,7.15,6.94,0.21,3.03,54535.62,38674.1473
000570.SZ,20110830,7.1,7.15,6.93,6.94,7.07,-0.13,-1.84,33946.25,23908.404
000570.SZ,20110829,7.03,7.12,6.98,7.07,7.06,0.01,0.14,27659.69,19546.618
000570.SZ,20110826,6.96,7.08,6.93,7.06,6.98,0.08,1.15,24539.72,17248.2389
000570.SZ,20110825,6.85,7.05,6.78,6.98,6.82,0.16,2.35,29704.46,20615.4785
000570.SZ,20110824,6.86,6.98,6.77,6.82,6.87,-0.05,-0.73,23162.34,15955.1055
000570.SZ,20110823,6.84,6.93,6.76,6.87,6.74,0.13,1.93,17225.94,11803.8068
000570.SZ,20110822,6.75,6.84,6.69,6.74,6.7,0.04,0.6,17037.7,11514.6343
000570.SZ,20110819,6.63,6.71,6.61,6.7,6.8,-0.1,-1.47,14864.67,9881.1325
000570.SZ,20110818,6.96,6.98,6.78,6.8,6.96,-0.16,-2.3,18132.65,12420.2514
000570.SZ,20110817,7.0,7.04,6.91,6.96,7.0,-0.04,-0.57,16545.71,11536.2013
000570.SZ,20110816,7.1,7.12,6.97,7.0,7.1,-0.1,-1.41,19933.52,14041.8225
000570.SZ,20110815,7.01,7.12,7.0,7.1,7.01,0.09,1.28,20928.94,14789.3641
000570.SZ,20110812,7.0,7.06,6.93,7.01,6.92,0.09,1.3,26187.99,18316.1116
000570.SZ,20110811,6.61,6.99,6.61,6.92,6.85,0.07,1.02,23552.25,16115.3544
000570.SZ,20110810,6.9,7.08,6.8,6.85,6.71,0.14,2.09,33037.45,22973.3361
000570.SZ,20110809,6.61,6.79,6.4,6.71,6.88,-0.17,-2.47,26873.93,17755.3438
000570.SZ,20110808,7.21,7.21,6.58,6.88,7.3,-0.42,-5.75,38248.25,26468.5036
000570.SZ,20110805,7.32,7.4,7.21,7.3,7.56,-0.26,-3.44,20763.7,15184.3384
000570.SZ,20110804,7.5,7.63,7.49,7.56,7.52,0.04,0.53,13230.27,10012.12
000570.SZ,20110803,7.46,7.57,7.44,7.52,7.51,0.01,0.13,13207.0,9912.9401
000570.SZ,20110802,7.59,7.59,7.42,7.51,7.58,-0.07,-0.92,15225.91,11377.2679
000570.SZ,20110801,7.54,7.63,7.52,7.58,7.54,0.04,0.53,12539.43,9494.654
000570.SZ,20110729,7.61,7.71,7.5,7.54,7.67,-0.13,-1.69,19440.94,14740.7525
000570.SZ,20110728,7.7,7.74,7.56,7.67,7.81,-0.14,-1.79,22747.26,17385.7314
000570.SZ,20110727,7.74,7.89,7.62,7.81,7.69,0.12,1.56,32976.66,25681.3366
000570.SZ,20110726,7.67,7.76,7.56,7.69,7.67,0.02,0.26,15844.89,12115.6144
000570.SZ,20110725,8.07,8.1,7.6,7.67,8.12,-0.45,-5.54,30237.38,23591.0483
000570.SZ,20110722,8.09,8.12,8.0,8.12,8.08,0.04,0.5,23638.83,19047.1958
000570.SZ,20110721,8.09,8.16,8.05,8.08,8.14,-0.06,-0.74,27857.24,22603.289
000570.SZ,20110720,8.1,8.16,8.03,8.14,8.09,0.05,0.62,23708.69,19194.7648
000570.SZ,20110719,8.16,8.22,8.03,8.09,8.14,-0.05,-0.61,30408.37,24673.1302
000570.SZ,20110718,8.13,8.19,8.11,8.14,8.13,0.01,0.12,31561.02,25706.5468
000570.SZ,20110715,8.08,8.19,8.05,8.13,8.09,0.04,0.49,40423.85,32867.5443
000570.SZ,20110714,8.02,8.1,7.98,8.09,8.01,0.08,1.0,35349.81,28440.6172
000570.SZ,20110713,7.93,8.02,7.89,8.01,7.88,0.13,1.65,24028.89,19154.7437
000570.SZ,20110712,8.01,8.02,7.87,7.88,8.09,-0.21,-2.6,28359.7,22512.9289
000570.SZ,20110711,8.04,8.14,7.95,8.09,8.06,0.03,0.37,36140.62,29108.8667
000570.SZ,20110708,8.1,8.11,7.96,8.06,8.12,-0.06,-0.74,30338.3,24392.3861
000570.SZ,20110707,8.04,8.4,8.02,8.12,8.04,0.08,1.0,69631.83,57211.1412
000570.SZ,20110706,8.05,8.08,7.99,8.04,8.07,-0.03,-0.37,28354.72,22758.6123
000570.SZ,20110705,8.13,8.13,7.98,8.07,8.07,0.0,0.0,36025.89,29008.9661
000570.SZ,20110704,7.89,8.09,7.85,8.07,7.86,0.21,2.67,50749.88,40515.9648
000570.SZ,20110701,7.86,7.89,7.81,7.86,7.85,0.01,0.13,25849.07,20325.6013
000570.SZ,20110630,7.74,7.9,7.7,7.85,7.74,0.11,1.42,22850.86,17887.6154
000570.SZ,20110629,7.81,7.87,7.73,7.74,7.83,-0.09,-1.15,21280.15,16586.8012
000570.SZ,20110628,7.89,7.9,7.77,7.83,7.87,-0.04,-0.51,24490.67,19134.829
000570.SZ,20110627,7.79,7.94,7.78,7.87,7.78,0.09,1.16,31152.09,24526.3301
000570.SZ,20110624,7.59,7.85,7.58,7.78,7.62,0.16,2.1,34417.02,26676.8482
000570.SZ,20110623,7.54,7.66,7.35,7.62,7.55,0.07,0.93,20122.74,15156.1621
000570.SZ,20110622,7.62,7.62,7.53,7.55,7.59,-0.04,-0.53,10097.14,7642.5093
000570.SZ,20110621,7.58,7.61,7.49,7.59,7.54,0.05,0.66,15520.82,11715.0512
000570.SZ,20110620,7.5,7.6,7.42,7.54,7.53,0.01,0.13,17526.56,13108.0196
000570.SZ,20110617,7.65,7.72,7.51,7.53,7.68,-0.15,-1.95,19312.0,14739.6061
000570.SZ,20110616,7.8,7.83,7.65,7.68,7.89,-0.21,-2.66,27589.37,21321.2844
000570.SZ,20110615,8.0,8.04,7.88,7.89,8.05,-0.16,-1.99,24625.73,19587.5502
000570.SZ,20110614,7.99,8.08,7.89,8.05,7.95,0.1,1.26,39290.92,31502.4034
000570.SZ,20110613,7.88,7.98,7.69,7.95,8.0,-0.05,-0.63,19487.89,15311.6645
000570.SZ,20110610,7.95,8.05,7.84,8.0,8.0,0.0,0.0,36865.11,29406.9715
000570.SZ,20110609,7.98,8.05,7.8,8.0,7.99,0.01,0.13,39634.09,31538.8984
000570.SZ,20110608,7.88,7.99,7.73,7.99,7.93,0.06,0.76,31815.59,25069.5405
000570.SZ,20110607,7.87,7.95,7.86,7.93,7.86,0.07,0.89,22602.06,17889.1155
000570.SZ,20110603,7.75,7.91,7.75,7.86,7.76,0.1,1.29,27550.3,21615.3658
000570.SZ,20110602,7.86,7.86,7.68,7.76,7.95,-0.19,-2.39,30620.92,23717.2211
000570.SZ,20110601,7.97,8.02,7.86,7.95,8.03,-0.08,-1.0,41001.07,32552.9749
000570.SZ,20110531,7.73,8.13,7.72,8.03,7.77,0.26,3.35,41658.66,33241.5467
000570.SZ,20110530,7.75,8.04,7.66,7.77,7.9,-0.13,-1.65,42103.49,32875.788
000570.SZ,20110527,8.53,8.53,7.65,7.9,8.5,-0.6,-7.06,86463.7,69108.7988
000570.SZ,20110526,8.87,9.03,8.5,8.5,8.86,-0.36,-4.06,63119.75,54902.7292
000570.SZ,20110525,8.86,9.04,8.77,8.86,8.84,0.02,0.23,55639.28,49430.9064
000570.SZ,20110524,9.16,9.25,8.69,8.84,9.25,-0.41,-4.43,75990.2,67376.704
000570.SZ,20110523,9.14,9.53,9.08,9.25,9.2,0.05,0.54,123962.19,115570.3535
000570.SZ,20110520,9.3,9.34,9.05,9.2,9.34,-0.14,-1.5,72134.95,66169.9289
000570.SZ,20110519,9.28,9.5,9.27,9.34,9.62,-0.28,-2.91,113725.67,106426.2722
000570.SZ,20110518,9.88,9.9,9.35,9.62,9.54,0.08,0.84,298080.29,288286.224
000570.SZ,20110517,8.8,9.54,8.8,9.54,8.67,0.87,10.03,177752.57,166768.5238
000570.SZ,20110516,8.72,8.74,8.6,8.67,8.69,-0.02,-0.23,25013.06,21678.8069
000570.SZ,20110513,8.5,8.74,8.5,8.69,8.6,0.09,1.05,20306.67,17546.1787
000570.SZ,20110512,8.68,8.82,8.57,8.6,8.77,-0.17,-1.94,26272.76,22871.3955
000570.SZ,20110511,8.86,8.94,8.71,8.77,8.95,-0.18,-2.01,39499.92,34761.9563
000570.SZ,20110510,8.82,9.06,8.74,8.95,8.83,0.12,1.36,73218.44,65182.3061
000570.SZ,20110509,8.59,8.88,8.59,8.83,8.64,0.19,2.2,29053.49,25368.4382
000570.SZ,20110506,8.51,8.73,8.42,8.64,8.56,0.08,0.93,26884.48,23120.0902
000570.SZ,20110505,8.6,8.68,8.37,8.56,8.6,-0.04,-0.47,35630.82,30382.328
000570.SZ,20110504,8.91,8.96,8.53,8.6,8.97,-0.37,-4.12,29534.74,25762.3509
000570.SZ,20110503,8.82,8.98,8.82,8.97,8.89,0.08,0.9,18268.24,16304.9778
000570.SZ,20110429,8.85,8.96,8.82,8.89,8.8,0.09,1.02,19351.21,17216.0806
000570.SZ,20110428,9.24,9.24,8.8,8.8,9.24,-0.44,-4.76,41359.62,37279.8132
000570.SZ,20110427,9.04,9.29,9.01,9.24,9.08,0.16,1.76,79183.62,72524.9483
000570.SZ,20110426,8.86,9.08,8.78,9.08,8.8,0.28,3.18,42352.09,37789.724
000570.SZ,20110425,9.19,9.19,8.8,8.8,9.22,-0.42,-4.56,54998.11,49401.4161
000570.SZ,20110422,9.4,9.4,9.16,9.22,9.42,-0.2,-2.12,64626.32,59698.1848
000570.SZ,20110421,9.35,9.49,9.35,9.42,9.31,0.11,1.18,30144.3,28382.912
000570.SZ,20110419,9.58,9.58,9.3,9.31,9.62,-0.31,-3.22,51358.92,48267.4477
000570.SZ,20110418,9.47,9.62,9.44,9.62,9.52,0.1,1.05,40410.3,38608.6349
000570.SZ,20110415,9.5,9.59,9.41,9.52,9.5,0.02,0.21,46361.42,43960.0728
000570.SZ,20110414,9.66,9.71,9.47,9.5,9.68,-0.18,-1.86,52784.97,50596.736
000570.SZ,20110413,9.53,9.68,9.52,9.68,9.57,0.11,1.15,46570.35,44766.486
000570.SZ,20110412,9.68,9.71,9.51,9.57,9.71,-0.14,-1.44,71756.67,68790.5229
000570.SZ,20110411,9.9,9.91,9.7,9.71,9.97,-0.26,-2.61,79634.63,77955.1355
000570.SZ,20110408,9.7,10.05,9.61,9.97,9.7,0.27,2.78,110069.78,108822.2201
000570.SZ,20110407,9.81,9.93,9.63,9.7,9.88,-0.18,-1.82,96628.74,93891.7359
000570.SZ,20110406,9.94,10.15,9.85,9.88,10.07,-0.19,-1.89,129143.19,128600.1073
000570.SZ,20110401,9.99,10.18,9.81,10.07,9.98,0.09,0.9,195608.08,196400.1356
000570.SZ,20110331,9.55,10.02,9.54,9.98,9.58,0.4,4.18,221229.75,218376.9827
000570.SZ,20110330,9.7,9.8,9.5,9.58,9.8,-0.22,-2.24,83864.27,80936.4303
000570.SZ,20110329,9.63,9.95,9.51,9.8,9.65,0.15,1.55,165679.49,161346.453
000570.SZ,20110328,9.51,9.68,9.49,9.65,9.54,0.11,1.15,74593.09,71466.6638
000570.SZ,20110325,9.62,9.66,9.46,9.54,9.64,-0.1,-1.04,83231.94,79512.3551
000570.SZ,20110324,9.56,9.75,9.48,9.64,9.59,0.05,0.52,90756.86,87458.8138
000570.SZ,20110323,9.56,9.62,9.41,9.59,9.61,-0.02,-0.21,57299.02,54517.7489
000570.SZ,20110322,9.45,9.68,9.35,9.61,9.52,0.09,0.95,105789.08,101301.2981
000570.SZ,20110321,9.6,9.7,9.3,9.52,9.44,0.08,0.85,50816.2,48004.0657
000570.SZ,20110318,9.18,9.48,9.18,9.44,9.15,0.29,3.17,55469.19,51658.0784
000570.SZ,20110317,9.3,9.3,9.05,9.15,9.32,-0.17,-1.82,52988.48,48480.9612
000570.SZ,20110316,9.23,9.34,9.17,9.32,9.25,0.07,0.76,45476.95,42172.2329
000570.SZ,20110315,9.49,9.49,9.07,9.25,9.49,-0.24,-2.53,72130.77,66332.4165
000570.SZ,20110314,9.5,9.55,9.38,9.49,9.53,-0.04,-0.42,53413.23,50486.1203
000570.SZ,20110311,9.5,9.67,9.5,9.53,9.58,-0.05,-0.52,48369.74,46369.8135
000570.SZ,20110310,9.7,9.71,9.55,9.58,9.71,-0.13,-1.34,58567.3,56205.5662
000570.SZ,20110309,9.75,9.91,9.66,9.71,9.86,-0.15,-1.52,100372.87,97761.2153
000570.SZ,20110308,9.8,10.24,9.7,9.86,9.6,0.26,2.71,209215.21,208253.3382
000570.SZ,20110307,9.43,9.6,9.39,9.6,9.41,0.19,2.02,90250.97,85777.428
000570.SZ,20110304,9.24,9.58,9.24,9.41,9.29,0.12,1.29,46939.83,44304.5738
000570.SZ,20110303,9.48,9.51,9.28,9.29,9.47,-0.18,-1.9,47099.68,44192.5016
000570.SZ,20110302,9.54,9.58,9.31,9.47,9.59,-0.12,-1.25,57426.5,54191.056
000570.SZ,20110301,9.43,9.74,9.38,9.59,9.45,0.14,1.48,116209.82,111504.7754
000570.SZ,20110228,9.42,9.54,9.3,9.45,9.39,0.06,0.64,72449.49,68295.7853
000570.SZ,20110225,9.44,9.44,9.31,9.39,9.47,-0.08,-0.84,38148.61,35726.395
000570.SZ,20110224,9.17,9.47,9.1,9.47,9.19,0.28,3.05,101124.56,94410.7578
000570.SZ,20110223,9.08,9.3,9.04,9.19,9.1,0.09,0.99,41372.86,37985.4245
000570.SZ,20110222,9.35,9.35,8.98,9.1,9.34,-0.24,-2.57,65353.25,59725.2599
000570.SZ,20110221,9.22,9.4,9.18,9.34,9.24,0.1,1.08,50170.87,46495.591
000570.SZ,20110218,9.39,9.39,9.21,9.24,9.46,-0.22,-2.33,43370.38,40279.1388
000570.SZ,20110217,9.42,9.49,9.27,9.46,9.43,0.03,0.32,70086.8,65777.9414
000570.SZ,20110216,9.25,9.44,9.18,9.43,9.26,0.17,1.84,72552.5,67830.0337
000570.SZ,20110215,9.36,9.44,9.26,9.26,9.36,-0.1,-1.07,75857.99,70995.5161
000570.SZ,20110214,9.31,9.44,9.22,9.36,9.29,0.07,0.75,66233.87,61632.0916
000570.SZ,20110211,9.4,9.6,9.2,9.29,9.33,-0.04,-0.43,78272.61,72854.3878
000570.SZ,20110210,9.08,9.45,8.96,9.33,9.01,0.32,3.55,85415.98,78570.4012
000570.SZ,20110209,8.87,9.08,8.85,9.01,8.88,0.13,1.46,41183.39,36953.2398
000570.SZ,20110201,9.0,9.03,8.85,8.88,8.96,-0.08,-0.89,24505.36,21831.243
000570.SZ,20110131,8.83,8.97,8.81,8.96,8.82,0.14,1.59,35442.2,31532.6433
000570.SZ,20110128,8.88,8.93,8.79,8.82,8.85,-0.03,-0.34,33776.87,29855.4956
000570.SZ,20110127,8.84,9.07,8.71,8.85,8.94,-0.09,-1.01,54812.44,48585.9935
000570.SZ,20110126,8.9,9.1,8.81,8.94,8.9,0.04,0.45,77519.77,69128.692
000570.SZ,20110125,8.6,8.93,8.41,8.9,8.66,0.24,2.77,38599.72,33793.304
000570.SZ,20110124,8.76,8.78,8.41,8.66,8.76,-0.1,-1.14,35981.47,30860.4164
000570.SZ,20110121,8.85,8.85,8.59,8.76,8.85,-0.09,-1.02,29783.94,25984.0075
000570.SZ,20110120,8.68,8.98,8.46,8.85,8.68,0.17,1.96,75269.88,66128.5458
000570.SZ,20110119,8.5,8.7,8.47,8.68,8.5,0.18,2.12,23301.55,20102.4494
000570.SZ,20110118,8.4,8.57,8.37,8.5,8.47,0.03,0.35,16576.96,14056.2504
000570.SZ,20110117,8.62,8.73,8.38,8.47,8.79,-0.32,-3.64,34280.55,29126.6185
000570.SZ,20110114,9.1,9.1,8.7,8.79,9.08,-0.29,-3.19,46177.69,40803.0779
000570.SZ,20110113,9.39,9.43,8.97,9.08,9.38,-0.3,-3.2,66896.13,60819.5042
000570.SZ,20110112,9.31,9.44,9.24,9.38,9.3,0.08,0.86,22157.07,20653.8723
000570.SZ,20110111,9.35,9.43,9.2,9.3,9.39,-0.09,-0.96,28294.38,26309.2195
000570.SZ,20110110,9.82,9.93,9.38,9.39,9.75,-0.36,-3.69,67744.93,65029.2101
000570.SZ,20110107,9.81,9.95,9.6,9.75,9.82,-0.07,-0.71,43543.98,42522.978
000570.SZ,20110106,9.93,9.99,9.79,9.82,9.93,-0.11,-1.11,40385.07,39811.7948
000570.SZ,20110105,10.1,10.1,9.91,9.93,10.06,-0.13,-1.29,39128.75,39043.3558
000570.SZ,20110104,10.06,10.18,9.95,10.06,10.05,0.01,0.1,29805.02,29985.8392
000570.SZ,20101231,9.85,10.1,9.82,10.05,9.83,0.22,2.24,35824.44,35553.189
000570.SZ,20101230,9.81,9.91,9.71,9.83,9.86,-0.03,-0.3,23484.5,23015.6025
000570.SZ,20101229,9.9,9.95,9.64,9.86,9.8,0.06,0.61,19287.66,18907.5408
000570.SZ,20101228,10.1,10.1,9.78,9.8,10.11,-0.31,-3.07,47257.74,46664.2496
000570.SZ,20101227,10.55,10.65,10.0,10.11,10.55,-0.44,-4.17,51958.07,53850.0077
000570.SZ,20101224,10.8,10.8,10.44,10.55,10.8,-0.25,-2.31,42410.96,44874.1902
000570.SZ,20101223,10.89,11.27,10.75,10.8,10.9,-0.1,-0.92,98308.52,108327.0458
000570.SZ,20101222,10.72,11.18,10.65,10.9,10.71,0.19,1.77,94063.89,102762.0265
000570.SZ,20101221,10.65,10.78,10.39,10.71,10.65,0.06,0.56,52263.23,55629.5281
000570.SZ,20101220,11.02,11.15,10.25,10.65,11.01,-0.36,-3.27,76905.53,82366.5368
000570.SZ,20101217,10.9,11.07,10.7,11.01,10.9,0.11,1.01,63359.57,68854.8272
000570.SZ,20101216,11.03,11.25,10.85,10.9,11.13,-0.23,-2.07,102954.28,113643.1981
000570.SZ,20101215,10.45,11.37,10.45,11.13,10.44,0.69,6.61,259439.31,284746.3088
000570.SZ,20101214,10.36,10.48,10.25,10.44,10.31,0.13,1.26,72020.96,74596.1092
000570.SZ,20101213,10.02,10.31,10.02,10.31,10.0,0.31,3.1,56294.37,57515.2067
000570.SZ,20101210,9.82,10.1,9.79,10.0,9.81,0.19,1.94,31184.57,31069.6614
000570.SZ,20101209,10.23,10.23,9.81,9.81,10.17,-0.36,-3.54,46799.52,46660.8315
000570.SZ,20101208,10.4,10.4,10.12,10.17,10.43,-0.26,-2.49,50303.27,51557.4336
000570.SZ,20101207,10.35,10.47,10.13,10.43,10.31,0.12,1.16,89102.18,92371.9764
000570.SZ,20101206,10.28,10.36,10.0,10.31,10.21,0.1,0.98,86297.0,88652.9018
000570.SZ,20101203,10.18,10.31,10.05,10.21,10.18,0.03,0.29,29142.46,29699.34
000570.SZ,20101202,10.13,10.34,10.08,10.18,10.05,0.13,1.29,43847.63,44683.6432
000570.SZ,20101201,9.99,10.21,9.9,10.05,9.98,0.07,0.7,37607.59,37882.4276
000570.SZ,20101130,10.26,10.39,9.8,9.98,10.26,-0.28,-2.73,57563.15,57736.648
000570.SZ,20101129,10.25,10.42,10.17,10.26,10.34,-0.08,-0.77,39252.83,40311.325
000570.SZ,20101126,10.23,10.55,10.19,10.34,10.26,0.08,0.78,64636.71,66955.7712
000570.SZ,20101125,10.3,10.58,10.24,10.26,10.2,0.06,0.59,71479.79,74392.7408
000570.SZ,20101124,9.78,10.2,9.78,10.2,9.99,0.21,2.1,64920.86,65301.9474
000570.SZ,20101123,10.46,10.49,9.6,9.99,10.49,-0.5,-4.77,97816.4,97827.9144
000570.SZ,20101122,10.25,10.54,10.2,10.49,10.4,0.09,0.87,51615.04,53827.7665
000570.SZ,20101119,10.3,10.43,10.11,10.4,10.2,0.2,1.96,34089.12,35096.9554
000570.SZ,20101118,10.12,10.41,10.06,10.2,10.09,0.11,1.09,34011.36,34706.7296
000570.SZ,20101117,10.3,10.55,10.04,10.09,10.55,-0.46,-4.36,49810.31,51293.2071
000570.SZ,20101116,10.51,10.99,10.35,10.55,10.48,0.07,0.67,133549.88,142701.875
000570.SZ,20101115,10.4,10.67,10.06,10.48,10.4,0.08,0.77,78347.6,81528.4799
000570.SZ,20101112,11.53,11.59,10.4,10.4,11.53,-1.13,-9.8,152139.88,167799.9133
000570.SZ,20101111,11.78,12.08,11.5,11.53,11.88,-0.35,-2.95,163362.21,193166.0752
000570.SZ,20101110,11.58,11.95,11.51,11.88,11.67,0.21,1.8,160567.91,189171.7038
000570.SZ,20101109,11.72,11.79,11.36,11.67,11.71,-0.04,-0.34,131077.51,151235.1245
000570.SZ,20101108,11.28,11.75,11.19,11.71,11.25,0.46,4.09,248758.13,287453.3881
000570.SZ,20101105,11.09,11.3,11.01,11.25,11.07,0.18,1.63,137474.68,153555.3441
000570.SZ,20101104,10.88,11.19,10.85,11.07,10.88,0.19,1.75,82902.82,91571.0888
000570.SZ,20101103,11.04,11.24,10.8,10.88,11.03,-0.15,-1.36,90175.25,99827.8603
000570.SZ,20101102,11.31,11.32,11.0,11.03,11.34,-0.31,-2.73,153838.62,171397.5403
000570.SZ,20101101,11.17,11.43,11.07,11.34,11.24,0.1,0.89,148416.95,167224.9905
000570.SZ,20101029,10.91,11.31,10.78,11.24,10.99,0.25,2.27,147100.04,163659.1988
000570.SZ,20101028,10.93,11.09,10.71,10.99,10.98,0.01,0.09,93578.86,101718.8077
000570.SZ,20101027,10.88,11.22,10.73,10.98,10.87,0.11,1.01,141703.73,155839.1319
000570.SZ,20101026,11.11,11.19,10.78,10.87,11.09,-0.22,-1.98,122149.32,132918.9085
000570.SZ,20101025,11.12,11.23,10.9,11.09,11.0,0.09,0.82,154284.06,170752.5829
000570.SZ,20101022,10.58,11.0,10.44,11.0,10.53,0.47,4.46,144797.08,156302.5007
000570.SZ,20101021,10.8,10.8,10.45,10.53,10.7,-0.17,-1.59,86369.71,91449.794
000570.SZ,20101020,10.2,10.7,10.1,10.7,10.4,0.3,2.88,123117.87,129425.0111
000570.SZ,20101019,10.1,10.4,10.01,10.4,10.06,0.34,3.38,67709.63,69683.4763
000570.SZ,20101018,10.23,10.26,9.9,10.06,10.28,-0.22,-2.14,89250.99,89620.9174
000570.SZ,20101015,10.33,10.44,10.01,10.28,10.29,-0.01,-0.1,75651.1,77571.4284
000570.SZ,20101014,10.78,10.87,10.23,10.29,10.78,-0.49,-4.55,116473.64,121791.5373
000570.SZ,20101013,10.89,10.89,10.65,10.78,10.95,-0.17,-1.55,83124.01,89371.7368
000570.SZ,20101012,10.8,10.97,10.58,10.95,10.74,0.21,1.96,110067.84,118725.6568
000570.SZ,20101011,10.37,10.97,10.35,10.74,10.35,0.39,3.77,113938.92,121481.752
000570.SZ,20101008,10.18,10.48,10.18,10.35,10.13,0.22,2.17,54456.88,56461.8474
000570.SZ,20100930,10.01,10.23,9.93,10.13,10.01,0.12,1.2,54047.04,54644.8274
000570.SZ,20100929,10.12,10.25,9.96,10.01,10.24,-0.23,-2.25,46987.73,47293.3425
000570.SZ,20100928,10.6,10.6,10.2,10.24,10.47,-0.23,-2.2,45533.93,47106.3388
000570.SZ,20100927,10.06,10.51,10.06,10.47,10.04,0.43,4.28,62609.22,64421.4106
000570.SZ,20100921,10.05,10.15,9.91,10.04,10.0,0.04,0.4,29876.32,29894.6719
000570.SZ,20100920,10.36,10.54,9.85,10.0,10.36,-0.36,-3.47,88747.24,89683.5461
000570.SZ,20100917,10.56,10.66,10.3,10.36,10.57,-0.21,-1.99,55703.98,57961.937
000570.SZ,20100916,11.19,11.25,10.28,10.57,11.18,-0.61,-5.46,122414.47,130316.0753
000570.SZ,20100915,11.34,11.7,11.16,11.18,11.27,-0.09,-0.8,163879.1,188588.2437
000570.SZ,20100914,11.49,11.49,11.17,11.27,11.46,-0.19,-1.66,87739.36,99177.1078
000570.SZ,20100913,11.14,11.49,11.05,11.46,11.14,0.32,2.87,98261.11,111198.3413
000570.SZ,20100910,11.28,11.41,10.85,11.14,11.29,-0.15,-1.33,106861.28,118755.1716
000570.SZ,20100909,11.5,11.64,11.11,11.29,11.49,-0.2,-1.74,131236.23,149000.8474
000570.SZ,20100908,11.42,11.84,11.33,11.49,11.6,-0.11,-0.95,158986.07,184157.3234
000570.SZ,20100907,11.23,11.68,10.98,11.6,11.2,0.4,3.57,223489.29,254152.3643
000570.SZ,20100906,11.92,11.96,11.14,11.2,11.58,-0.38,-3.28,383093.29,438823.086
000570.SZ,20100903,10.6,11.58,10.6,11.58,10.53,1.05,9.97,538503.36,612758.2043
000570.SZ,20100902,9.95,10.65,9.86,10.53,9.93,0.6,6.04,227198.24,234557.7326
000570.SZ,20100901,10.3,10.4,9.81,9.93,10.27,-0.34,-3.31,118036.36,118470.9898
000570.SZ,20100831,9.9,10.35,9.89,10.27,9.88,0.39,3.95,143559.89,145506.5544
000570.SZ,20100830,9.81,9.99,9.72,9.88,9.8,0.08,0.82,103502.83,101840.8618
000570.SZ,20100827,10.18,10.18,9.79,9.8,10.21,-0.41,-4.02,117667.0,116687.9689
000570.SZ,20100826,10.12,10.47,10.08,10.21,10.18,0.03,0.29,158717.83,162880.8915
000570.SZ,20100825,9.8,10.4,9.71,10.18,9.85,0.33,3.35,213283.26,215727.809
000570.SZ,20100824,9.6,9.93,9.52,9.85,9.6,0.25,2.6,111624.73,109641.3627
000570.SZ,20100823,9.61,9.72,9.5,9.6,9.6,0.0,0.0,62297.55,59784.7681
000570.SZ,20100820,9.7,9.93,9.6,9.6,9.71,-0.11,-1.13,113928.62,111227.7451
000570.SZ,20100819,9.68,9.86,9.54,9.71,9.64,0.07,0.73,90526.68,87960.6046
000570.SZ,20100818,9.71,9.83,9.58,9.64,9.8,-0.16,-1.63,89410.92,86636.8071
000570.SZ,20100817,9.55,9.98,9.45,9.8,9.53,0.27,2.83,170084.42,165146.6496
000570.SZ,20100816,9.33,9.54,9.25,9.53,9.3,0.23,2.47,73036.01,68794.7277
000570.SZ,20100813,9.19,9.32,9.08,9.3,9.11,0.19,2.09,48755.42,44949.3663
000570.SZ,20100812,9.18,9.35,9.1,9.11,9.29,-0.18,-1.94,49368.84,45448.704
000570.SZ,20100811,9.15,9.31,9.11,9.29,9.14,0.15,1.64,58772.8,54221.232
000570.SZ,20100810,9.69,9.79,9.13,9.14,9.73,-0.59,-6.06,100302.7,94717.9741
000570.SZ,20100809,9.58,9.75,9.46,9.73,9.59,0.14,1.46,107062.67,102984.1426
000570.SZ,20100806,9.36,9.62,9.3,9.59,9.35,0.24,2.57,113251.95,107848.1714
000570.SZ,20100805,9.44,9.56,9.26,9.35,9.49,-0.14,-1.48,62086.75,58551.1341
000570.SZ,20100804,9.53,9.55,9.24,9.49,9.55,-0.06,-0.63,82614.61,77562.8502
000570.SZ,20100803,9.45,9.78,9.33,9.55,9.45,0.1,1.06,154469.72,147687.5157
000570.SZ,20100802,9.28,9.48,9.26,9.45,9.27,0.18,1.94,81067.89,76020.6158
000570.SZ,20100730,9.35,9.37,9.19,9.27,9.4,-0.13,-1.38,65061.37,60395.0278
000570.SZ,20100729,9.22,9.5,9.22,9.4,9.2,0.2,2.17,137699.29,129503.9491
000570.SZ,20100728,8.99,9.24,8.88,9.2,9.02,0.18,2.0,82157.71,74913.5822
000570.SZ,20100727,9.05,9.15,9.0,9.02,9.17,-0.15,-1.64,47346.36,42906.0142
000570.SZ,20100726,9.0,9.19,8.92,9.17,9.1,0.07,0.77,81775.68,73881.5152
000570.SZ,20100723,9.12,9.5,9.0,9.1,8.94,0.16,1.79,172723.27,159662.0605
000570.SZ,20100722,8.67,8.96,8.65,8.94,8.67,0.27,3.11,90482.26,80025.7647
000570.SZ,20100721,8.68,8.93,8.55,8.67,8.68,-0.01,-0.12,76801.82,67363.1561
000570.SZ,20100720,8.38,8.72,8.35,8.68,8.35,0.33,3.95,75422.52,64531.6588
000570.SZ,20100719,8.06,8.42,8.01,8.35,8.14,0.21,2.58,35301.61,29135.5179
000570.SZ,20100716,8.1,8.2,7.98,8.14,8.11,0.03,0.37,34487.07,27857.1019
000570.SZ,20100715,8.46,8.47,8.08,8.11,8.45,-0.34,-4.02,39440.97,32642.6884
000570.SZ,20100714,8.41,8.6,8.35,8.45,8.42,0.03,0.36,46821.81,39667.5716
000570.SZ,20100713,8.5,8.56,8.24,8.42,8.72,-0.3,-3.44,61297.31,51583.5338
000570.SZ,20100712,8.69,8.95,8.69,8.72,8.41,0.31,3.69,117373.58,103059.362
000570.SZ,20100709,8.14,8.59,7.84,8.41,8.23,0.18,2.19,114214.03,93973.292
000570.SZ,20100708,8.38,8.44,8.17,8.23,8.38,-0.15,-1.79,30531.1,25238.7601
000570.SZ,20100707,8.26,8.38,8.12,8.38,8.17,0.21,2.57,36156.49,29884.1507
000570.SZ,20100706,7.97,8.26,7.97,8.17,7.94,0.23,2.9,39781.29,32457.9591
000570.SZ,20100705,7.88,8.02,7.65,7.94,7.88,0.06,0.76,30035.68,23708.7261
000570.SZ,20100702,8.01,8.15,7.41,7.88,8.07,-0.19,-2.35,53728.25,41842.1706
000570.SZ,20100701,8.42,8.55,8.06,8.07,8.43,-0.36,-4.27,38029.64,31595.0956
000570.SZ,20100630,8.7,8.85,8.43,8.43,9.03,-0.6,-6.64,42371.04,36333.0491
000570.SZ,20100629,9.73,9.76,9.0,9.03,9.71,-0.68,-7.0,69829.12,65666.9425
000570.SZ,20100628,9.55,9.78,9.3,9.71,9.55,0.16,1.68,76902.83,73798.7011
000570.SZ,20100625,9.6,9.6,9.38,9.55,9.6,-0.05,-0.52,22631.28,21460.4067
000570.SZ,20100624,9.6,9.69,9.4,9.6,9.63,-0.03,-0.31,25025.06,23937.6676
000570.SZ,20100623,9.55,9.75,9.5,9.63,9.64,-0.01,-0.1,34936.4,33627.0102
000570.SZ,20100622,9.47,9.71,9.42,9.64,9.52,0.12,1.26,32158.64,30902.8066
000570.SZ,20100621,9.25,9.53,9.21,9.52,9.25,0.27,2.92,44607.03,42049.8869
000570.SZ,20100618,9.87,9.91,9.2,9.25,9.85,-0.6,-6.09,45208.94,43086.8548
000570.SZ,20100617,9.83,10.05,9.83,9.85,9.83,0.02,0.2,30449.91,30228.3028
000570.SZ,20100611,10.16,10.22,9.83,9.83,10.12,-0.29,-2.87,70442.93,70154.1378
000570.SZ,20100610,10.24,10.26,10.1,10.12,10.28,-0.16,-1.56,60662.85,61691.5589
000570.SZ,20100609,10.2,10.35,10.07,10.28,10.12,0.16,1.58,83302.44,85240.9657
000570.SZ,20100608,10.16,10.4,10.06,10.12,10.28,-0.16,-1.56,106200.95,108581.6946
000570.SZ,20100607,9.9,10.39,9.83,10.28,10.17,0.11,1.08,96217.52,97668.3567
000570.SZ,20100604,9.9,10.27,9.61,10.17,9.9,0.27,2.73,109331.12,109385.5296
000570.SZ,20100603,9.83,10.16,9.83,9.9,9.69,0.21,2.17,106232.62,106311.795
000570.SZ,20100602,9.25,9.83,9.23,9.69,9.39,0.3,3.19,61560.52,59117.0919
000570.SZ,20100601,9.7,9.79,9.15,9.39,9.85,-0.46,-4.67,68320.11,64546.2764
000570.SZ,20100531,10.12,10.38,9.85,9.85,10.28,-0.43,-4.18,91188.13,91975.5276
000570.SZ,20100528,9.6,10.5,9.6,10.28,9.56,0.72,7.53,197521.89,201498.216
000570.SZ,20100527,9.37,9.59,9.2,9.56,9.4,0.16,1.7,69597.52,65686.1335
000570.SZ,20100526,9.4,9.53,9.31,9.4,9.38,0.02,0.21,44888.72,42286.7531
000570.SZ,20100525,9.6,9.6,9.34,9.38,9.61,-0.23,-2.39,60753.79,57290.0529
000570.SZ,20100524,9.18,9.69,9.16,9.61,9.16,0.45,4.91,100545.22,95258.9143
000570.SZ,20100521,8.7,9.18,8.52,9.16,9.05,0.11,1.22,91758.7,80817.8858
000570.SZ,20100520,9.25,9.48,9.01,9.05,9.42,-0.37,-3.93,60122.53,55797.6586
000570.SZ,20100519,9.76,9.76,9.31,9.42,9.75,-0.33,-3.38,64893.78,61684.0686
000570.SZ,20100518,9.4,9.8,9.3,9.75,10.33,-0.58,-5.61,110090.65,104811.2603
000570.SZ,20100514,10.5,10.5,10.24,10.33,10.53,-0.2,-1.9,56924.55,58865.0567
000570.SZ,20100513,10.35,10.53,10.06,10.53,10.25,0.28,2.73,56541.97,58515.63
000570.SZ,20100512,10.38,10.58,10.01,10.25,10.49,-0.24,-2.29,55815.53,57069.1829
000570.SZ,20100511,10.76,10.99,10.42,10.49,10.54,-0.05,-0.47,78366.19,83868.3307
000570.SZ,20100510,10.88,11.08,10.16,10.54,10.91,-0.37,-3.39,93624.24,97833.0361
000570.SZ,20100507,11.79,11.84,10.91,10.91,12.12,-1.21,-9.98,142428.73,160713.1936
000570.SZ,20100506,12.5,12.68,12.1,12.12,12.54,-0.42,-3.35,70185.21,87318.7133
000570.SZ,20100505,12.24,12.59,12.02,12.54,12.32,0.22,1.79,78388.87,96094.9876
000570.SZ,20100504,12.31,12.55,12.2,12.32,12.62,-0.3,-2.38,45747.21,56755.1622
000570.SZ,20100430,12.3,12.65,12.1,12.62,12.24,0.38,3.1,77907.4,96382.5366
000570.SZ,20100429,12.41,12.74,12.22,12.24,12.39,-0.15,-1.21,92379.02,115852.7252
000570.SZ,20100428,12.87,12.95,12.3,12.39,13.09,-0.7,-5.35,113628.07,142563.6655
000570.SZ,20100427,13.9,13.9,12.8,13.09,13.93,-0.84,-6.03,151694.68,199877.9842
000570.SZ,20100426,13.89,14.23,13.78,13.93,13.91,0.02,0.14,117702.2,164926.3877
000570.SZ,20100423,14.55,14.78,13.85,13.91,14.67,-0.76,-5.18,250711.66,356568.05
000570.SZ,20100422,15.0,15.35,14.61,14.67,15.12,-0.45,-2.98,255373.08,383363.7544
000570.SZ,20100421,15.16,15.53,14.7,15.12,15.16,-0.04,-0.26,319718.36,484162.1583
000570.SZ,20100420,14.54,15.3,14.1,15.16,14.58,0.58,3.98,335693.17,491043.6089
000570.SZ,20100419,14.48,14.95,14.1,14.58,14.59,-0.01,-0.07,419673.83,618055.867
000570.SZ,20100416,13.75,14.88,13.75,14.59,13.65,0.94,6.89,377448.01,540333.0674
000570.SZ,20100415,13.79,14.0,13.5,13.65,13.77,-0.12,-0.87,151968.67,209624.5665
000570.SZ,20100414,13.28,13.84,13.28,13.77,13.26,0.51,3.85,197959.41,270902.2067
000570.SZ,20100413,13.45,13.54,12.92,13.26,13.43,-0.17,-1.27,112020.28,148979.0679
000570.SZ,20100412,13.15,13.49,13.13,13.43,13.11,0.32,2.44,144932.64,193359.5906
000570.SZ,20100409,12.99,13.15,12.9,13.11,12.99,0.12,0.92,54795.68,71678.3208
000570.SZ,20100408,12.85,13.15,12.85,12.99,12.94,0.05,0.39,59729.25,78021.1083
000570.SZ,20100407,13.15,13.18,12.9,12.94,13.15,-0.21,-1.6,59434.69,77220.4093
000570.SZ,20100406,13.29,13.47,13.06,13.15,13.25,-0.1,-0.75,75360.39,99341.1294
000570.SZ,20100402,12.98,13.4,12.98,13.25,12.97,0.28,2.16,136635.8,181059.8091
000570.SZ,20100401,12.79,13.0,12.79,12.97,12.92,0.05,0.39,73956.03,95669.3272
000570.SZ,20100331,12.8,12.96,12.75,12.92,12.85,0.07,0.54,52524.16,67688.7416
000570.SZ,20100330,12.81,12.86,12.62,12.85,12.72,0.13,1.02,52360.04,66731.7542
000570.SZ,20100329,12.61,12.78,12.58,12.72,12.61,0.11,0.87,42460.78,53978.3271
000570.SZ,20100326,12.6,12.78,12.49,12.61,12.55,0.06,0.48,30091.27,38012.663
000570.SZ,20100325,12.8,12.86,12.45,12.55,12.87,-0.32,-2.49,56839.59,71421.2728
000570.SZ,20100324,13.0,13.1,12.85,12.87,13.12,-0.25,-1.91,54628.5,70576.3496
000570.SZ,20100323,12.76,13.37,12.63,13.12,12.77,0.35,2.74,107053.6,139857.9326
000570.SZ,20100322,12.75,12.89,12.67,12.77,12.7,0.07,0.55,35215.96,44906.3788
000570.SZ,20100319,12.62,12.72,12.45,12.7,12.61,0.09,0.71,38459.06,48402.0155
000570.SZ,20100318,12.7,12.75,12.56,12.61,12.67,-0.06,-0.47,32991.63,41781.7903
000570.SZ,20100317,12.35,12.7,12.35,12.67,12.41,0.26,2.1,36745.4,46279.137
000570.SZ,20100316,12.45,12.53,12.26,12.41,12.43,-0.02,-0.16,19818.56,24600.0615
000570.SZ,20100315,12.39,12.65,12.38,12.43,12.41,0.02,0.16,26263.45,32794.2641
000570.SZ,20100312,12.72,12.8,12.4,12.41,12.72,-0.31,-2.44,48451.05,60769.0724
000570.SZ,20100311,13.1,13.16,12.64,12.72,12.97,-0.25,-1.93,44707.64,57296.2209
000570.SZ,20100310,13.17,13.22,12.92,12.97,13.17,-0.2,-1.52,35395.71,46133.1329
000570.SZ,20100309,13.22,13.27,12.98,13.17,13.14,0.03,0.23,35382.61,46436.8659
000570.SZ,20100308,13.1,13.2,12.97,13.14,13.05,0.09,0.69,31232.06,40938.3825
000570.SZ,20100305,13.01,13.25,12.86,13.05,13.08,-0.03,-0.23,45835.33,59835.8803
000570.SZ,20100304,13.8,13.89,12.97,13.08,13.75,-0.67,-4.87,89965.52,121016.8845
000570.SZ,20100303,13.48,13.85,13.48,13.75,13.47,0.28,2.08,104860.15,143574.1747
000570.SZ,20100302,13.38,13.56,13.29,13.47,13.39,0.08,0.6,59023.94,79150.6115
000570.SZ,20100301,13.18,13.49,13.15,13.39,13.32,0.07,0.53,57738.06,77398.2507
000570.SZ,20100226,13.61,13.61,13.23,13.32,13.62,-0.3,-2.2,92308.65,123427.8667
000570.SZ,20100225,12.8,13.95,12.72,13.62,12.72,0.9,7.08,144497.02,193999.0461
000570.SZ,20100224,12.45,12.74,12.3,12.72,12.49,0.23,1.84,41716.87,52468.0257
000570.SZ,20100223,12.6,12.6,12.32,12.49,12.64,-0.15,-1.19,31740.06,39484.0299
000570.SZ,20100222,12.44,12.78,12.4,12.64,12.44,0.2,1.61,45037.9,57043.402
000570.SZ,20100212,12.35,12.47,12.27,12.44,12.33,0.11,0.89,27942.67,34607.8081
000570.SZ,20100211,12.3,12.39,12.26,12.33,12.29,0.04,0.33,24428.08,30117.0184
000570.SZ,20100210,12.3,12.38,12.21,12.29,12.26,0.03,0.24,23771.57,29165.4103
000570.SZ,20100209,12.13,12.38,12.1,12.26,12.12,0.14,1.16,28025.94,34185.1424
000570.SZ,20100208,12.25,12.39,12.1,12.12,12.25,-0.13,-1.06,29390.6,35785.9617
000570.SZ,20100205,12.5,12.56,12.18,12.25,12.78,-0.53,-4.15,51168.39,63052.6045
000570.SZ,20100204,12.9,12.98,12.63,12.78,12.71,0.07,0.55,50667.55,64937.9717
000570.SZ,20100203,12.77,12.94,12.06,12.71,12.77,-0.06,-0.47,51427.89,64205.4054
000570.SZ,20100202,13.15,13.3,12.75,12.77,13.07,-0.3,-2.3,57346.82,74565.397
000570.SZ,20100201,12.65,13.17,12.56,13.07,12.56,0.51,4.06,70679.22,90885.1096
000570.SZ,20100129,12.41,12.82,12.41,12.56,12.52,0.04,0.32,39265.79,49629.842
000570.SZ,20100128,12.45,12.66,12.38,12.52,12.41,0.11,0.89,30978.3,38715.2744
000570.SZ,20100127,12.68,12.8,12.33,12.41,12.67,-0.26,-2.05,46315.3,57916.1409
000570.SZ,20100126,13.36,13.5,12.65,12.67,13.36,-0.69,-5.16,60367.01,77970.4458
000570.SZ,20100125,13.28,13.66,13.26,13.36,13.48,-0.12,-0.89,32878.47,44289.4846
000570.SZ,20100122,13.85,13.85,13.3,13.48,14.0,-0.52,-3.71,64025.22,86633.0331
000570.SZ,20100121,13.95,14.08,13.42,14.0,13.9,0.1,0.72,72909.26,100050.6738
000570.SZ,20100120,14.56,14.67,13.76,13.9,14.56,-0.66,-4.53,124510.61,175911.0375
000570.SZ,20100119,14.95,14.99,14.42,14.56,14.84,-0.28,-1.89,125740.97,183629.1652
000570.SZ,20100118,14.2,14.98,14.12,14.84,14.28,0.56,3.92,261431.26,384620.3203
000570.SZ,20100115,13.5,14.28,13.39,14.28,13.47,0.81,6.01,175599.13,243595.8209
000570.SZ,20100114,13.22,13.56,13.2,13.47,13.21,0.26,1.97,73531.82,98447.7376
000570.SZ,20100113,13.35,13.57,13.2,13.21,13.6,-0.39,-2.87,75459.58,100582.7398
000570.SZ,20100112,13.52,13.69,13.31,13.6,13.5,0.1,0.74,70041.23,94432.2893
000570.SZ,20100111,13.86,13.93,13.42,13.5,13.66,-0.16,-1.17,54870.82,74675.4955
000570.SZ,20100108,13.56,13.69,13.4,13.66,13.57,0.09,0.66,55051.59,74439.7961
000570.SZ,20100107,13.95,14.03,13.54,13.57,14.03,-0.46,-3.28,82301.82,113347.947
000570.SZ,20100106,13.8,14.35,13.8,14.03,13.98,0.05,0.36,97395.71,138034.663
000570.SZ,20100105,14.17,14.27,13.7,13.98,14.16,-0.18,-1.27,75205.55,104680.0603
000570.SZ,20100104,14.21,14.36,14.1,14.16,14.17,-0.01,-0.07,76425.9,108652.4614
000570.SZ,20091231,13.7,14.32,13.65,14.17,13.68,0.49,3.58,122839.49,172773.1713
000570.SZ,20091230,13.93,14.02,13.6,13.68,13.93,-0.25,-1.79,89834.28,123125.2828
000570.SZ,20091229,14.16,14.24,13.67,13.93,14.1,-0.17,-1.21,71946.73,100303.3478
000570.SZ,20091228,14.1,14.2,14.05,14.1,14.07,0.03,0.21,70688.47,99708.7542
000570.SZ,20091225,14.2,14.2,13.97,14.07,14.26,-0.19,-1.33,71463.26,100612.119
000570.SZ,20091224,14.15,14.36,13.9,14.26,14.05,0.21,1.49,104309.23,147646.6704
000570.SZ,20091223,13.9,14.2,13.65,14.05,13.94,0.11,0.79,72806.23,101760.6288
000570.SZ,20091222,13.46,14.5,13.4,13.94,13.42,0.52,3.87,161994.32,226587.989
000570.SZ,20091221,13.41,13.48,13.0,13.42,13.38,0.04,0.3,74619.7,98621.9703
000570.SZ,20091218,14.21,14.21,13.24,13.38,14.22,-0.84,-5.91,83368.1,112958.4429
000570.SZ,20091217,15.0,15.12,14.1,14.22,14.99,-0.77,-5.14,115647.92,167563.9435
000570.SZ,20091216,15.19,15.28,14.95,14.99,15.16,-0.17,-1.12,82749.83,124733.9722
000570.SZ,20091215,15.33,15.33,15.11,15.16,15.34,-0.18,-1.17,79567.45,120837.319
000570.SZ,20091214,15.77,15.77,15.03,15.34,15.69,-0.35,-2.23,87030.29,133325.7056
000570.SZ,20091211,15.6,15.79,15.5,15.69,15.55,0.14,0.9,113545.87,177780.0774
000570.SZ,20091210,15.55,15.74,15.38,15.55,15.48,0.07,0.45,73321.13,113887.998
000570.SZ,20091209,15.33,15.81,15.1,15.48,15.45,0.03,0.19,114386.3,176435.3767
000570.SZ,20091208,15.71,15.77,15.33,15.45,15.7,-0.25,-1.59,89462.62,138637.5599
000570.SZ,20091207,15.25,15.7,15.1,15.7,15.21,0.49,3.22,139814.12,215134.1243
000570.SZ,20091204,15.6,15.95,14.98,15.21,15.62,-0.41,-2.62,166024.46,256291.2238
000570.SZ,20091203,15.93,15.93,15.52,15.62,15.88,-0.26,-1.64,130427.45,204749.6687
000570.SZ,20091202,15.85,16.07,15.68,15.88,15.84,0.04,0.25,148648.39,235527.0538
000570.SZ,20091201,15.7,15.93,15.5,15.84,15.7,0.14,0.89,133334.89,209522.1929
000570.SZ,20091130,15.25,15.87,15.25,15.7,15.15,0.55,3.63,127410.78,198906.5898
000570.SZ,20091127,15.2,15.7,14.8,15.15,15.37,-0.22,-1.43,155624.56,236729.0186
000570.SZ,20091126,16.48,16.48,15.28,15.37,16.5,-1.13,-6.85,256058.09,407706.6047
000570.SZ,20091125,16.3,16.65,16.0,16.5,16.4,0.1,0.61,212151.4,346921.5684
000570.SZ,20091124,17.61,17.74,16.3,16.4,17.56,-1.16,-6.61,341522.34,582713.5509
000570.SZ,20091123,17.13,17.61,16.95,17.56,17.09,0.47,2.75,321610.61,557118.224
000570.SZ,20091120,17.01,17.3,16.75,17.09,16.99,0.1,0.59,220103.05,374369.3349
000570.SZ,20091119,16.87,17.09,16.75,16.99,16.87,0.12,0.71,181370.24,306941.9762
000570.SZ,20091118,17.01,17.25,16.72,16.87,17.04,-0.17,-1.0,198661.47,336290.9992
000570.SZ,20091117,17.4,17.96,17.0,17.04,16.96,0.08,0.47,329991.36,574709.2035
000570.SZ,20091113,16.7,17.2,16.65,16.96,16.97,-0.01,-0.06,191498.22,323617.0533
000570.SZ,20091112,17.32,17.39,16.9,16.97,17.35,-0.38,-2.19,219437.52,376728.4139
000570.SZ,20091111,17.09,17.65,16.57,17.35,17.11,0.24,1.4,346031.13,592926.5766
000570.SZ,20091110,17.8,17.85,17.1,17.11,17.7,-0.59,-3.33,394180.97,683397.0782
000570.SZ,20091109,16.58,17.81,16.58,17.7,16.41,1.29,7.86,626819.1,1078524.5283
000570.SZ,20091106,15.7,16.43,15.57,16.41,15.66,0.75,4.79,331383.54,528634.0554
000570.SZ,20091105,15.7,15.99,15.5,15.66,15.84,-0.18,-1.14,186281.62,291668.2961
000570.SZ,20091104,16.05,16.14,15.65,15.84,16.05,-0.21,-1.31,212231.38,336338.2743
000570.SZ,20091103,15.8,16.2,15.74,16.05,15.9,0.15,0.94,249986.81,401001.4512
000570.SZ,20091102,15.0,16.2,14.47,15.9,15.35,0.55,3.58,292000.99,450639.8933
000570.SZ,20091030,15.65,15.97,15.28,15.35,15.48,-0.13,-0.84,251968.74,393293.6364
000570.SZ,20091029,16.39,16.45,15.1,15.48,16.77,-1.29,-7.69,364297.6,578282.6948
000570.SZ,20091028,16.66,17.06,16.5,16.77,16.92,-0.15,-0.89,225378.41,377646.0968
000570.SZ,20091027,16.6,17.41,16.3,16.92,16.79,0.13,0.77,491926.57,835541.4052
000570.SZ,20091026,16.33,16.96,15.98,16.79,16.33,0.46,2.82,341056.37,559823.6442
000570.SZ,20091023,16.49,16.7,16.3,16.33,16.53,-0.2,-1.21,351787.32,579465.2741
000570.SZ,20091022,16.6,17.16,16.41,16.53,16.91,-0.38,-2.25,362873.7,609505.3123
000570.SZ,20091021,16.19,17.25,15.86,16.91,16.27,0.64,3.93,501925.01,836671.4385
000570.SZ,20091020,16.52,16.68,16.2,16.27,16.41,-0.14,-0.85,359686.44,587679.9051
000570.SZ,20091019,15.93,16.5,15.74,16.41,15.88,0.53,3.34,519457.71,835711.9384
000570.SZ,20091016,14.83,16.2,14.83,15.88,14.83,1.05,7.08,663096.61,1040372.2756
000570.SZ,20091015,14.48,15.18,14.02,14.83,14.33,0.5,3.49,350453.24,508261.7656
000570.SZ,20091014,14.3,14.69,14.2,14.33,14.45,-0.12,-0.83,379319.11,546559.4925
000570.SZ,20091013,13.25,14.71,13.08,14.45,13.37,1.08,8.08,467711.99,670952.3794
000570.SZ,20091012,13.36,13.75,12.86,13.37,13.31,0.06,0.45,248038.45,329980.2653
000570.SZ,20091009,13.07,13.49,12.8,13.31,12.78,0.53,4.15,226907.57,300072.4233
000570.SZ,20090930,12.67,13.4,12.5,12.78,12.33,0.45,3.65,215472.99,278235.8535
000570.SZ,20090929,12.68,13.25,12.01,12.33,13.09,-0.76,-5.81,241314.58,301999.1305
000570.SZ,20090928,14.05,14.3,12.9,13.09,13.99,-0.9,-6.43,269466.2,368033.2925
000570.SZ,20090925,13.84,14.89,13.51,13.99,13.61,0.38,2.79,600887.74,855071.7498
000570.SZ,20090924,12.22,13.61,11.82,13.61,12.37,1.24,10.02,468316.09,610973.8967
000570.SZ,20090923,13.2,13.62,12.23,12.37,13.5,-1.13,-8.37,319933.14,410242.6888
000570.SZ,20090922,14.34,14.42,13.5,13.5,14.48,-0.98,-6.77,324462.85,450311.8627
000570.SZ,20090921,14.65,14.9,13.72,14.48,14.95,-0.47,-3.14,320350.07,457932.4716
000570.SZ,20090918,14.3,15.52,13.75,14.95,14.38,0.57,3.96,612571.52,915718.7487
000570.SZ,20090917,21.86,22.7,21.4,21.65,21.88,-0.23,-1.05,315987.65,695653.0051
000570.SZ,20090916,20.41,22.51,20.1,21.88,20.67,1.21,5.85,342170.32,727854.7569
000570.SZ,20090915,20.6,21.2,20.01,20.67,20.59,0.08,0.39,263448.42,540160.3266
000570.SZ,20090914,19.95,21.66,19.5,20.59,19.95,0.64,3.21,408879.49,844637.4877
000570.SZ,20090911,18.7,20.23,17.9,19.95,18.4,1.55,8.42,435060.74,821704.3066
000570.SZ,20090910,17.0,18.4,16.8,18.4,16.73,1.67,9.98,485471.69,871448.9643
000570.SZ,20090909,16.2,16.97,15.7,16.73,16.19,0.54,3.34,261917.66,427856.3092
000570.SZ,20090908,15.53,16.5,14.99,16.19,15.62,0.57,3.65,216889.85,341881.9967
000570.SZ,20090907,16.0,16.03,15.52,15.62,15.84,-0.22,-1.39,145730.5,229672.6428
000570.SZ,20090904,15.42,15.98,15.35,15.84,15.55,0.29,1.87,170453.98,268160.7935
000570.SZ,20090903,14.45,16.12,14.45,15.55,14.7,0.85,5.78,169902.34,260826.4202
000570.SZ,20090902,13.8,14.97,13.55,14.7,14.32,0.38,2.65,123102.64,177708.2245
000570.SZ,20090901,14.59,15.17,14.32,14.32,15.91,-1.59,-9.99,145777.79,213493.9471
000570.SZ,20090828,15.25,16.19,14.58,15.91,15.39,0.52,3.38,202390.02,311395.4085
000570.SZ,20090827,15.98,16.49,15.02,15.39,16.12,-0.73,-4.53,193670.42,304496.0964
000570.SZ,20090826,16.0,16.78,15.5,16.12,16.47,-0.35,-2.13,297770.94,481358.7515
000570.SZ,20090821,15.5,16.72,15.45,16.47,15.2,1.27,8.36,377682.05,610938.623
000570.SZ,20090820,13.9,15.2,13.52,15.2,13.82,1.38,9.99,256601.63,371522.4656
000570.SZ,20090819,13.4,14.29,13.3,13.82,13.21,0.61,4.62,281972.56,391905.4908
000570.SZ,20090818,11.75,13.21,11.68,13.21,12.01,1.2,9.99,185597.14,236483.5922
000570.SZ,20090817,12.99,13.0,12.01,12.01,13.34,-1.33,-9.97,165457.12,206346.0427
000570.SZ,20090814,14.6,14.71,13.3,13.34,14.78,-1.44,-9.74,199968.88,279185.7319
000570.SZ,20090813,14.96,15.36,14.46,14.78,14.96,-0.18,-1.2,206120.15,307749.3545
000570.SZ,20090812,14.55,15.67,14.36,14.96,14.29,0.67,4.69,409654.45,619744.4688
000570.SZ,20090811,13.95,14.69,13.41,14.29,13.95,0.34,2.44,205778.71,292332.491
000570.SZ,20090810,14.2,14.5,13.8,13.95,14.15,-0.2,-1.41,137563.69,193171.8776
000570.SZ,20090807,13.6,14.5,13.4,14.15,13.55,0.6,4.43,198833.32,278213.9539
000570.SZ,20090806,13.37,13.69,12.95,13.55,13.35,0.2,1.5,118931.09,158222.2817
000570.SZ,20090805,13.56,13.95,13.17,13.35,13.58,-0.23,-1.69,127261.78,172090.545
000570.SZ,20090804,13.8,13.89,13.4,13.58,13.78,-0.2,-1.45,144323.16,196594.757
000570.SZ,20090803,13.23,13.99,12.92,13.78,13.28,0.5,3.77,215404.24,290403.3641
000570.SZ,20090731,12.57,13.48,12.4,13.28,12.87,0.41,3.19,367619.67,473254.9058
000570.SZ,20090730,11.82,12.87,11.81,12.87,11.7,1.17,10.0,367347.11,461873.9511
000570.SZ,20090729,11.6,12.25,11.2,11.7,11.5,0.2,1.74,305162.4,361063.9462
000570.SZ,20090728,11.24,11.57,10.87,11.5,11.27,0.23,2.04,131418.4,147260.3457
000570.SZ,20090727,11.4,11.68,11.2,11.27,11.38,-0.11,-0.97,95947.59,108531.895
000570.SZ,20090724,10.97,11.52,10.96,11.38,10.85,0.53,4.88,184282.99,208677.9565
000570.SZ,20090723,10.77,10.97,10.71,10.85,10.81,0.04,0.37,50501.95,54708.6513
000570.SZ,20090722,10.55,10.92,10.5,10.81,10.6,0.21,1.98,59922.28,64540.5428
000570.SZ,20090721,11.08,11.1,10.55,10.6,11.01,-0.41,-3.72,83235.93,89890.1079
000570.SZ,20090720,11.02,11.13,10.9,11.01,11.02,-0.01,-0.09,81491.19,89557.9376
000570.SZ,20090717,11.01,11.19,10.86,11.02,11.08,-0.06,-0.54,62497.81,68973.6518
000570.SZ,20090716,11.2,11.33,11.05,11.08,11.2,-0.12,-1.07,73294.41,81769.4463
000570.SZ,20090715,11.3,11.4,11.14,11.2,11.3,-0.1,-0.89,92682.81,103872.6408
000570.SZ,20090714,11.31,11.44,11.08,11.3,11.24,0.06,0.53,88491.22,99404.2679
000570.SZ,20090713,11.09,11.51,11.08,11.24,11.08,0.16,1.44,138183.25,156479.1055
000570.SZ,20090710,10.58,11.29,10.45,11.08,10.56,0.52,4.92,163529.82,177583.0283
000570.SZ,20090709,10.7,10.7,10.4,10.56,10.62,-0.06,-0.57,87771.2,92184.8367
000570.SZ,20090708,10.42,10.64,10.38,10.62,10.42,0.2,1.92,106646.92,112223.6367
000570.SZ,20090707,10.35,10.76,10.35,10.42,10.33,0.09,0.87,142205.11,149447.5587
000570.SZ,20090706,10.9,11.23,10.3,10.33,10.75,-0.42,-3.91,260842.67,275588.0235
000570.SZ,20090703,10.5,11.36,10.38,10.75,10.75,0.0,0.0,134056.71,145584.38
000570.SZ,20090702,9.9,10.78,9.69,10.75,9.84,0.91,9.25,158112.06,163400.6719
000570.SZ,20090701,9.39,10.04,9.34,9.84,9.4,0.44,4.68,76465.32,74851.509
000570.SZ,20090630,9.25,9.53,9.22,9.4,9.3,0.1,1.08,65203.96,61182.1967
000570.SZ,20090629,9.08,9.59,9.04,9.3,9.08,0.22,2.42,67497.28,63152.0629
000570.SZ,20090626,9.14,9.19,8.87,9.08,9.13,-0.05,-0.55,46672.37,42029.0509
000570.SZ,20090625,9.07,9.26,8.99,9.13,9.1,0.03,0.33,72178.39,66025.5063
000570.SZ,20090624,8.84,9.1,8.76,9.1,8.83,0.27,3.06,57665.41,51536.7623
000570.SZ,20090623,8.6,8.98,8.5,8.83,8.66,0.17,1.96,55769.78,49239.5166
000570.SZ,20090622,8.99,9.09,8.64,8.66,8.94,-0.28,-3.13,61193.79,53650.333
000570.SZ,20090619,8.86,9.17,8.82,8.94,8.93,0.01,0.11,56080.92,50350.5245
000570.SZ,20090618,9.08,9.15,8.84,8.93,9.0,-0.07,-0.78,62632.29,56180.3456
000570.SZ,20090616,8.71,9.28,8.58,9.0,8.82,0.18,2.04,138158.86,124508.1726
000570.SZ,20090615,8.15,8.88,8.14,8.82,8.11,0.71,8.75,113382.85,97427.6011
000570.SZ,20090612,8.14,8.28,8.02,8.11,8.15,-0.04,-0.49,44831.35,36293.9722
000570.SZ,20090611,8.35,8.48,8.1,8.15,8.35,-0.2,-2.4,47730.97,39649.0716
000570.SZ,20090610,8.14,8.46,8.06,8.35,8.1,0.25,3.09,55069.98,45910.2064
000570.SZ,20090609,8.2,8.25,7.85,8.1,8.25,-0.15,-1.82,75524.02,60507.0023
000570.SZ,20090608,8.41,8.6,8.02,8.25,8.46,-0.21,-2.48,82510.38,68520.7877
000570.SZ,20090605,8.62,8.77,8.42,8.46,8.62,-0.16,-1.86,73923.8,63222.6037
000570.SZ,20090604,8.52,8.75,8.3,8.62,8.51,0.11,1.29,89951.89,76741.2212
000570.SZ,20090603,8.2,8.84,8.18,8.51,8.19,0.32,3.91,126249.04,108647.0096
000570.SZ,20090602,8.11,8.2,7.86,8.19,8.09,0.1,1.24,102906.99,82656.2644
000570.SZ,20090601,8.08,8.3,7.93,8.09,8.0,0.09,1.13,90381.18,73020.6869
000570.SZ,20090527,8.1,8.23,7.85,8.0,8.3,-0.3,-3.61,121619.73,97699.7484
000570.SZ,20090526,7.56,8.31,7.56,8.3,7.55,0.75,9.93,250516.36,202737.8087
000570.SZ,20090525,7.18,7.6,7.09,7.55,7.3,0.25,3.42,133635.24,99625.9117
000570.SZ,20090522,7.16,7.36,7.15,7.3,7.18,0.12,1.67,65044.99,47299.953
000570.SZ,20090521,7.42,7.42,7.17,7.18,7.45,-0.27,-3.62,55919.01,40622.9168
000570.SZ,20090520,7.39,7.46,7.15,7.45,7.33,0.12,1.64,85783.53,63057.5705
000570.SZ,20090519,7.32,7.48,7.25,7.33,7.29,0.04,0.55,67828.61,49955.8818
000570.SZ,20090518,7.03,7.36,7.03,7.29,7.1,0.19,2.68,57114.37,41221.1289
000570.SZ,20090515,7.17,7.34,7.0,7.1,7.17,-0.07,-0.98,50079.95,35656.9673
000570.SZ,20090513,7.2,7.26,7.02,7.17,7.14,0.03,0.42,57324.85,41086.6993
000570.SZ,20090512,6.83,7.15,6.77,7.14,6.9,0.24,3.48,45094.27,31505.7553
000570.SZ,20090511,7.51,7.68,6.88,6.9,7.42,-0.52,-7.01,109537.18,79199.8501
000570.SZ,20090508,7.39,7.46,7.21,7.42,7.39,0.03,0.41,55138.15,40558.0442
000570.SZ,20090507,7.59,7.62,7.22,7.39,7.51,-0.12,-1.6,63247.86,46746.4679
000570.SZ,20090506,7.56,7.62,7.32,7.51,7.56,-0.05,-0.66,80470.09,60101.4863
000570.SZ,20090505,7.5,7.8,7.38,7.56,7.49,0.07,0.93,89906.97,68433.754
000570.SZ,20090504,7.0,7.6,6.98,7.49,7.01,0.48,6.85,71990.28,53322.2329
000570.SZ,20090430,6.85,7.12,6.75,7.01,6.81,0.2,2.94,63104.01,43927.2697
000570.SZ,20090429,6.52,6.96,6.37,6.81,6.49,0.32,4.93,50063.93,33554.7469
000570.SZ,20090428,6.41,6.52,6.31,6.49,6.41,0.08,1.25,34640.26,22251.4867
000570.SZ,20090427,7.03,7.05,6.33,6.41,7.03,-0.62,-8.82,81191.02,53795.8928
000570.SZ,20090424,7.2,7.33,6.99,7.03,7.19,-0.16,-2.23,67439.52,47944.5264
000570.SZ,20090423,6.73,7.28,6.69,7.19,6.83,0.36,5.27,122487.36,85861.4252
000570.SZ,20090422,7.15,7.48,6.69,6.83,7.15,-0.32,-4.48,141803.96,101618.7678
000570.SZ,20090421,6.6,7.27,6.53,7.15,6.79,0.36,5.3,148575.44,104254.2274
000570.SZ,20090420,6.15,6.79,6.02,6.79,6.17,0.62,10.05,126943.56,83537.4208
000570.SZ,20090417,6.3,6.47,6.13,6.17,6.37,-0.2,-3.14,70157.55,43801.8424
000570.SZ,20090416,6.2,6.65,6.18,6.37,6.16,0.21,3.41,113847.54,73417.6396
000570.SZ,20090415,6.01,6.2,5.91,6.16,6.06,0.1,1.65,91248.06,55578.2748
000570.SZ,20090414,5.95,6.17,5.86,6.06,5.94,0.12,2.02,78066.75,47216.3863
000570.SZ,20090413,5.96,6.08,5.88,5.94,5.94,0.0,0.0,78935.25,47046.337
000570.SZ,20090410,5.9,5.98,5.77,5.94,5.88,0.06,1.02,82320.22,48615.9308
000570.SZ,20090409,5.72,5.98,5.6,5.88,5.72,0.16,2.8,80382.53,46839.7551
000570.SZ,20090408,6.1,6.18,5.72,5.72,6.09,-0.37,-6.08,97964.35,58160.8057
000570.SZ,20090407,5.53,6.09,5.5,6.09,5.54,0.55,9.93,119261.58,69759.1138
000570.SZ,20090403,5.76,5.77,5.46,5.54,5.73,-0.19,-3.32,99627.11,55669.0416
000570.SZ,20090402,6.01,6.29,5.7,5.73,5.79,-0.06,-1.04,220410.45,131365.4085
000570.SZ,20090331,5.24,5.81,5.13,5.79,5.28,0.51,9.66,174874.54,98282.7315
000570.SZ,20090330,5.05,5.42,4.99,5.28,5.02,0.26,5.18,119220.11,62768.8065
000570.SZ,20090327,4.9,5.05,4.85,5.02,4.9,0.12,2.45,58860.84,29126.9383
000570.SZ,20090326,4.8,4.92,4.75,4.9,4.83,0.07,1.45,33528.36,16230.9523
000570.SZ,20090325,4.93,4.95,4.83,4.83,4.97,-0.14,-2.82,37013.07,18149.3995
000570.SZ,20090324,5.06,5.07,4.88,4.97,4.99,-0.02,-0.4,50133.02,24854.9637
000570.SZ,20090323,4.8,5.05,4.77,4.99,4.8,0.19,3.96,63649.61,31388.8567
000570.SZ,20090320,4.88,4.96,4.7,4.8,4.9,-0.1,-2.04,42964.63,20620.5124
000570.SZ,20090319,4.74,4.93,4.71,4.9,4.75,0.15,3.16,57332.49,27759.6288
000570.SZ,20090318,4.73,4.84,4.7,4.75,4.73,0.02,0.42,60293.15,28843.7734
000570.SZ,20090317,4.57,4.76,4.56,4.73,4.63,0.1,2.16,54100.28,25292.3124
000570.SZ,20090316,4.62,4.67,4.4,4.63,4.65,-0.02,-0.43,48750.02,22152.1889
000570.SZ,20090313,4.85,4.95,4.53,4.65,4.76,-0.11,-2.31,89061.04,42021.6133
000570.SZ,20090312,4.8,4.99,4.6,4.76,4.99,-0.23,-4.61,92831.97,44718.5119
000570.SZ,20090311,4.7,4.99,4.7,4.99,4.54,0.45,9.91,155994.12,77595.867
000570.SZ,20090310,4.4,4.55,4.35,4.54,4.46,0.08,1.79,13578.5,6076.8768
000570.SZ,20090309,4.76,4.81,4.45,4.46,4.73,-0.27,-5.71,20479.53,9483.8072
000570.SZ,20090306,4.57,4.82,4.57,4.73,4.74,-0.01,-0.21,20756.66,9752.1652
000570.SZ,20090305,4.72,4.89,4.64,4.74,4.68,0.06,1.28,40726.55,19497.2122
000570.SZ,20090304,4.54,4.7,4.46,4.68,4.45,0.23,5.17,31917.52,14775.187
000570.SZ,20090303,4.3,4.54,4.27,4.45,4.41,0.04,0.91,20159.16,8914.7983
000570.SZ,20090302,4.22,4.48,4.12,4.41,4.28,0.13,3.04,21423.24,9388.9283
000570.SZ,20090227,4.68,4.68,4.28,4.28,4.75,-0.47,-9.89,42808.54,18762.6433
000570.SZ,20090226,5.28,5.33,4.75,4.75,5.28,-0.53,-10.04,54130.37,27296.8257
000570.SZ,20090225,5.42,5.42,4.98,5.28,5.2,0.08,1.54,44873.7,23260.3282
000570.SZ,20090224,5.4,5.58,5.13,5.2,5.5,-0.3,-5.45,55133.13,29272.5528
000570.SZ,20090223,5.3,5.58,5.18,5.5,5.39,0.11,2.04,56989.58,30876.5472
000570.SZ,20090220,4.99,5.4,4.99,5.39,4.99,0.4,8.02,49035.13,25527.7316
000570.SZ,20090219,4.91,5.12,4.86,4.99,4.88,0.11,2.25,36013.8,17949.066
000570.SZ,20090218,5.1,5.21,4.85,4.88,5.21,-0.33,-6.33,62552.21,31291.6359
000570.SZ,20090217,5.29,5.67,5.2,5.21,5.23,-0.02,-0.38,185792.18,99992.3877
000570.SZ,20090216,4.81,5.23,4.75,5.23,4.75,0.48,10.11,118125.32,58920.0446
000570.SZ,20090213,4.58,4.8,4.49,4.75,4.57,0.18,3.94,78437.96,36764.0399
000570.SZ,20090212,4.62,4.65,4.37,4.57,4.6,-0.03,-0.65,52539.89,23600.1817
000570.SZ,20090211,4.61,4.83,4.55,4.6,4.68,-0.08,-1.71,68242.84,31679.0736
000570.SZ,20090210,4.68,4.69,4.5,4.68,4.72,-0.04,-0.85,68948.33,31696.1985
000570.SZ,20090209,4.65,4.79,4.52,4.72,4.66,0.06,1.29,99190.12,46199.7092
000570.SZ,20090206,4.39,4.67,4.38,4.66,4.33,0.33,7.62,126279.7,57096.0169
000570.SZ,20090205,4.2,4.56,4.11,4.33,4.2,0.13,3.1,129823.01,56809.0169
000570.SZ,20090204,4.17,4.2,4.06,4.2,4.14,0.06,1.45,74246.58,30677.5537
000570.SZ,20090203,3.93,4.19,3.91,4.14,3.9,0.24,6.15,76790.11,31310.2593
000570.SZ,20090202,3.8,3.92,3.8,3.9,3.76,0.14,3.72,30381.2,11774.0383
000570.SZ,20090123,3.78,3.79,3.72,3.76,3.78,-0.02,-0.53,24142.31,9050.4906
000570.SZ,20090122,3.75,3.78,3.7,3.78,3.71,0.07,1.89,29193.97,10918.9654
000570.SZ,20090121,3.77,3.82,3.69,3.71,3.82,-0.11,-2.88,30610.93,11460.1048
000570.SZ,20090120,3.92,3.92,3.73,3.82,3.96,-0.14,-3.54,50374.7,19111.7585
000570.SZ,20090119,3.96,4.01,3.89,3.96,3.95,0.01,0.25,48282.3,19089.565
000570.SZ,20090116,3.95,4.05,3.88,3.95,3.88,0.07,1.8,65070.54,25922.9053
000570.SZ,20090115,3.89,3.98,3.83,3.88,3.93,-0.05,-1.27,51255.16,20049.9603
000570.SZ,20090114,3.86,3.93,3.81,3.93,3.86,0.07,1.81,44136.01,17122.4482
000570.SZ,20090113,3.89,4.04,3.76,3.86,3.93,-0.07,-1.78,99863.49,39302.151
000570.SZ,20090112,3.69,3.96,3.61,3.93,3.7,0.23,6.22,70407.33,26968.9707
000570.SZ,20090109,3.69,3.72,3.59,3.7,3.67,0.03,0.82,44426.98,16244.0796
000570.SZ,20090108,3.55,3.73,3.52,3.67,3.57,0.1,2.8,70712.9,25750.3865
000570.SZ,20090107,3.6,3.68,3.53,3.57,3.59,-0.02,-0.56,30046.44,10802.3535
000570.SZ,20090106,3.47,3.65,3.4,3.59,3.44,0.15,4.36,38945.01,13922.9185
000570.SZ,20090105,3.32,3.45,3.32,3.44,3.28,0.16,4.88,15604.19,5283.1983
000570.SZ,20081231,3.51,3.53,3.26,3.28,3.46,-0.18,-5.2,16417.4,5536.1418
000570.SZ,20081230,3.46,3.56,3.46,3.46,3.49,-0.03,-0.86,19168.62,6725.9495
000570.SZ,20081229,3.43,3.49,3.29,3.49,3.4,0.09,2.65,21136.44,7156.7863
000570.SZ,20081226,3.46,3.51,3.39,3.4,3.49,-0.09,-2.58,20885.69,7192.0583
000570.SZ,20081225,3.4,3.62,3.39,3.49,3.4,0.09,2.65,45583.68,15963.9787
000570.SZ,20081224,3.53,3.57,3.39,3.4,3.64,-0.24,-6.59,31263.42,10862.2232
000570.SZ,20081223,3.98,4.0,3.63,3.64,3.94,-0.3,-7.61,39373.0,14857.5467
000570.SZ,20081222,3.93,4.03,3.83,3.94,3.95,-0.01,-0.25,38812.73,15193.3085
000570.SZ,20081219,4.08,4.18,3.93,3.95,4.0,-0.05,-1.25,56520.95,22934.5756
000570.SZ,20081218,3.89,4.0,3.86,4.0,3.86,0.14,3.63,56890.55,22393.3466
000570.SZ,20081217,3.86,3.96,3.81,3.86,3.86,0.0,0.0,54588.45,21294.5182
000570.SZ,20081216,3.82,3.88,3.63,3.86,3.87,-0.01,-0.26,58660.31,21913.4178
000570.SZ,20081215,4.04,4.04,3.73,3.87,4.04,-0.17,-4.21,96638.51,37431.675
000570.SZ,20081212,4.68,4.68,3.97,4.04,4.31,-0.27,-6.26,199800.94,87990.392
000570.SZ,20081211,4.52,4.53,4.25,4.31,4.5,-0.19,-4.22,89812.92,39368.3858
000570.SZ,20081210,4.2,4.5,4.11,4.5,4.33,0.17,3.93,67124.19,28831.575
000570.SZ,20081209,4.19,4.59,4.1,4.33,4.17,0.16,3.84,123931.14,53998.624
000570.SZ,20081208,3.9,4.17,3.81,4.17,3.79,0.38,10.03,61973.01,25131.568
000570.SZ,20081205,3.61,3.8,3.61,3.79,3.72,0.07,1.88,30929.62,11553.4182
000570.SZ,20081204,3.83,4.09,3.71,3.72,3.79,-0.07,-1.85,65459.34,25629.0808
000570.SZ,20081203,3.61,3.8,3.5,3.79,3.49,0.3,8.6,58340.54,21278.6733
000570.SZ,20081202,3.25,3.68,3.22,3.49,3.35,0.14,4.18,61997.77,21930.1967
000570.SZ,20081201,3.17,3.35,3.08,3.35,3.15,0.2,6.35,24945.54,8001.8216
000570.SZ,20081128,3.27,3.28,3.08,3.15,3.25,-0.1,-3.08,18353.8,5830.7955
000570.SZ,20081127,3.47,3.51,3.25,3.25,3.26,-0.01,-0.31,36101.69,12163.5715
000570.SZ,20081126,3.3,3.33,3.19,3.26,3.28,-0.02,-0.61,16651.71,5410.795
000570.SZ,20081125,3.41,3.51,3.18,3.28,3.41,-0.13,-3.81,20537.77,6903.8529
000570.SZ,20081124,3.6,3.66,3.31,3.41,3.67,-0.26,-7.08,26709.48,9271.3035
000570.SZ,20081121,3.5,3.72,3.33,3.67,3.68,-0.01,-0.27,53466.56,18825.5507
000570.SZ,20081120,3.53,3.85,3.34,3.68,3.5,0.18,5.14,84948.44,30945.3955
000570.SZ,20081119,3.15,3.5,3.08,3.5,3.18,0.32,10.06,74963.87,25200.372
000570.SZ,20081118,3.4,3.45,3.05,3.18,3.34,-0.16,-4.79,84488.12,28076.9642
000570.SZ,20081117,2.99,3.34,2.99,3.34,3.04,0.3,9.87,105957.02,34534.2086
000570.SZ,20081114,2.9,3.06,2.86,3.04,2.89,0.15,5.19,57594.59,17144.0132
000570.SZ,20081113,2.7,2.91,2.66,2.89,2.76,0.13,4.71,36591.85,10363.5132
000570.SZ,20081112,2.62,2.78,2.62,2.76,2.68,0.08,2.99,16704.39,4506.1475
000570.SZ,20081111,2.7,2.82,2.62,2.68,2.68,0.0,0.0,36402.59,9996.7956
000570.SZ,20081110,2.51,2.7,2.47,2.68,2.47,0.21,8.5,25689.1,6745.5672
000570.SZ,20081107,2.33,2.49,2.32,2.47,2.35,0.12,5.11,18673.65,4529.0312
000570.SZ,20081106,2.36,2.39,2.31,2.35,2.43,-0.08,-3.29,11145.23,2612.8543
000570.SZ,20081105,2.37,2.45,2.35,2.43,2.35,0.08,3.4,12420.17,2999.7808
000570.SZ,20081104,2.32,2.37,2.3,2.35,2.35,0.0,0.0,7695.98,1794.7803
000570.SZ,20081103,2.4,2.46,2.3,2.35,2.41,-0.06,-2.49,8756.8,2090.1595
000570.SZ,20081031,2.43,2.48,2.35,2.41,2.43,-0.02,-0.82,6391.3,1545.1134
000570.SZ,20081030,2.48,2.51,2.4,2.43,2.43,0.0,0.0,9667.99,2370.5099
000570.SZ,20081029,2.63,2.63,2.43,2.43,2.57,-0.14,-5.45,12347.16,3108.8265
000570.SZ,20081028,2.54,2.6,2.33,2.57,2.55,0.02,0.78,16180.47,4023.4776
000570.SZ,20081027,2.81,2.81,2.55,2.55,2.83,-0.28,-9.89,14254.0,3776.188
000570.SZ,20081024,2.83,2.92,2.79,2.83,2.9,-0.07,-2.41,9788.88,2782.999
000570.SZ,20081023,2.85,2.91,2.8,2.9,2.87,0.03,1.05,8851.78,2538.2578
000570.SZ,20081022,2.85,2.94,2.81,2.87,2.88,-0.01,-0.35,9161.0,2653.9031
000570.SZ,20081021,2.89,3.0,2.84,2.88,2.89,-0.01,-0.35,19510.13,5691.5398
000570.SZ,20081020,2.84,2.89,2.75,2.89,2.78,0.11,3.96,14521.22,4106.2586
000570.SZ,20081017,2.73,2.84,2.73,2.78,2.74,0.04,1.46,11774.67,3264.1059
000570.SZ,20081016,2.8,2.84,2.7,2.74,2.96,-0.22,-7.43,18782.67,5209.2913
000570.SZ,20081015,3.08,3.14,2.88,2.96,3.2,-0.24,-7.5,31384.31,9401.1059
000570.SZ,20081014,3.23,3.39,3.1,3.2,3.16,0.04,1.27,73347.64,24035.2134
000570.SZ,20081013,2.92,3.16,2.86,3.16,2.87,0.29,10.1,41105.03,12636.1936
000570.SZ,20081010,3.1,3.1,2.86,2.87,3.18,-0.31,-9.75,9822.35,2905.9569
000570.SZ,20081009,3.22,3.25,3.1,3.18,3.17,0.01,0.32,6739.99,2147.794
000570.SZ,20081008,3.15,3.27,3.1,3.17,3.22,-0.05,-1.55,6344.6,2029.8467
000570.SZ,20081007,3.21,3.3,3.1,3.22,3.3,-0.08,-2.42,8867.1,2860.7884
000570.SZ,20081006,3.28,3.41,3.2,3.3,3.28,0.02,0.61,20038.43,6662.916
000570.SZ,20080926,3.34,3.36,3.2,3.28,3.32,-0.04,-1.2,12307.2,4050.5293
000570.SZ,20080925,3.27,3.36,3.25,3.32,3.26,0.06,1.84,14406.37,4765.4692
000570.SZ,20080924,3.11,3.27,3.08,3.26,3.22,0.04,1.24,7305.6,2349.0196
000570.SZ,20080923,3.37,3.38,3.19,3.22,3.46,-0.24,-6.94,14794.54,4838.8458
000570.SZ,20080922,3.55,3.66,3.3,3.46,3.33,0.13,3.9,36094.66,12676.0567
000570.SZ,20080919,3.25,3.33,3.25,3.33,3.03,0.3,9.9,17221.95,5693.4831
000570.SZ,20080918,3.1,3.1,2.84,3.03,3.15,-0.12,-3.81,11421.84,3389.4114
000570.SZ,20080917,3.31,3.34,3.11,3.15,3.31,-0.16,-4.83,6413.43,2078.0946
000570.SZ,20080916,3.25,3.33,3.18,3.31,3.26,0.05,1.53,13185.24,4303.3927
000570.SZ,20080912,3.25,3.29,3.2,3.26,3.24,0.02,0.62,4652.85,1513.6812
000570.SZ,20080911,3.31,3.36,3.2,3.24,3.34,-0.1,-2.99,5745.78,1880.6466
000570.SZ,20080910,3.28,3.4,3.24,3.34,3.29,0.05,1.52,5921.96,1970.3431
000570.SZ,20080909,3.32,3.34,3.23,3.29,3.25,0.04,1.23,4963.97,1630.5197
000570.SZ,20080908,3.4,3.48,3.22,3.25,3.42,-0.17,-4.97,9414.17,3145.5312
000570.SZ,20080905,3.58,3.58,3.41,3.42,3.71,-0.29,-7.82,12093.5,4234.6643
000570.SZ,20080904,3.7,3.73,3.62,3.71,3.68,0.03,0.82,9798.29,3612.0342
000570.SZ,20080903,3.61,3.7,3.54,3.68,3.6,0.08,2.22,14940.69,5423.1977
000570.SZ,20080902,3.52,3.68,3.46,3.6,3.48,0.12,3.45,17144.61,6136.7683
000570.SZ,20080901,3.58,3.58,3.42,3.48,3.62,-0.14,-3.87,7383.67,2586.2252
000570.SZ,20080829,3.5,3.68,3.5,3.62,3.52,0.1,2.84,13893.99,5005.8648
000570.SZ,20080828,3.45,3.53,3.45,3.52,3.51,0.01,0.28,5372.73,1883.4606
000570.SZ,20080827,3.35,3.55,3.35,3.51,3.42,0.09,2.63,11627.09,4043.6837
000570.SZ,20080826,3.73,3.73,3.38,3.42,3.71,-0.29,-7.82,9179.65,3205.4326
000570.SZ,20080825,3.75,3.8,3.68,3.71,3.74,-0.03,-0.8,5681.9,2131.0154
000570.SZ,20080822,3.73,3.85,3.66,3.74,3.75,-0.01,-0.27,12089.1,4530.2736
000570.SZ,20080821,3.92,3.98,3.74,3.75,4.02,-0.27,-6.72,28963.96,11221.2978
000570.SZ,20080820,3.55,4.04,3.55,4.02,3.67,0.35,9.54,42561.53,16655.1426
000570.SZ,20080819,3.48,3.67,3.41,3.67,3.6,0.07,1.94,5866.0,2115.9102
000570.SZ,20080818,4.0,4.0,3.6,3.6,3.96,-0.36,-9.09,8362.6,3128.7866
000570.SZ,20080815,3.96,4.0,3.81,3.96,3.96,0.0,0.0,6201.95,2446.2583
000570.SZ,20080814,4.0,4.02,3.91,3.96,3.96,0.0,0.0,5746.13,2277.1325
000570.SZ,20080813,4.01,4.01,3.75,3.96,4.01,-0.05,-1.25,8361.91,3253.1046
000570.SZ,20080812,3.98,4.05,3.87,4.01,4.03,-0.02,-0.5,12001.02,4768.044
000570.SZ,20080811,4.39,4.39,4.03,4.03,4.48,-0.45,-10.04,28073.33,11606.4777
000570.SZ,20080808,4.8,4.8,4.48,4.48,4.98,-0.5,-10.04,40824.54,18817.5258
000570.SZ,20080807,4.98,5.13,4.83,4.98,4.87,0.11,2.26,9722.39,4802.6334
000570.SZ,20080806,5.07,5.07,4.82,4.87,4.95,-0.08,-1.62,8542.73,4217.4022
000570.SZ,20080805,5.15,5.18,4.92,4.95,5.2,-0.25,-4.81,7442.92,3768.748
000570.SZ,20080804,5.2,5.25,5.06,5.2,5.25,-0.05,-0.95,8775.57,4516.5879
000570.SZ,20080801,5.15,5.29,5.08,5.25,5.15,0.1,1.94,12707.1,6592.2516
000570.SZ,20080731,5.38,5.4,5.12,5.15,5.38,-0.23,-4.28,14498.66,7568.9685
000570.SZ,20080730,5.35,5.49,5.3,5.38,5.33,0.05,0.94,23593.26,12691.5522
000570.SZ,20080729,5.4,5.48,5.28,5.33,5.5,-0.17,-3.09,23370.71,12518.2153
000570.SZ,20080728,5.29,5.68,5.28,5.5,5.28,0.22,4.17,31433.55,17258.8335
000570.SZ,20080725,5.33,5.38,5.24,5.28,5.36,-0.08,-1.49,16158.04,8570.3218
000570.SZ,20080724,5.3,5.43,5.23,5.36,5.21,0.15,2.88,29302.79,15663.3643
000570.SZ,20080723,5.23,5.43,5.19,5.21,5.25,-0.04,-0.76,18586.01,9862.428
000570.SZ,20080722,5.14,5.35,5.07,5.25,5.14,0.11,2.14,27176.8,14231.7002
000570.SZ,20080721,4.94,5.16,4.85,5.14,4.93,0.21,4.26,18435.98,9340.822
000570.SZ,20080718,4.74,4.96,4.74,4.93,4.74,0.19,4.01,11482.08,5569.0784
000570.SZ,20080717,4.82,4.94,4.72,4.74,4.79,-0.05,-1.04,13585.73,6600.9457
000570.SZ,20080716,5.08,5.11,4.76,4.79,5.15,-0.36,-6.99,18352.89,9065.8159
000570.SZ,20080715,5.41,5.45,5.1,5.15,5.41,-0.26,-4.81,21199.42,11131.7884
000570.SZ,20080714,5.11,5.45,5.11,5.41,5.21,0.2,3.84,15925.85,8409.7811
000570.SZ,20080711,5.25,5.38,5.09,5.21,5.35,-0.14,-2.62,21765.88,11356.5797
000570.SZ,20080710,5.4,5.56,5.3,5.35,5.46,-0.11,-2.01,35576.64,19351.8868
000570.SZ,20080709,5.29,5.47,5.27,5.46,5.25,0.21,4.0,33200.22,17871.2015
000570.SZ,20080708,5.22,5.28,5.11,5.25,5.2,0.05,0.96,20213.4,10523.9419
000570.SZ,20080707,4.94,5.23,4.93,5.2,4.94,0.26,5.26,20668.45,10607.7104
000570.SZ,20080704,4.89,5.09,4.88,4.94,4.92,0.02,0.41,13064.9,6496.0336
000570.SZ,20080703,4.68,5.03,4.58,4.92,4.73,0.19,4.02,19433.86,9452.8853
000570.SZ,20080702,4.7,4.8,4.62,4.73,4.67,0.06,1.28,9240.06,4364.1584
000570.SZ,20080701,4.8,4.83,4.59,4.67,4.8,-0.13,-2.71,11474.7,5381.5179
000570.SZ,20080630,4.8,4.88,4.64,4.8,4.8,0.0,0.0,12489.0,5924.1159
000570.SZ,20080627,5.0,5.12,4.8,4.8,5.33,-0.53,-9.94,31247.65,15352.2632
000570.SZ,20080626,5.28,5.42,5.12,5.33,5.28,0.05,0.95,40430.42,21307.698
000570.SZ,20080625,4.8,5.28,4.76,5.28,4.8,0.48,10.0,40829.5,21025.1512
000570.SZ,20080624,4.66,4.84,4.66,4.8,4.66,0.14,3.0,12529.66,5974.3056
000570.SZ,20080623,4.52,4.75,4.52,4.66,4.67,-0.01,-0.21,11999.54,5595.4296
000570.SZ,20080620,4.8,4.97,4.36,4.67,4.64,0.03,0.65,22678.38,10705.1677
000570.SZ,20080619,5.06,5.13,4.64,4.64,5.15,-0.51,-9.9,23332.93,11336.2345
000570.SZ,20080618,4.83,5.27,4.66,5.15,4.84,0.31,6.41,24173.46,12063.5157
000570.SZ,20080617,5.42,5.42,4.84,4.84,5.38,-0.54,-10.04,22183.11,11275.7552
000570.SZ,20080616,5.5,5.68,5.24,5.38,5.48,-0.1,-1.82,15425.12,8298.6418
000570.SZ,20080613,5.88,5.89,5.4,5.48,5.8,-0.32,-5.52,19305.91,10968.6984
000570.SZ,20080612,5.92,5.94,5.57,5.8,5.93,-0.13,-2.19,29610.76,16893.9266
000570.SZ,20080611,6.21,6.39,5.88,5.93,6.53,-0.6,-9.19,24800.34,14900.0441
000570.SZ,20080610,6.97,6.98,6.53,6.53,7.25,-0.72,-9.93,14306.79,9498.3202
000570.SZ,20080606,7.35,7.39,7.21,7.25,7.32,-0.07,-0.96,8088.46,5877.5702
000570.SZ,20080605,7.32,7.41,7.21,7.32,7.32,0.0,0.0,9849.87,7206.6642
000570.SZ,20080604,7.42,7.5,7.23,7.32,7.42,-0.1,-1.35,10439.96,7660.7532
000570.SZ,20080603,7.54,7.55,7.38,7.42,7.56,-0.14,-1.85,11990.05,8928.0867
000570.SZ,20080602,7.36,7.59,7.36,7.56,7.48,0.08,1.07,13654.73,10239.7098
000570.SZ,20080530,7.35,7.53,7.31,7.48,7.37,0.11,1.49,14016.92,10410.4449
000570.SZ,20080529,7.6,7.6,7.35,7.37,7.59,-0.22,-2.9,16827.06,12532.0832
000570.SZ,20080528,7.45,7.65,7.4,7.59,7.45,0.14,1.88,14222.71,10686.2948
000570.SZ,20080527,7.36,7.5,7.3,7.45,7.33,0.12,1.64,11668.19,8629.172
000570.SZ,20080526,7.77,7.77,7.33,7.33,7.8,-0.47,-6.03,21656.89,16247.899
000570.SZ,20080523,8.01,8.1,7.62,7.8,8.02,-0.22,-2.74,25389.1,19787.9227
000570.SZ,20080522,7.89,8.38,7.76,8.02,7.82,0.2,2.56,48131.71,39218.8019
000570.SZ,20080521,7.51,7.94,7.4,7.82,7.55,0.27,3.58,30714.7,23461.6098
000570.SZ,20080520,8.18,8.31,7.5,7.55,8.22,-0.67,-8.15,32861.61,26172.5711
000570.SZ,20080519,8.49,8.5,8.18,8.22,8.41,-0.19,-2.26,26607.02,22048.9722
000570.SZ,20080516,8.4,8.66,8.26,8.48,8.4,0.08,0.95,38862.87,32773.3787
000570.SZ,20080515,8.4,8.7,8.37,8.4,8.35,0.05,0.6,67368.69,57342.3315
000570.SZ,20080514,8.22,8.35,8.1,8.35,7.99,0.36,4.51,46685.37,38565.81
000570.SZ,20080513,7.83,8.07,7.61,7.99,8.22,-0.23,-2.8,45072.95,35753.1338
000570.SZ,20080512,7.99,8.35,7.92,8.22,8.2,0.02,0.24,32617.85,26520.3807
000570.SZ,20080509,8.4,8.49,7.91,8.2,8.5,-0.3,-3.53,56488.36,46427.9422
000570.SZ,20080508,8.11,8.5,7.7,8.5,8.29,0.21,2.53,74894.28,60717.9653
000570.SZ,20080507,9.0,9.08,8.25,8.29,8.95,-0.66,-7.37,125355.95,109167.593
000570.SZ,20080506,8.55,8.95,8.33,8.95,8.14,0.81,9.95,164465.6,144985.0074
000570.SZ,20080430,7.72,8.19,7.7,8.14,7.67,0.47,6.13,66299.32,52975.2044
000570.SZ,20080429,7.51,7.78,7.43,7.67,7.66,0.01,0.13,39846.75,30425.5184
000570.SZ,20080428,8.0,8.0,7.51,7.66,8.17,-0.51,-6.24,59873.42,46155.1932
000570.SZ,20080425,8.38,8.49,8.02,8.17,8.62,-0.45,-5.22,111789.37,92295.1824
000570.SZ,20080424,8.4,8.66,8.1,8.62,7.89,0.73,9.25,138512.66,116060.2
000570.SZ,20080423,8.0,8.0,7.19,7.89,7.93,-0.04,-0.5,121086.52,92689.0201
000570.SZ,20080422,7.88,8.1,7.88,7.93,8.75,-0.82,-9.37,57427.64,45343.9593
000570.SZ,20080421,9.5,9.5,8.67,8.75,8.74,0.01,0.11,34871.78,31479.9821
000570.SZ,20080418,8.41,8.85,8.2,8.74,8.65,0.09,1.04,27934.81,23939.4483
000570.SZ,20080417,8.98,9.27,8.28,8.65,9.09,-0.44,-4.84,28041.56,24691.6776
000570.SZ,20080416,9.6,9.69,9.08,9.09,9.79,-0.7,-7.15,21694.95,20155.8479
000570.SZ,20080415,9.3,9.8,8.98,9.79,9.64,0.15,1.56,30076.62,28033.1441
000570.SZ,20080414,10.32,10.32,9.64,9.64,10.71,-1.07,-9.99,42560.3,41879.1238
000570.SZ,20080411,11.0,11.02,10.38,10.71,11.47,-0.76,-6.63,102061.78,109698.9163
000570.SZ,20080410,10.6,11.49,10.51,11.47,10.8,0.67,6.2,54061.58,60268.8127
000570.SZ,20080409,10.25,11.39,10.06,10.8,10.35,0.45,4.35,72345.25,80036.3446
000570.SZ,20080408,10.35,10.46,9.98,10.35,10.18,0.17,1.67,19499.81,20065.8667
000570.SZ,20080407,9.36,10.28,9.2,10.18,9.48,0.7,7.38,15682.67,15579.698
000570.SZ,20080403,9.33,9.6,8.92,9.48,9.27,0.21,2.27,12896.81,12045.2286
000570.SZ,20080402,10.1,10.27,9.2,9.27,9.9,-0.63,-6.36,17385.01,16730.3132
000570.SZ,20080401,10.87,11.0,9.89,9.9,10.85,-0.95,-8.76,15845.5,16265.6555
000570.SZ,20080331,11.0,11.22,10.8,10.85,11.36,-0.51,-4.49,9807.06,10773.0754
000570.SZ,20080328,10.71,11.45,10.56,11.36,10.92,0.44,4.03,13868.75,15245.2206
000570.SZ,20080327,11.44,11.73,10.91,10.92,11.68,-0.76,-6.51,13940.74,15657.3997
000570.SZ,20080326,11.9,12.01,11.65,11.68,11.87,-0.19,-1.6,11502.37,13616.4314
000570.SZ,20080325,11.45,11.92,11.28,11.87,11.73,0.14,1.19,12181.5,14200.3083
000570.SZ,20080324,12.2,12.35,11.73,11.73,11.98,-0.25,-2.09,14605.94,17507.8424
000570.SZ,20080321,12.0,12.3,11.81,11.98,12.0,-0.02,-0.17,16151.85,19506.442
000570.SZ,20080320,11.4,12.18,10.9,12.0,11.47,0.53,4.62,23231.77,26785.0511
000570.SZ,20080319,10.96,11.79,10.7,11.47,10.78,0.69,6.4,23696.13,26839.3137
000570.SZ,20080318,11.63,12.09,10.53,10.78,11.7,-0.92,-7.86,28506.49,31974.6671
000570.SZ,20080317,12.85,12.99,11.6,11.7,12.8,-1.1,-8.59,23038.85,28246.4228
000570.SZ,20080314,12.88,13.15,12.66,12.8,12.98,-0.18,-1.39,11861.91,15220.423
000570.SZ,20080313,13.7,13.71,12.6,12.98,13.78,-0.8,-5.81,27901.77,36654.7395
000570.SZ,20080312,14.3,14.49,13.78,13.78,14.21,-0.43,-3.03,19923.07,27986.3012
000570.SZ,20080311,14.06,14.3,13.58,14.21,14.44,-0.23,-1.59,35133.92,49098.4097
000570.SZ,20080310,14.68,14.99,14.3,14.44,14.57,-0.13,-0.89,91539.57,135047.0328
000570.SZ,20080307,14.5,14.77,14.3,14.57,14.61,-0.04,-0.27,44942.75,65444.4265
000570.SZ,20080306,14.22,14.65,13.91,14.61,14.02,0.59,4.21,59834.98,86227.966
000570.SZ,20080305,14.0,14.35,13.66,14.02,14.11,-0.09,-0.64,21997.78,30630.5548
000570.SZ,20080304,14.52,14.57,14.11,14.11,14.38,-0.27,-1.88,30080.57,42975.525
000570.SZ,20080303,14.0,14.38,13.72,14.38,13.94,0.44,3.16,33651.17,47788.576
000570.SZ,20080229,13.44,14.09,13.44,13.94,13.61,0.33,2.42,22137.32,30643.6638
000570.SZ,20080228,13.5,13.98,13.1,13.61,13.75,-0.14,-1.02,21174.01,28844.9715
000570.SZ,20080226,13.69,13.99,13.18,13.75,13.49,0.26,1.93,20761.13,28097.7723
000570.SZ,20080225,14.15,14.29,13.42,13.49,14.04,-0.55,-3.92,28838.43,39722.2966
000570.SZ,20080222,13.9,14.58,13.81,14.04,14.09,-0.05,-0.35,37311.23,52925.9507
000570.SZ,20080221,14.21,14.31,13.9,14.09,14.18,-0.09,-0.63,25246.41,35716.0427
000570.SZ,20080220,14.38,14.43,13.85,14.18,14.18,0.0,0.0,35887.93,50567.3837
000570.SZ,20080219,13.8,14.38,13.8,14.18,13.72,0.46,3.35,44044.64,62533.1712
000570.SZ,20080218,13.46,13.97,13.46,13.72,13.29,0.43,3.24,33511.08,46102.573
000570.SZ,20080215,12.9,13.32,12.82,13.29,12.96,0.33,2.55,19329.64,25233.7463
000570.SZ,20080214,12.84,13.16,12.84,12.96,12.83,0.13,1.01,9667.93,12592.7731
000570.SZ,20080213,12.8,13.18,12.65,12.83,12.95,-0.12,-0.93,12856.18,16626.5944
000570.SZ,20080205,12.67,13.25,12.56,12.95,12.67,0.28,2.21,24520.89,31803.41
000570.SZ,20080204,11.82,12.67,11.82,12.67,11.52,1.15,9.98,21300.51,26351.9899
000570.SZ,20080201,12.25,12.4,11.11,11.52,12.22,-0.7,-5.73,22270.29,25909.1843
000570.SZ,20080131,12.5,12.65,12.22,12.22,12.53,-0.31,-2.47,10770.93,13377.7176
000570.SZ,20080130,12.42,12.77,12.11,12.53,12.36,0.17,1.38,21054.43,26326.928
000570.SZ,20080129,12.08,12.58,12.05,12.36,12.1,0.26,2.15,15593.12,19190.2434
000570.SZ,20080128,13.44,13.45,11.96,12.1,13.25,-1.15,-8.68,31176.95,39611.4955
000570.SZ,20080125,13.4,13.53,13.12,13.25,13.39,-0.14,-1.05,23601.24,31382.2844
000570.SZ,20080124,13.3,13.55,13.01,13.39,13.18,0.21,1.59,30923.9,41200.1482
000570.SZ,20080123,12.5,13.19,12.12,13.18,12.51,0.67,5.36,33544.94,43023.5552
000570.SZ,20080122,13.53,13.53,12.51,12.51,13.9,-1.39,-10.0,41884.39,54241.1904
000570.SZ,20080121,14.92,15.08,13.73,13.9,14.92,-1.02,-6.84,35037.61,50591.4296
000570.SZ,20080118,15.0,15.18,14.7,14.92,15.01,-0.09,-0.6,27349.74,40596.8378
000570.SZ,20080117,15.33,15.65,14.42,15.01,15.37,-0.36,-2.34,56548.24,85165.3299
000570.SZ,20080116,15.2,15.65,15.01,15.37,15.4,-0.03,-0.19,66050.59,101956.736
000570.SZ,20080115,15.08,15.49,14.95,15.4,14.98,0.42,2.8,77883.99,119231.0458
000570.SZ,20080114,14.6,15.04,14.33,14.98,14.6,0.38,2.6,47652.88,70076.5719
000570.SZ,20080111,14.77,14.97,14.3,14.6,14.79,-0.19,-1.28,36616.74,53114.3781
000570.SZ,20080110,14.85,15.19,14.76,14.79,14.83,-0.04,-0.27,51004.51,76417.0676
000570.SZ,20080109,14.25,14.83,14.13,14.83,14.3,0.53,3.71,37663.14,54827.8289
000570.SZ,20080108,14.75,15.12,14.01,14.3,14.73,-0.43,-2.92,53380.85,78728.6444
000570.SZ,20080107,14.7,14.85,14.55,14.73,14.7,0.03,0.2,39528.08,58253.272
000570.SZ,20080104,14.83,14.86,14.6,14.7,14.87,-0.17,-1.14,30928.99,45550.3054
000570.SZ,20080103,14.3,14.93,14.22,14.87,14.26,0.61,4.28,54859.12,80690.6563
000570.SZ,20080102,14.02,14.34,13.89,14.26,13.96,0.3,2.15,35263.9,49954.0934
000570.SZ,20071228,14.35,14.4,13.95,13.96,14.29,-0.33,-2.31,44406.26,62537.9799
000570.SZ,20071227,14.35,14.5,14.2,14.29,14.3,-0.01,-0.07,41996.63,60275.2189
000570.SZ,20071226,14.09,14.39,14.09,14.3,14.1,0.2,1.42,35948.37,51165.818
000570.SZ,20071225,14.01,14.19,13.8,14.1,14.01,0.09,0.64,38243.62,53482.2416
000570.SZ,20071224,13.92,14.46,13.86,14.01,13.9,0.11,0.79,64344.79,91051.5862
000570.SZ,20071221,13.68,13.99,13.54,13.9,13.69,0.21,1.53,48146.83,66364.6886
000570.SZ,20071220,13.6,13.9,13.51,13.69,13.76,-0.07,-0.51,62491.43,85587.9771
000570.SZ,20071219,12.95,13.99,12.95,13.76,12.72,1.04,8.18,138667.66,188407.533
000570.SZ,20071218,12.4,12.72,12.21,12.72,12.48,0.24,1.92,24987.92,31233.5328
000570.SZ,20071217,12.2,12.6,12.18,12.48,12.25,0.23,1.88,28792.96,35872.0728
000570.SZ,20071214,11.94,12.25,11.8,12.25,12.05,0.2,1.66,18630.36,22490.8666
000570.SZ,20071213,12.58,12.6,12.01,12.05,12.6,-0.55,-4.37,27293.09,33817.4453
000570.SZ,20071212,12.48,12.68,12.28,12.6,12.4,0.2,1.61,27585.95,34511.1181
000570.SZ,20071211,12.45,12.55,12.23,12.4,12.42,-0.02,-0.16,26553.7,32765.4273
000570.SZ,20071210,11.9,12.5,11.82,12.42,12.0,0.42,3.5,33670.01,41285.0432
000570.SZ,20071207,11.69,12.0,11.69,12.0,11.7,0.3,2.56,21466.9,25573.3853
000570.SZ,20071206,11.83,11.88,11.63,11.7,11.84,-0.14,-1.18,13189.07,15449.2399
000570.SZ,20071205,11.68,11.87,11.51,11.84,11.66,0.18,1.54,19173.33,22527.7994
000570.SZ,20071204,11.72,11.88,11.65,11.66,11.7,-0.04,-0.34,10806.86,12714.7172
000570.SZ,20071203,11.47,11.74,11.47,11.7,11.56,0.14,1.21,9868.24,11479.1087
000570.SZ,20071130,11.74,11.85,11.55,11.56,11.77,-0.21,-1.78,13836.02,16122.1813
000570.SZ,20071129,11.5,11.85,11.31,11.77,11.29,0.48,4.25,19268.67,22452.8177
000570.SZ,20071128,11.34,11.66,11.27,11.29,11.3,-0.01,-0.09,12899.91,14774.7693
000570.SZ,20071127,11.22,11.45,11.2,11.3,11.33,-0.03,-0.26,8025.34,9083.756
000570.SZ,20071126,11.61,11.88,11.33,11.33,11.5,-0.17,-1.48,13330.76,15443.364
000570.SZ,20071123,11.14,11.5,11.05,11.5,11.26,0.24,2.13,13021.22,14767.6168
000570.SZ,20071122,11.8,11.88,11.16,11.26,11.98,-0.72,-6.01,18034.54,20814.4306
000570.SZ,20071121,12.29,12.45,11.98,11.98,12.36,-0.38,-3.07,21036.04,25637.7111
000570.SZ,20071120,12.02,12.47,11.92,12.36,12.02,0.34,2.83,34887.13,42949.5145
000570.SZ,20071119,11.31,12.1,11.28,12.02,11.29,0.73,6.47,36554.08,43492.5889
000570.SZ,20071116,11.14,11.37,10.87,11.29,11.13,0.16,1.44,15443.93,17049.573
000570.SZ,20071115,11.49,11.49,11.12,11.13,11.5,-0.37,-3.22,18764.54,21161.3963
000570.SZ,20071114,11.16,11.52,11.08,11.5,11.0,0.5,4.55,19875.37,22458.2082
000570.SZ,20071113,10.99,11.29,10.85,11.0,10.95,0.05,0.46,18091.09,20062.5843
000570.SZ,20071112,11.47,11.47,10.5,10.95,11.5,-0.55,-4.78,23655.14,25776.0045
000570.SZ,20071109,11.59,11.9,11.42,11.5,11.67,-0.17,-1.46,17608.73,20463.0434
000570.SZ,20071108,12.25,12.25,11.6,11.67,12.28,-0.61,-4.97,21047.05,25209.6477
000570.SZ,20071107,12.46,12.63,12.18,12.28,12.44,-0.16,-1.29,13161.3,16259.735
000570.SZ,20071106,12.3,12.59,12.3,12.44,12.29,0.15,1.22,14282.66,17823.6032
000570.SZ,20071105,12.07,12.47,11.82,12.29,12.21,0.08,0.66,23423.38,28619.1085
000570.SZ,20071102,12.5,12.55,12.1,12.21,12.68,-0.47,-3.71,31091.34,38159.2709
000570.SZ,20071101,13.46,13.46,12.66,12.68,13.32,-0.64,-4.8,26336.23,34217.6745
000570.SZ,20071031,12.95,13.58,12.95,13.32,12.91,0.41,3.18,42463.41,56523.9418
000570.SZ,20071030,12.79,12.95,12.4,12.91,12.75,0.16,1.25,28494.02,36262.2012
000570.SZ,20071029,12.5,12.75,12.03,12.75,12.47,0.28,2.25,35491.2,43744.811
000570.SZ,20071026,12.3,12.8,12.01,12.47,12.58,-0.11,-0.87,31511.52,39010.6262
000570.SZ,20071025,13.65,13.87,12.58,12.58,13.98,-1.4,-10.01,68114.15,87894.4266
000570.SZ,20071024,15.2,15.2,13.95,13.98,14.89,-0.91,-6.11,65126.96,93972.643
000570.SZ,20071023,14.42,14.95,14.28,14.89,14.38,0.51,3.55,26096.81,38132.9979
000570.SZ,20071022,15.05,15.17,14.38,14.38,15.32,-0.94,-6.14,42879.52,63416.6686
000570.SZ,20071019,15.64,15.8,15.26,15.32,15.52,-0.2,-1.29,29843.38,46124.5121
000570.SZ,20071018,16.3,16.3,15.5,15.52,16.3,-0.78,-4.79,46551.81,73195.4447
000570.SZ,20071017,16.48,16.97,16.2,16.3,15.97,0.33,2.07,96936.4,160043.0862
000570.SZ,20071016,16.35,16.35,15.82,15.97,16.42,-0.45,-2.74,57276.53,91661.517
000570.SZ,20071015,15.93,16.79,15.81,16.42,15.81,0.61,3.86,177365.11,290810.3765
000570.SZ,20071012,15.6,15.95,14.8,15.81,15.6,0.21,1.35,91383.76,142326.2348
000570.SZ,20071011,15.6,15.8,15.3,15.6,15.64,-0.04,-0.26,40753.84,63219.7358
000570.SZ,20071010,15.88,15.95,15.5,15.64,15.85,-0.21,-1.32,43603.39,68436.4388
000570.SZ,20071009,15.36,16.15,15.1,15.85,15.41,0.44,2.86,78041.56,123169.3096
000570.SZ,20071008,15.92,15.97,15.32,15.41,15.67,-0.26,-1.66,41561.48,64296.3916
000570.SZ,20070928,15.57,15.74,15.28,15.67,15.4,0.27,1.75,40946.77,63683.6067
000570.SZ,20070927,15.3,15.48,14.95,15.4,15.21,0.19,1.25,25428.63,38593.7063
000570.SZ,20070926,15.7,15.78,14.92,15.21,15.78,-0.57,-3.61,37880.54,58000.8102
000570.SZ,20070925,15.97,15.99,15.27,15.78,16.38,-0.6,-3.66,79287.31,123734.6887
000570.SZ,20070924,16.27,17.13,16.15,16.38,15.57,0.81,5.2,157833.72,263932.362
000570.SZ,20070921,16.46,16.6,15.1,15.57,16.02,-0.45,-2.81,53608.08,84159.8341
000570.SZ,20070919,16.38,16.8,15.88,16.02,16.02,0.0,0.0,70813.36,115269.4153
000570.SZ,20070918,16.1,16.27,15.61,16.02,16.09,-0.07,-0.44,57381.57,91385.2721
000570.SZ,20070917,15.52,16.28,15.4,16.09,15.48,0.61,3.94,79937.62,127717.5707
000570.SZ,20070914,15.25,15.54,15.0,15.48,15.22,0.26,1.71,55802.7,85591.7373
000570.SZ,20070913,14.9,15.28,14.6,15.22,14.87,0.35,2.35,46516.06,69728.034
000570.SZ,20070912,14.6,15.11,14.38,14.87,14.7,0.17,1.16,48426.06,71283.2707
000570.SZ,20070911,16.0,16.1,14.57,14.7,16.0,-1.3,-8.13,70377.32,109245.5582
000570.SZ,20070910,15.7,16.09,15.23,16.0,16.1,-0.1,-0.62,67268.58,105443.6482
000570.SZ,20070907,16.55,16.56,15.89,16.1,16.67,-0.57,-3.42,96714.21,156167.7714
000570.SZ,20070906,16.6,16.85,16.15,16.67,16.4,0.27,1.65,108004.67,178899.0396
000570.SZ,20070905,17.49,17.6,16.0,16.4,16.68,-0.28,-1.68,154997.15,256738.7596
000570.SZ,20070903,15.4,16.68,15.4,16.68,15.16,1.52,10.03,201777.48,331280.2566
000570.SZ,20070831,14.93,15.33,14.93,15.16,14.85,0.31,2.09,74966.81,113546.7131
000570.SZ,20070830,14.35,14.97,14.35,14.85,14.31,0.54,3.77,48194.88,70818.5698
000570.SZ,20070829,14.7,14.8,14.22,14.31,14.77,-0.46,-3.11,57220.17,82635.7586
000570.SZ,20070828,14.68,15.0,14.52,14.77,14.68,0.09,0.61,52079.68,77054.0216
000570.SZ,20070827,15.3,15.45,14.51,14.68,15.15,-0.47,-3.1,72946.16,108692.2211
000570.SZ,20070824,15.38,15.6,15.12,15.15,15.32,-0.17,-1.11,71365.71,109338.9983
000570.SZ,20070823,14.98,15.48,14.92,15.32,14.98,0.34,2.27,82388.13,125617.0691
000570.SZ,20070822,14.85,15.14,14.68,14.98,14.98,0.0,0.0,72415.56,108217.7424
000570.SZ,20070821,14.96,15.2,14.91,14.98,15.05,-0.07,-0.47,62753.52,94439.8703
000570.SZ,20070820,14.59,15.15,14.5,15.05,14.25,0.8,5.61,65337.51,97044.9453
000570.SZ,20070817,14.36,14.6,14.2,14.25,14.45,-0.2,-1.38,37614.18,54125.6774
000570.SZ,20070816,14.5,14.58,14.13,14.45,14.52,-0.07,-0.48,47880.79,68386.2405
000570.SZ,20070815,14.84,14.99,14.27,14.52,14.84,-0.32,-2.16,50470.0,73656.1995
000570.SZ,20070814,14.8,15.08,14.62,14.84,14.8,0.04,0.27,43589.7,64984.8591
000570.SZ,20070813,14.31,14.95,14.03,14.8,14.41,0.39,2.71,72757.18,105370.4733
000570.SZ,20070810,14.98,14.98,14.0,14.41,14.85,-0.44,-2.96,59717.49,86128.6941
000570.SZ,20070809,14.48,15.29,14.4,14.85,14.56,0.29,1.99,59917.79,89557.6672
000570.SZ,20070808,14.9,15.0,14.38,14.56,15.05,-0.49,-3.26,79843.22,116828.0589
000570.SZ,20070807,15.51,15.53,14.94,15.05,15.51,-0.46,-2.97,101657.7,153552.7587
000570.SZ,20070806,15.8,15.94,15.26,15.51,15.7,-0.19,-1.21,105044.39,163455.6437
000570.SZ,20070803,15.72,15.96,15.32,15.7,15.59,0.11,0.71,112025.82,174324.96
000570.SZ,20070802,14.91,15.78,14.91,15.59,14.9,0.69,4.63,121959.24,188191.569
000570.SZ,20070801,15.22,15.99,14.5,14.9,15.15,-0.25,-1.65,174831.49,268577.2146
000570.SZ,20070731,14.92,15.2,14.41,15.15,14.98,0.17,1.13,114565.82,170099.6856
000570.SZ,20070730,14.5,15.38,14.5,14.98,14.32,0.66,4.61,160354.62,240874.6199
000570.SZ,20070727,14.29,14.85,14.1,14.32,14.09,0.23,1.63,219355.47,317829.1752
000570.SZ,20070726,14.35,14.46,13.8,14.09,14.19,-0.1,-0.7,147655.69,207504.0368
000570.SZ,20070725,12.95,14.19,12.95,14.19,12.9,1.29,10.0,167973.52,232483.3036
000570.SZ,20070724,13.2,13.32,12.87,12.9,12.99,-0.09,-0.69,117474.27,154231.966
000570.SZ,20070723,12.5,13.21,12.4,12.99,12.26,0.73,5.95,114425.55,146646.9006
000570.SZ,20070720,11.9,12.34,11.8,12.26,11.87,0.39,3.29,55841.13,67979.3377
000570.SZ,20070719,12.05,12.08,11.75,11.87,12.08,-0.21,-1.74,37972.31,45026.0302
000570.SZ,20070718,11.99,12.55,11.94,12.08,11.93,0.15,1.26,100753.73,123643.9697
000570.SZ,20070717,11.55,12.15,11.5,11.93,11.7,0.23,1.97,40128.1,47704.6888
000570.SZ,20070716,12.41,12.42,11.7,11.7,12.37,-0.67,-5.42,61746.65,73882.2773
000570.SZ,20070713,12.71,12.84,11.88,12.37,12.7,-0.33,-2.6,74993.67,91655.3795
000570.SZ,20070712,12.32,12.88,12.32,12.7,12.4,0.3,2.42,61976.44,78159.9299
000570.SZ,20070711,12.05,12.65,11.96,12.4,12.18,0.22,1.81,46520.05,57458.7493
000570.SZ,20070710,12.78,12.84,12.15,12.18,12.9,-0.72,-5.58,74068.49,92063.98
000570.SZ,20070709,12.59,13.28,12.31,12.9,12.5,0.4,3.2,116946.47,149312.4461
000570.SZ,20070706,11.61,12.6,11.55,12.5,11.72,0.78,6.66,122406.32,148083.8908
000570.SZ,20070705,12.72,12.95,11.72,11.72,13.02,-1.3,-9.98,136136.12,165142.1447
000570.SZ,20070704,13.84,13.84,13.0,13.02,13.85,-0.83,-5.99,136381.88,182724.2315
000570.SZ,20070703,13.11,14.05,12.83,13.85,13.1,0.75,5.73,236774.01,321186.2422
000570.SZ,20070702,12.78,13.35,12.0,13.1,12.74,0.36,2.83,183038.31,235916.918
000570.SZ,20070629,11.6,13.29,11.3,12.74,12.08,0.66,5.46,185662.88,229960.418
000570.SZ,20070628,13.19,13.63,12.0,12.08,13.18,-1.1,-8.35,180214.88,233552.5194
000570.SZ,20070627,12.12,13.18,11.5,13.18,11.98,1.2,10.02,182239.3,224184.7091
000570.SZ,20070626,11.45,11.98,10.92,11.98,12.13,-0.15,-1.24,157453.34,180395.0176
000570.SZ,20070625,13.48,13.76,12.13,12.13,13.48,-1.35,-10.01,234996.39,305344.1271
000570.SZ,20070622,13.48,13.48,12.5,13.48,12.25,1.23,10.04,621692.12,814130.4492
000570.SZ,20070621,12.25,12.25,12.25,12.25,11.14,1.11,9.96,39301.43,48144.2518
000570.SZ,20070620,10.15,11.14,10.15,11.14,10.13,1.01,9.97,218290.82,240460.644
000570.SZ,20070619,10.0,10.14,9.76,10.13,10.03,0.1,1.0,75582.94,75473.6681
000570.SZ,20070618,9.82,10.3,9.76,10.03,9.61,0.42,4.37,92171.97,93097.1985
000570.SZ,20070615,9.47,9.81,9.31,9.61,9.55,0.06,0.63,63363.63,61082.9996
000570.SZ,20070614,9.98,9.99,9.55,9.55,9.98,-0.43,-4.31,75396.84,73678.1488
000570.SZ,20070613,9.8,10.11,9.76,9.98,9.73,0.25,2.57,122734.13,122112.9914
000570.SZ,20070612,9.52,9.79,8.9,9.73,9.5,0.23,2.42,109837.23,103556.4912
000570.SZ,20070611,9.33,9.87,9.33,9.5,9.3,0.2,2.15,88546.1,85056.487
000570.SZ,20070608,9.2,9.44,9.05,9.3,9.16,0.14,1.53,92887.26,86453.7626
000570.SZ,20070607,8.8,9.3,8.7,9.16,8.82,0.34,3.85,87492.19,79596.3984
000570.SZ,20070606,8.89,9.11,8.3,8.82,8.86,-0.04,-0.45,99240.8,87971.8062
000570.SZ,20070605,8.1,8.93,7.37,8.86,8.16,0.7,8.58,145171.0,118233.9602
000570.SZ,20070604,9.12,9.5,8.16,8.16,9.07,-0.91,-10.03,138070.45,119192.555
000570.SZ,20070601,10.08,10.44,9.07,9.07,10.08,-1.01,-10.02,112606.93,106470.5203
000570.SZ,20070531,10.8,10.86,9.89,10.08,10.99,-0.91,-8.28,129268.68,130436.3577
000570.SZ,20070530,11.05,11.89,10.99,10.99,12.21,-1.22,-9.99,117324.48,133006.1269
000570.SZ,20070529,12.1,12.44,11.96,12.21,12.06,0.15,1.24,106254.28,129729.6178
000570.SZ,20070528,12.15,12.48,12.0,12.06,11.9,0.16,1.34,121052.8,147833.8098
000570.SZ,20070525,11.75,12.1,11.5,11.9,11.83,0.07,0.59,122684.46,145586.3356
000570.SZ,20070524,12.25,12.27,11.5,11.83,12.18,-0.35,-2.87,134542.7,158655.3614
000570.SZ,20070523,11.4,12.38,11.25,12.18,11.25,0.93,8.27,177006.34,210204.3199
000570.SZ,20070522,11.18,11.65,11.18,11.25,11.14,0.11,0.99,121994.79,138993.7763
000570.SZ,20070521,10.6,11.28,10.51,11.14,11.0,0.14,1.27,109567.15,120416.5955
000570.SZ,20070518,11.32,11.35,10.9,11.0,11.28,-0.28,-2.48,93406.56,103230.5371
000570.SZ,20070517,11.41,11.66,11.31,11.35,11.31,0.04,0.35,117615.59,134580.7242
000570.SZ,20070516,10.75,11.31,10.7,11.31,10.8,0.51,4.72,115099.7,128166.6464
000570.SZ,20070515,11.58,11.79,10.6,10.8,11.52,-0.72,-6.25,173725.48,195510.0799
000570.SZ,20070514,10.92,11.88,10.7,11.52,10.9,0.62,5.69,264153.89,299766.0876
000570.SZ,20070511,10.29,10.98,10.05,10.9,10.38,0.52,5.01,201805.19,213695.0796
000570.SZ,20070510,10.05,10.53,9.96,10.38,10.03,0.35,3.49,132888.59,136840.8174
000570.SZ,20070509,10.29,10.3,9.65,10.03,10.3,-0.27,-2.62,114659.26,114777.2698
000570.SZ,20070508,10.08,10.56,10.0,10.3,10.06,0.24,2.39,146735.26,150464.4366
000570.SZ,20070430,9.8,10.1,9.4,10.06,10.05,0.01,0.1,157616.94,152586.629
000570.SZ,20070427,9.95,10.34,9.9,10.05,9.95,0.1,1.01,108846.2,110237.8646
000570.SZ,20070426,9.63,10.08,9.63,9.95,9.47,0.48,5.07,147181.29,145650.5532
000570.SZ,20070425,9.4,9.64,9.25,9.47,9.54,-0.07,-0.73,90395.09,85269.7283
000570.SZ,20070424,9.54,9.78,9.4,9.54,9.54,0.0,0.0,150500.17,144176.5897
000570.SZ,20070423,9.08,9.56,9.08,9.54,9.07,0.47,5.18,122914.47,115941.245
000570.SZ,20070420,8.51,9.2,8.51,9.07,8.47,0.6,7.08,96820.3,86297.9734
000570.SZ,20070419,9.24,9.24,8.41,8.47,9.34,-0.87,-9.31,117508.95,103902.5982
000570.SZ,20070418,9.01,9.47,8.82,9.34,9.01,0.33,3.66,134095.97,123444.4611
000570.SZ,20070417,9.1,9.15,8.65,9.01,9.05,-0.04,-0.44,122137.4,109032.7751
000570.SZ,20070416,8.75,9.06,8.5,9.05,8.77,0.28,3.19,136889.97,120021.3972
000570.SZ,20070412,8.65,8.83,8.56,8.77,8.63,0.14,1.62,102797.19,89568.7883
000570.SZ,20070411,8.78,8.78,8.49,8.63,8.82,-0.19,-2.15,88904.04,76621.8334
000570.SZ,20070410,8.52,8.89,8.48,8.82,8.54,0.28,3.28,122734.52,106846.1159
000570.SZ,20070409,8.5,8.75,8.47,8.54,8.55,-0.01,-0.12,122583.49,105174.0663
000570.SZ,20070406,8.44,8.69,8.31,8.55,8.58,-0.03,-0.35,103565.61,88398.181
000570.SZ,20070405,8.95,8.96,8.55,8.58,8.54,0.04,0.47,284557.27,247976.995
000570.SZ,20070404,8.1,8.54,8.1,8.54,7.76,0.78,10.05,75538.78,64044.5679
000570.SZ,20070403,7.64,7.76,7.51,7.76,7.65,0.11,1.44,73786.75,56212.2999
000570.SZ,20070402,7.28,7.65,7.25,7.65,7.29,0.36,4.94,54142.27,40177.2784
000570.SZ,20070330,7.15,7.36,7.15,7.29,7.11,0.18,2.53,42890.41,31204.9777
000570.SZ,20070329,7.66,7.72,7.11,7.11,7.67,-0.56,-7.3,80031.56,59430.6145
000570.SZ,20070328,7.76,7.98,7.21,7.67,7.76,-0.09,-1.16,108502.98,83283.1047
000570.SZ,20070327,7.78,7.82,7.6,7.76,7.76,0.0,0.0,78047.18,60339.1406
000570.SZ,20070326,7.62,7.85,7.51,7.76,7.56,0.2,2.65,111810.5,85855.0637
000570.SZ,20070323,7.29,7.64,7.2,7.56,7.28,0.28,3.85,118595.26,87927.7655
000570.SZ,20070322,7.28,7.39,7.14,7.28,7.24,0.04,0.55,96161.87,69900.5612
000570.SZ,20070321,7.18,7.37,7.1,7.24,7.29,-0.05,-0.69,66152.7,47510.834
000570.SZ,20070320,7.3,7.43,7.11,7.29,7.36,-0.07,-0.95,84674.11,61160.5882
000570.SZ,20070319,6.64,7.45,6.64,7.36,7.05,0.31,4.4,95939.69,69391.1619
000570.SZ,20070316,7.18,7.18,6.7,7.05,7.18,-0.13,-1.81,85596.7,59957.758
000570.SZ,20070315,7.17,7.5,7.08,7.18,7.19,-0.01,-0.14,73827.02,53772.8493
000570.SZ,20070314,7.05,7.57,7.05,7.19,7.01,0.18,2.57,111299.83,81238.4117
000570.SZ,20070313,6.79,7.23,6.71,7.01,6.78,0.23,3.39,81192.05,56644.2476
000570.SZ,20070312,6.76,6.83,6.51,6.78,6.76,0.02,0.3,66124.65,44329.3643
000570.SZ,20070309,6.71,6.85,6.57,6.76,6.54,0.22,3.36,122941.78,82868.351
000570.SZ,20070308,6.25,6.63,6.17,6.54,6.25,0.29,4.64,94502.64,60968.4472
000570.SZ,20070307,6.13,6.3,6.09,6.25,6.09,0.16,2.63,44540.92,27674.0417
000570.SZ,20070306,6.14,6.19,5.96,6.09,6.17,-0.08,-1.3,40710.02,24675.4574
000570.SZ,20070305,6.2,6.36,5.8,6.17,6.21,-0.04,-0.64,57013.93,34953.3913
000570.SZ,20070302,6.1,6.29,6.02,6.21,6.09,0.12,1.97,66403.81,41064.9314
000570.SZ,20070301,6.1,6.32,5.92,6.09,6.26,-0.17,-2.72,69449.56,42533.318
000570.SZ,20070228,5.7,6.32,5.68,6.26,5.8,0.46,7.93,82536.06,49742.3041
000570.SZ,20070227,6.45,6.69,5.79,5.8,6.43,-0.63,-9.8,136010.05,85361.5853
000570.SZ,20070226,6.22,6.48,6.21,6.43,6.19,0.24,3.88,93089.92,59327.7579
000570.SZ,20070216,6.63,6.8,6.15,6.19,6.23,-0.04,-0.64,178265.69,116036.9223
000570.SZ,20070215,5.81,6.23,5.81,6.23,5.66,0.57,10.07,49244.83,30274.5048
000570.SZ,20070214,5.47,5.67,5.39,5.66,5.43,0.23,4.24,98393.32,54910.2036
000570.SZ,20070213,5.33,5.45,5.26,5.43,5.32,0.11,2.07,79964.33,43078.5375
000570.SZ,20070212,5.24,5.4,5.23,5.32,5.25,0.07,1.33,50926.94,27172.6293
000570.SZ,20070209,5.15,5.3,5.07,5.25,5.18,0.07,1.35,52568.09,27381.0473
000570.SZ,20070208,5.11,5.2,5.02,5.18,5.05,0.13,2.57,40947.36,21018.9884
000570.SZ,20070207,5.08,5.12,5.01,5.05,5.05,0.0,0.0,34111.72,17281.8125
000570.SZ,20070206,4.88,5.05,4.88,5.05,4.9,0.15,3.06,28011.02,14022.4168
000570.SZ,20070205,4.79,4.91,4.72,4.9,4.81,0.09,1.87,23091.66,11159.1412
000570.SZ,20070202,4.88,4.98,4.79,4.81,4.88,-0.07,-1.43,29037.7,14179.6711
000570.SZ,20070201,4.84,4.96,4.75,4.88,4.9,-0.02,-0.41,39565.41,19228.2999
000570.SZ,20070131,5.1,5.29,4.87,4.9,5.12,-0.22,-4.3,51032.72,26159.7065
000570.SZ,20070130,5.25,5.3,5.1,5.12,5.17,-0.05,-0.97,46171.02,23979.3689
000570.SZ,20070129,5.0,5.17,4.95,5.17,5.0,0.17,3.4,46838.87,23864.9805
000570.SZ,20070126,4.89,5.05,4.65,5.0,4.99,0.01,0.2,54983.66,26778.524
000570.SZ,20070125,5.37,5.37,4.98,4.99,5.41,-0.42,-7.76,74751.4,38548.4678
000570.SZ,20070124,5.35,5.49,5.25,5.41,5.35,0.06,1.12,85550.34,46096.4861
000570.SZ,20070123,5.48,5.54,5.15,5.35,5.48,-0.13,-2.37,80155.86,42495.1408
000570.SZ,20070122,5.39,5.49,5.29,5.48,5.33,0.15,2.81,96263.7,51889.3131
000570.SZ,20070119,5.15,5.4,5.14,5.33,5.14,0.19,3.7,83169.82,43945.4315
000570.SZ,20070118,4.95,5.15,4.9,5.14,4.98,0.16,3.21,52400.76,26240.5697
000570.SZ,20070117,5.22,5.22,4.82,4.98,5.24,-0.26,-4.96,80151.63,40621.6334
000570.SZ,20070116,5.3,5.36,5.15,5.24,5.26,-0.02,-0.38,63380.76,33100.7196
000570.SZ,20070115,5.07,5.28,5.03,5.26,5.11,0.15,2.94,78074.27,40378.7187
000570.SZ,20070112,5.25,5.35,5.08,5.11,5.27,-0.16,-3.04,130075.23,67332.1681
000570.SZ,20070111,4.79,5.27,4.75,5.27,4.79,0.48,10.02,209399.54,108457.8249
000570.SZ,20070110,4.57,4.81,4.57,4.79,4.55,0.24,5.27,114660.68,54217.2219
000570.SZ,20070109,4.42,4.6,4.37,4.55,4.46,0.09,2.02,74937.31,33702.9231
000570.SZ,20070108,4.25,4.49,4.25,4.46,4.24,0.22,5.19,65270.47,28531.722
000570.SZ,20070105,4.11,4.24,4.09,4.24,4.15,0.09,2.17,48447.31,20276.2969
000570.SZ,20070104,4.2,4.25,4.13,4.15,4.16,-0.01,-0.24,43201.28,18072.6958
000570.SZ,20061229,4.2,4.23,4.1,4.16,4.15,0.01,0.24,50363.6,20954.9441
000570.SZ,20061228,4.38,4.42,4.08,4.15,4.36,-0.21,-4.82,42441.17,17995.0473
000570.SZ,20061227,4.35,4.4,4.28,4.36,4.35,0.01,0.23,42678.24,18520.3032
000570.SZ,20061226,4.3,4.4,4.22,4.35,4.24,0.11,2.59,42405.12,18320.2472
000570.SZ,20061225,4.2,4.38,4.19,4.24,4.2,0.04,0.95,41295.4,17644.3677
000570.SZ,20061222,4.25,4.29,4.15,4.2,4.28,-0.08,-1.87,44662.04,18790.1748
000570.SZ,20061221,4.45,4.55,4.26,4.28,4.47,-0.19,-4.25,57005.38,25228.0557
000570.SZ,20061220,4.27,4.6,4.17,4.47,4.29,0.18,4.2,94847.28,41914.7587
000570.SZ,20061219,4.28,4.3,4.11,4.29,4.25,0.04,0.94,66419.86,27999.478
000570.SZ,20061218,4.1,4.39,4.08,4.25,3.99,0.26,6.52,122116.61,51932.9372
000570.SZ,20061215,3.88,3.99,3.88,3.99,3.9,0.09,2.31,30962.63,12199.197
000570.SZ,20061214,3.86,3.92,3.82,3.9,3.85,0.05,1.3,19829.92,7693.0464
000570.SZ,20061213,3.85,3.89,3.8,3.85,3.87,-0.02,-0.52,10726.59,4118.6225
000570.SZ,20061212,3.87,3.91,3.78,3.87,3.86,0.01,0.26,19098.62,7304.4583
000570.SZ,20061211,3.73,3.87,3.73,3.86,3.78,0.08,2.12,14834.1,5665.9668
000570.SZ,20061208,3.97,3.98,3.78,3.78,4.01,-0.23,-5.74,25484.12,9865.5587
000570.SZ,20061207,3.94,4.08,3.92,4.01,3.95,0.06,1.52,29493.85,11760.2485
000570.SZ,20061206,4.07,4.1,3.86,3.95,4.08,-0.13,-3.19,42307.41,16835.3944
000570.SZ,20061205,4.14,4.15,4.04,4.08,4.14,-0.06,-1.45,46475.6,18942.8739
000570.SZ,20061204,4.18,4.22,4.08,4.14,4.13,0.01,0.24,43078.7,17829.552
000570.SZ,20061201,4.02,4.19,4.01,4.13,4.04,0.09,2.23,62022.58,25437.8705
000570.SZ,20061130,3.92,4.1,3.92,4.04,3.92,0.12,3.06,54363.88,21908.9411
000570.SZ,20061129,3.89,3.93,3.8,3.92,3.9,0.02,0.51,17514.63,6781.67
000570.SZ,20061128,3.98,3.98,3.89,3.9,3.93,-0.03,-0.76,17593.77,6914.6858
000570.SZ,20061127,3.83,3.93,3.8,3.93,3.83,0.1,2.61,17925.51,6949.8525
000570.SZ,20061124,3.85,3.87,3.8,3.83,3.87,-0.04,-1.03,13654.41,5234.0485
000570.SZ,20061123,3.88,3.95,3.82,3.87,3.9,-0.03,-0.77,13767.4,5339.6827
000570.SZ,20061122,3.87,3.95,3.81,3.9,3.86,0.04,1.04,20530.21,7994.3381
000570.SZ,20061121,3.78,3.88,3.78,3.86,3.78,0.08,2.12,18576.34,7127.9905
000570.SZ,20061120,3.85,3.86,3.75,3.78,3.85,-0.07,-1.82,13303.98,5036.7149
000570.SZ,20061117,3.8,3.85,3.77,3.85,3.75,0.1,2.67,23311.89,8923.5985
000570.SZ,20061116,3.73,3.75,3.65,3.75,3.73,0.02,0.54,16339.94,6023.535
000570.SZ,20061115,3.69,3.73,3.66,3.73,3.69,0.04,1.08,8435.54,3125.6713
000570.SZ,20061114,3.61,3.69,3.61,3.69,3.62,0.07,1.93,9696.91,3537.4406
000570.SZ,20061113,3.76,3.82,3.59,3.62,3.75,-0.13,-3.47,15008.89,5497.0305
000570.SZ,20061110,3.92,3.92,3.74,3.75,3.91,-0.16,-4.09,15561.06,5936.3462
000570.SZ,20061109,3.9,3.95,3.89,3.91,3.9,0.01,0.26,9971.47,3906.0678
000570.SZ,20061108,3.89,3.95,3.83,3.9,3.9,0.0,0.0,7747.76,3017.4117
000570.SZ,20061107,3.94,3.95,3.83,3.9,3.95,-0.05,-1.27,11862.76,4596.183
000570.SZ,20061106,3.99,3.99,3.9,3.95,4.01,-0.06,-1.5,17477.5,6883.0037
000570.SZ,20061103,4.06,4.12,4.01,4.01,4.05,-0.04,-0.99,18991.64,7698.9166
000570.SZ,20061102,4.04,4.1,4.0,4.05,4.03,0.02,0.5,35213.71,14255.59
000570.SZ,20061101,3.84,4.04,3.77,4.03,3.84,0.19,4.95,19965.35,7724.8873
000570.SZ,20061031,3.82,3.86,3.8,3.84,3.8,0.04,1.05,9247.72,3542.9819
000570.SZ,20061030,3.75,3.82,3.7,3.8,3.77,0.03,0.8,12257.1,4596.9649
000570.SZ,20061027,3.93,3.96,3.76,3.77,3.92,-0.15,-3.83,15409.23,5888.7883
000570.SZ,20061026,3.99,3.99,3.9,3.92,3.99,-0.07,-1.75,12142.46,4764.5253
000570.SZ,20061025,4.07,4.08,3.95,3.99,4.05,-0.06,-1.48,15025.09,6006.8576
000570.SZ,20061024,3.89,4.06,3.88,4.05,3.9,0.15,3.85,20199.75,8039.7023
000570.SZ,20061023,4.1,4.1,3.85,3.9,4.09,-0.19,-4.65,26390.7,10439.9672
000570.SZ,20061020,4.15,4.18,4.05,4.09,4.15,-0.06,-1.45,17618.61,7204.6528
000570.SZ,20061019,4.06,4.17,4.05,4.15,4.05,0.1,2.47,30505.02,12574.3361
000570.SZ,20061018,4.01,4.11,4.01,4.05,4.0,0.05,1.25,13054.0,5304.0803
000570.SZ,20061017,4.06,4.08,3.99,4.0,4.06,-0.06,-1.48,15892.0,6389.4287
000570.SZ,20061016,4.12,4.12,4.04,4.06,4.1,-0.04,-0.98,18642.99,7579.2707
000570.SZ,20061013,4.07,4.21,4.04,4.1,4.07,0.03,0.74,28739.05,11931.0048
000570.SZ,20061012,4.19,4.25,4.07,4.07,4.19,-0.12,-2.86,33749.55,13919.3982
000570.SZ,20061011,4.3,4.48,4.1,4.19,4.08,0.11,2.7,93185.54,40054.871
000570.SZ,20061010,3.82,4.08,3.82,4.08,3.85,0.23,5.97,57269.71,22531.5215
000570.SZ,20061009,3.7,3.85,3.66,3.85,3.64,0.21,5.77,34054.9,12781.8575
000570.SZ,20060928,3.65,3.68,3.6,3.64,3.63,0.01,0.28,13493.49,4930.9385
000570.SZ,20060927,3.54,3.64,3.54,3.63,3.54,0.09,2.54,8160.85,2923.4912
000570.SZ,20060926,3.58,3.62,3.51,3.54,3.57,-0.03,-0.84,8334.1,2947.9833
000570.SZ,20060925,3.58,3.64,3.54,3.57,3.61,-0.04,-1.11,10132.21,3616.9475
000570.SZ,20060922,3.71,3.72,3.58,3.61,3.7,-0.09,-2.43,14169.26,5164.9218
000570.SZ,20060921,3.68,3.75,3.67,3.7,3.7,0.0,0.0,15406.76,5715.4621
000570.SZ,20060920,3.68,3.73,3.63,3.7,3.69,0.01,0.27,17545.34,6467.2791
000570.SZ,20060919,3.71,3.76,3.68,3.69,3.72,-0.03,-0.81,22745.42,8459.5163
000570.SZ,20060918,3.67,3.76,3.62,3.72,3.64,0.08,2.2,24052.48,8884.2196
000570.SZ,20060915,3.57,3.65,3.55,3.64,3.55,0.09,2.54,16286.78,5893.1015
000570.SZ,20060914,3.61,3.61,3.52,3.55,3.61,-0.06,-1.66,9496.63,3374.1707
000570.SZ,20060913,3.62,3.69,3.58,3.61,3.6,0.01,0.28,20789.18,7575.8226
000570.SZ,20060912,3.58,3.61,3.55,3.6,3.58,0.02,0.56,9091.29,3262.4498
000570.SZ,20060911,3.55,3.63,3.5,3.58,3.59,-0.01,-0.28,8759.6,3104.3555
000570.SZ,20060908,3.59,3.62,3.55,3.59,3.59,0.0,0.0,7638.93,2735.0215
000570.SZ,20060907,3.72,3.72,3.56,3.59,3.72,-0.13,-3.49,14361.67,5181.793
000570.SZ,20060906,3.65,3.75,3.64,3.72,3.63,0.09,2.48,21307.1,7872.8412
000570.SZ,20060905,3.62,3.64,3.58,3.63,3.62,0.01,0.28,11980.43,4312.2658
000570.SZ,20060904,3.5,3.63,3.5,3.62,3.55,0.07,1.97,12080.98,4325.709
000570.SZ,20060901,3.71,3.71,3.55,3.55,3.71,-0.16,-4.31,17955.19,6474.9897
000570.SZ,20060831,3.75,3.75,3.66,3.71,3.71,0.0,0.0,13615.35,5036.7883
000570.SZ,20060830,3.65,3.75,3.61,3.71,3.65,0.06,1.64,17261.8,6360.9582
000570.SZ,20060829,3.72,3.78,3.65,3.65,3.72,-0.07,-1.88,29916.18,11158.9559
000570.SZ,20060828,3.55,3.72,3.55,3.72,3.54,0.18,5.08,32724.38,12008.8121
000570.SZ,20060825,3.51,3.59,3.51,3.54,3.51,0.03,0.85,14000.88,4980.9822
000570.SZ,20060824,3.49,3.53,3.44,3.51,3.5,0.01,0.29,8073.2,2818.9867
000570.SZ,20060823,3.54,3.56,3.48,3.5,3.52,-0.02,-0.57,10230.0,3606.2522
000570.SZ,20060822,3.5,3.56,3.47,3.52,3.47,0.05,1.44,13876.4,4899.3126
000570.SZ,20060821,3.36,3.49,3.32,3.47,3.49,-0.02,-0.57,8241.64,2824.152
000570.SZ,20060818,3.55,3.6,3.48,3.49,3.55,-0.06,-1.69,13974.97,4917.1211
000570.SZ,20060817,3.63,3.63,3.5,3.55,3.66,-0.11,-3.01,10495.75,3734.1836
000570.SZ,20060816,3.58,3.66,3.54,3.66,3.56,0.1,2.81,11405.56,4130.6152
000570.SZ,20060815,3.5,3.58,3.44,3.56,3.51,0.05,1.42,10840.67,3824.9416
000570.SZ,20060814,3.73,3.73,3.49,3.51,3.72,-0.21,-5.65,16268.72,5856.6019
000570.SZ,20060811,3.75,3.79,3.65,3.72,3.75,-0.03,-0.8,16133.84,6014.1276
000570.SZ,20060810,3.58,3.76,3.58,3.75,3.56,0.19,5.34,34219.33,12617.6318
000570.SZ,20060809,3.5,3.58,3.43,3.56,3.5,0.06,1.71,17752.21,6225.3801
000570.SZ,20060808,3.39,3.5,3.31,3.5,3.35,0.15,4.48,15912.83,5467.8146
000570.SZ,20060807,3.54,3.56,3.35,3.35,3.56,-0.21,-5.9,17706.76,6079.6627
000570.SZ,20060804,3.86,3.89,3.56,3.56,3.83,-0.27,-7.05,17091.32,6353.0915
000570.SZ,20060803,3.89,3.92,3.82,3.83,3.89,-0.06,-1.54,7515.95,2908.0139
000570.SZ,20060802,3.93,3.95,3.8,3.89,3.9,-0.01,-0.26,18411.45,7132.4311
000570.SZ,20060801,3.88,3.93,3.77,3.9,3.88,0.02,0.52,19281.51,7413.4771
000570.SZ,20060731,3.98,4.03,3.71,3.88,4.04,-0.16,-3.96,28289.4,11004.0033
000570.SZ,20060728,4.12,4.17,3.97,4.04,4.13,-0.09,-2.18,24443.73,9883.2918
000570.SZ,20060727,4.3,4.33,4.1,4.13,4.3,-0.17,-3.95,25896.29,10792.3597
000570.SZ,20060726,4.23,4.35,4.22,4.3,4.23,0.07,1.65,28261.86,12144.56
000570.SZ,20060725,4.13,4.25,4.1,4.23,4.13,0.1,2.42,19100.35,8013.886
000570.SZ,20060724,4.1,4.14,4.0,4.13,4.13,0.0,0.0,19178.26,7780.1873
000570.SZ,20060721,4.11,4.14,4.08,4.13,4.11,0.02,0.49,12461.26,5119.1409
000570.SZ,20060720,4.1,4.15,4.05,4.11,4.1,0.01,0.24,14912.25,6112.0477
000570.SZ,20060719,4.25,4.25,4.03,4.1,4.23,-0.13,-3.07,19919.63,8191.5544
000570.SZ,20060718,4.18,4.25,4.12,4.23,4.19,0.04,0.95,19032.24,7946.2841
000570.SZ,20060717,4.12,4.2,4.04,4.19,4.16,0.03,0.72,19091.36,7890.8741
000570.SZ,20060714,4.08,4.25,4.0,4.16,4.21,-0.05,-1.19,29166.89,12122.765
000570.SZ,20060713,4.66,4.66,4.21,4.21,4.68,-0.47,-10.04,65157.02,28505.472
000570.SZ,20060712,4.64,4.77,4.64,4.68,4.57,0.11,2.41,70649.27,33257.7663
000570.SZ,20060711,4.56,4.63,4.54,4.57,4.6,-0.03,-0.65,25836.88,11813.9576
000570.SZ,20060710,4.67,4.72,4.58,4.6,4.64,-0.04,-0.86,34975.52,16190.7959
000570.SZ,20060707,4.62,4.66,4.5,4.64,4.62,0.02,0.43,54698.62,25005.9415
000570.SZ,20060706,4.43,4.68,4.43,4.62,4.48,0.14,3.13,44107.5,20257.3843
000570.SZ,20060705,4.61,4.61,4.35,4.48,4.62,-0.14,-3.03,51961.69,23254.6421
000570.SZ,20060704,4.78,4.8,4.55,4.62,4.76,-0.14,-2.94,67725.84,31548.0778
000570.SZ,20060703,4.68,4.82,4.56,4.76,4.63,0.13,2.81,71710.64,34066.4683
000570.SZ,20060630,4.6,4.73,4.43,4.63,4.58,0.05,1.09,80107.98,36686.8358
000570.SZ,20060629,4.31,4.67,4.31,4.58,4.31,0.27,6.26,83798.9,38184.9297
000570.SZ,20060628,4.36,4.43,4.28,4.31,4.4,-0.09,-2.05,34521.35,14938.5113
000570.SZ,20060627,4.43,4.46,4.3,4.4,4.43,-0.03,-0.68,56510.65,24667.0306
000570.SZ,20060626,4.2,4.46,4.17,4.43,4.17,0.26,6.24,107656.45,46850.7329
000570.SZ,20060623,4.08,4.23,4.0,4.17,4.13,0.04,0.97,72791.31,30083.4709
000570.SZ,20060622,4.1,4.18,3.86,4.13,4.06,0.07,1.72,108031.41,44110.8388
000570.SZ,20060621,3.96,4.1,3.9,4.06,3.96,0.1,2.53,70992.47,28721.882
000570.SZ,20060620,4.05,4.07,3.87,3.96,4.07,-0.11,-2.7,77228.62,30597.558
000570.SZ,20060619,3.97,4.2,3.75,4.07,5.59,-1.52,-27.19,110773.16,44844.0267
000570.SZ,20060601,5.55,5.86,5.37,5.59,5.36,0.23,4.29,119469.09,67009.1383
000570.SZ,20060531,5.0,5.36,4.98,5.36,4.87,0.49,10.06,110066.87,58303.4549
000570.SZ,20060530,4.88,4.92,4.51,4.92,4.47,0.45,10.07,118939.23,57222.8178
000570.SZ,20060529,4.47,4.47,4.47,4.47,4.06,0.41,10.1,18506.35,8272.3385
000570.SZ,20060526,4.06,4.06,4.06,4.06,3.69,0.37,10.03,1172.28,475.9457
000570.SZ,20060525,3.69,3.69,3.69,3.69,3.35,0.34,10.15,1162.1,428.8149
000570.SZ,20060421,3.2,3.36,3.2,3.35,3.2,0.15,4.69,30126.56,9989.5712
000570.SZ,20060420,3.31,3.32,3.17,3.2,3.32,-0.12,-3.61,16464.17,5321.2307
000570.SZ,20060419,3.42,3.43,3.27,3.32,3.42,-0.1,-2.92,23384.0,7811.0037
000570.SZ,20060417,3.38,3.47,3.38,3.42,3.38,0.04,1.18,21584.23,7394.587
000570.SZ,20060414,3.3,3.4,3.29,3.38,3.3,0.08,2.42,21972.88,7366.2856
000570.SZ,20060413,3.4,3.53,3.28,3.3,3.4,-0.1,-2.94,39184.11,13456.0053
000570.SZ,20060412,3.36,3.44,3.29,3.4,3.36,0.04,1.19,23130.27,7817.6043
000570.SZ,20060411,3.38,3.45,3.3,3.36,3.32,0.04,1.2,29666.96,10005.4778
000570.SZ,20060410,3.25,3.33,3.21,3.32,3.24,0.08,2.47,29528.25,9726.0966
000570.SZ,20060407,3.21,3.25,3.17,3.24,3.21,0.03,0.93,17463.02,5612.2363
000570.SZ,20060406,3.22,3.29,3.2,3.21,3.22,-0.01,-0.31,21648.75,7033.9261
000570.SZ,20060405,3.16,3.24,3.14,3.22,3.16,0.06,1.9,24401.46,7828.2002
000570.SZ,20060404,3.15,3.18,3.13,3.16,3.18,-0.02,-0.63,10178.43,3211.2422
000570.SZ,20060403,3.08,3.19,3.08,3.18,3.1,0.08,2.58,10351.32,3245.9199
000570.SZ,20060331,3.1,3.12,3.05,3.1,3.08,0.02,0.65,5045.7,1553.7359
000570.SZ,20060330,3.12,3.14,3.07,3.08,3.14,-0.06,-1.91,6914.11,2147.0539
000570.SZ,20060329,3.14,3.19,3.14,3.14,3.16,-0.02,-0.63,10676.47,3370.3575
000570.SZ,20060328,3.18,3.18,3.14,3.16,3.18,-0.02,-0.63,8685.42,2744.1472
000570.SZ,20060327,3.08,3.19,3.08,3.18,3.09,0.09,2.91,14895.32,4691.3683
000570.SZ,20060324,3.12,3.14,3.07,3.09,3.12,-0.03,-0.96,7519.8,2323.0457
000570.SZ,20060323,3.04,3.17,3.01,3.12,3.04,0.08,2.63,15343.78,4773.8698
000570.SZ,20060322,3.01,3.04,2.98,3.04,3.02,0.02,0.66,5691.52,1715.0431
000570.SZ,20060321,3.01,3.04,3.01,3.02,3.02,0.0,0.0,3982.7,1202.8571
000570.SZ,20060320,2.98,3.03,2.95,3.02,2.98,0.04,1.34,4922.34,1480.0675
000570.SZ,20060317,3.0,3.03,2.97,2.98,3.0,-0.02,-0.67,4252.0,1274.405
000570.SZ,20060316,2.99,3.04,2.99,3.0,2.98,0.02,0.67,7321.4,2206.828
000570.SZ,20060315,2.94,2.99,2.93,2.98,2.94,0.04,1.36,6948.63,2062.0349
000570.SZ,20060314,2.93,2.95,2.92,2.94,2.93,0.01,0.34,2711.37,797.0783
000570.SZ,20060313,2.9,2.95,2.9,2.93,2.92,0.01,0.34,2492.86,728.9243
000570.SZ,20060310,2.92,2.94,2.91,2.92,2.92,0.0,0.0,3458.29,1012.074
000570.SZ,20060309,2.92,2.95,2.9,2.92,2.93,-0.01,-0.34,4864.45,1420.6385
000570.SZ,20060308,2.91,2.95,2.89,2.93,2.94,-0.01,-0.34,4039.19,1178.2189
000570.SZ,20060307,3.04,3.05,2.93,2.94,3.05,-0.11,-3.61,7197.35,2137.8503
000570.SZ,20060306,3.02,3.07,3.02,3.05,3.04,0.01,0.33,3434.15,1046.9351
000570.SZ,20060303,3.06,3.08,3.01,3.04,3.07,-0.03,-0.98,5945.67,1807.3186
000570.SZ,20060302,3.13,3.15,3.06,3.07,3.13,-0.06,-1.92,9395.8,2916.0125
000570.SZ,20060301,3.15,3.15,3.1,3.13,3.13,0.0,0.0,6626.64,2073.4408
000570.SZ,20060228,3.14,3.14,3.05,3.13,3.14,-0.01,-0.32,10109.1,3138.4955
000570.SZ,20060227,3.13,3.15,3.09,3.14,3.1,0.04,1.29,17603.46,5497.2784
000570.SZ,20060224,3.06,3.1,3.05,3.1,3.04,0.06,1.97,8798.85,2710.6123
000570.SZ,20060223,3.05,3.08,3.0,3.04,3.06,-0.02,-0.65,6759.6,2052.0937
000570.SZ,20060222,3.05,3.09,3.03,3.06,3.05,0.01,0.33,6672.66,2043.3194
000570.SZ,20060221,3.04,3.06,2.96,3.05,3.03,0.02,0.66,7978.73,2398.5704
000570.SZ,20060220,3.03,3.08,3.03,3.03,3.06,-0.03,-0.98,4498.81,1372.9069
000570.SZ,20060217,3.1,3.11,3.05,3.06,3.1,-0.04,-1.29,8620.2,2653.8105
000570.SZ,20060216,3.23,3.24,3.09,3.1,3.22,-0.12,-3.73,13852.05,4358.4045
000570.SZ,20060215,3.2,3.23,3.18,3.22,3.21,0.01,0.31,12839.73,4116.4355
000570.SZ,20060214,3.17,3.21,3.15,3.21,3.17,0.04,1.26,9664.48,3070.9279
000570.SZ,20060213,3.18,3.2,3.13,3.17,3.18,-0.01,-0.31,7605.88,2402.7782
000570.SZ,20060210,3.15,3.2,3.15,3.18,3.16,0.02,0.63,9911.24,3146.1962
000570.SZ,20060209,3.23,3.23,3.15,3.16,3.22,-0.06,-1.86,11173.1,3552.9365
000570.SZ,20060208,3.23,3.23,3.16,3.22,3.22,0.0,0.0,13022.13,4173.0302
000570.SZ,20060207,3.22,3.25,3.16,3.22,3.22,0.0,0.0,26309.82,8421.7935
000570.SZ,20060206,3.11,3.22,3.09,3.22,3.07,0.15,4.89,40903.56,12924.5668
000570.SZ,20060125,3.11,3.11,2.98,3.07,3.1,-0.03,-0.97,15984.17,4877.7266
000570.SZ,20060124,3.1,3.13,3.04,3.1,3.08,0.02,0.65,14226.92,4404.2014
000570.SZ,20060123,3.1,3.1,3.02,3.08,3.07,0.01,0.33,8778.01,2683.6426
000570.SZ,20060120,3.14,3.14,3.06,3.07,3.1,-0.03,-0.97,9863.0,3045.91
000570.SZ,20060119,3.07,3.1,3.03,3.1,3.07,0.03,0.98,10099.71,3096.2069
000570.SZ,20060118,3.01,3.08,3.0,3.07,3.01,0.06,1.99,9094.42,2774.8022
000570.SZ,20060117,3.03,3.04,3.0,3.01,3.05,-0.04,-1.31,10904.0,3285.971
000570.SZ,20060116,3.13,3.13,3.04,3.05,3.13,-0.08,-2.56,9025.0,2782.007
000570.SZ,20060113,3.08,3.14,3.06,3.13,3.07,0.06,1.95,20548.75,6371.9498
000570.SZ,20060112,3.04,3.08,3.0,3.07,3.04,0.03,0.99,11981.32,3644.8802
000570.SZ,20060111,3.09,3.12,3.02,3.04,3.08,-0.04,-1.3,18090.2,5570.2528
000570.SZ,20060110,3.1,3.1,3.02,3.08,3.06,0.02,0.65,11406.59,3480.8098
000570.SZ,20060109,2.98,3.08,2.98,3.06,3.04,0.02,0.66,20378.4,6178.9647
000570.SZ,20060106,3.04,3.07,3.02,3.04,3.04,0.0,0.0,10892.79,3316.1428
000570.SZ,20060105,2.95,3.05,2.95,3.04,2.97,0.07,2.36,13746.21,4128.1365
000570.SZ,20060104,2.94,2.99,2.93,2.97,2.95,0.02,0.68,3618.6,1074.2041
000570.SZ,20051230,2.99,2.99,2.94,2.95,3.0,-0.05,-1.67,3419.0,1012.44
000570.SZ,20051229,2.96,3.0,2.95,3.0,2.96,0.04,1.35,6445.95,1914.1776
000570.SZ,20051228,2.96,2.98,2.95,2.96,2.96,0.0,0.0,3443.93,1018.8984
000570.SZ,20051227,2.98,3.0,2.94,2.96,2.99,-0.03,-1.0,4933.15,1459.2084
000570.SZ,20051226,2.99,3.03,2.97,2.99,2.99,0.0,0.0,4705.9,1408.7963
000570.SZ,20051223,3.0,3.01,2.97,2.99,3.01,-0.02,-0.66,5879.93,1754.5007
000570.SZ,20051222,2.95,3.02,2.94,3.01,2.93,0.08,2.73,21158.1,6307.1406
000570.SZ,20051221,2.93,2.94,2.89,2.93,2.93,0.0,0.0,6196.06,1806.6915
000570.SZ,20051220,2.92,2.93,2.88,2.93,2.92,0.01,0.34,3580.65,1040.2649
000570.SZ,20051219,2.88,2.92,2.88,2.92,2.89,0.03,1.04,3380.44,982.076
000570.SZ,20051216,2.88,2.9,2.86,2.89,2.87,0.02,0.7,3708.71,1068.8519
000570.SZ,20051215,2.94,2.94,2.85,2.87,2.91,-0.04,-1.37,5827.83,1677.6048
000570.SZ,20051214,2.87,2.92,2.84,2.91,2.88,0.03,1.04,4182.82,1204.2072
000570.SZ,20051213,2.88,2.91,2.84,2.88,2.91,-0.03,-1.03,2687.05,770.7809
000570.SZ,20051212,2.92,2.92,2.87,2.91,2.91,0.0,0.0,2424.64,702.7193
000570.SZ,20051209,2.9,2.91,2.86,2.91,2.9,0.01,0.34,3087.54,892.2067
000570.SZ,20051208,2.86,2.9,2.85,2.9,2.86,0.04,1.4,2544.37,732.5542
000570.SZ,20051207,2.85,2.89,2.83,2.86,2.87,-0.01,-0.35,2333.49,663.7302
000570.SZ,20051206,2.83,2.88,2.83,2.87,2.84,0.03,1.06,2550.56,726.2201
000570.SZ,20051205,2.88,2.93,2.83,2.84,2.94,-0.1,-3.4,2432.2,697.5776
000570.SZ,20051202,2.93,2.97,2.87,2.94,2.96,-0.02,-0.68,4698.52,1369.8984
000570.SZ,20051201,2.91,2.98,2.91,2.96,2.95,0.01,0.34,2130.5,628.8995
000570.SZ,20051130,2.95,2.99,2.9,2.95,2.97,-0.02,-0.67,4275.27,1256.6233
000570.SZ,20051129,3.02,3.03,2.96,2.97,3.0,-0.03,-1.0,2604.02,779.3965
000570.SZ,20051128,2.98,3.04,2.95,3.0,2.99,0.01,0.33,4090.32,1228.918
000570.SZ,20051125,3.0,3.01,2.96,2.99,3.01,-0.02,-0.66,3035.04,906.4739
000570.SZ,20051124,2.98,3.02,2.97,3.01,2.99,0.02,0.67,3493.54,1046.5534
000570.SZ,20051123,2.98,3.0,2.95,2.99,3.0,-0.01,-0.33,5318.08,1582.0134
000570.SZ,20051122,3.08,3.1,3.0,3.0,3.08,-0.08,-2.6,5791.79,1757.7854
000570.SZ,20051121,3.09,3.14,3.04,3.08,3.1,-0.02,-0.65,7758.51,2390.2536
000570.SZ,20051118,3.08,3.12,2.99,3.1,3.08,0.02,0.65,31084.89,9487.1148
000570.SZ,20051117,3.05,3.11,3.05,3.08,3.04,0.04,1.32,27045.51,8341.4472
000570.SZ,20051116,3.02,3.06,2.94,3.04,3.01,0.03,1.0,11105.64,3355.6221
000570.SZ,20051115,3.01,3.02,2.96,3.01,3.01,0.0,0.0,6858.86,2047.0955
000570.SZ,20051114,2.95,3.01,2.93,3.01,2.95,0.06,2.03,7194.2,2153.0636
000570.SZ,20051111,2.88,2.95,2.84,2.95,2.88,0.07,2.43,5441.62,1580.3144
000570.SZ,20051110,2.98,2.99,2.85,2.88,2.99,-0.11,-3.68,5927.0,1742.697
000570.SZ,20051109,2.99,3.01,2.97,2.99,2.98,0.01,0.34,6652.0,1992.7665
000570.SZ,20051108,2.94,2.99,2.94,2.98,2.97,0.01,0.34,4419.56,1313.8557
000570.SZ,20051107,2.93,2.98,2.9,2.97,2.94,0.03,1.02,3533.37,1037.9401
000570.SZ,20051104,2.91,2.95,2.88,2.94,2.92,0.02,0.68,3982.92,1163.2688
000570.SZ,20051103,2.93,2.97,2.9,2.92,2.97,-0.05,-1.68,4649.3,1364.3569
000570.SZ,20051102,2.88,2.99,2.88,2.97,2.94,0.03,1.02,7177.95,2121.8982
000570.SZ,20051101,2.92,2.94,2.8,2.94,2.92,0.02,0.68,5474.4,1552.8639
000570.SZ,20051031,2.87,2.94,2.85,2.92,2.87,0.05,1.74,6123.21,1767.9572
000570.SZ,20051028,3.0,3.0,2.83,2.87,2.99,-0.12,-4.01,6103.09,1771.9636
000570.SZ,20051027,3.05,3.09,2.95,2.99,3.08,-0.09,-2.92,8201.17,2467.1936
000570.SZ,20051026,3.18,3.2,3.07,3.08,3.18,-0.1,-3.14,8072.5,2515.0235
000570.SZ,20051025,3.27,3.28,3.18,3.18,3.31,-0.13,-3.93,5376.14,1728.0878
000570.SZ,20051024,3.22,3.32,3.22,3.31,3.22,0.09,2.8,8322.44,2729.1343
000570.SZ,20051021,3.18,3.27,3.18,3.22,3.2,0.02,0.63,5909.73,1912.1856
000570.SZ,20051020,3.17,3.2,3.15,3.2,3.23,-0.03,-0.93,4874.91,1548.464
000570.SZ,20051019,3.22,3.26,3.2,3.23,3.25,-0.02,-0.62,5475.39,1768.9351
000570.SZ,20051018,3.16,3.25,3.15,3.25,3.17,0.08,2.52,6457.77,2070.7205
000570.SZ,20051017,3.17,3.18,3.11,3.17,3.18,-0.01,-0.31,5370.69,1683.2996
000570.SZ,20051014,3.22,3.22,3.16,3.18,3.22,-0.04,-1.24,4981.3,1584.5938
000570.SZ,20051013,3.26,3.28,3.2,3.22,3.26,-0.04,-1.23,5130.0,1656.938
000570.SZ,20051012,3.23,3.28,3.18,3.26,3.23,0.03,0.93,5543.01,1787.4557
000570.SZ,20051011,3.16,3.23,3.16,3.23,3.16,0.07,2.22,4862.88,1555.3449
000570.SZ,20051010,3.28,3.28,3.16,3.16,3.28,-0.12,-3.66,7288.0,2329.91
000570.SZ,20050930,3.26,3.36,3.25,3.28,3.25,0.03,0.92,9599.53,3187.9823
000570.SZ,20050929,3.2,3.27,3.2,3.25,3.2,0.05,1.56,7325.89,2375.4309
000570.SZ,20050928,3.18,3.23,3.17,3.2,3.18,0.02,0.63,5655.0,1803.623
000570.SZ,20050927,3.33,3.33,3.18,3.18,3.28,-0.1,-3.05,7755.0,2502.8232
000570.SZ,20050926,3.31,3.34,3.25,3.28,3.31,-0.03,-0.91,6026.5,1972.4375
000570.SZ,20050923,3.35,3.42,3.29,3.31,3.35,-0.04,-1.19,10142.59,3385.1887
000570.SZ,20050922,3.56,3.57,3.3,3.35,3.59,-0.24,-6.69,16346.12,5629.2029
000570.SZ,20050921,3.66,3.71,3.55,3.59,3.66,-0.07,-1.91,17583.1,6364.0898
000570.SZ,20050920,3.74,3.74,3.61,3.66,3.74,-0.08,-2.14,18079.28,6609.6108
000570.SZ,20050919,3.7,3.75,3.65,3.74,3.69,0.05,1.36,16814.55,6235.4644
000570.SZ,20050916,3.73,3.73,3.64,3.69,3.72,-0.03,-0.81,13473.11,4954.2862
000570.SZ,20050915,3.71,3.74,3.68,3.72,3.73,-0.01,-0.27,14451.75,5354.3075
000570.SZ,20050914,3.75,3.78,3.69,3.73,3.72,0.01,0.27,33056.97,12349.6847
000570.SZ,20050913,3.65,3.75,3.64,3.72,3.62,0.1,2.76,46569.45,17173.3619
000570.SZ,20050912,3.52,3.64,3.5,3.62,3.57,0.05,1.4,19432.45,6945.666
000570.SZ,20050909,3.55,3.6,3.51,3.57,3.58,-0.01,-0.28,12136.11,4319.1375
000570.SZ,20050908,3.65,3.68,3.56,3.58,3.61,-0.03,-0.83,29345.97,10600.1474
000570.SZ,20050907,3.46,3.61,3.45,3.61,3.49,0.12,3.44,30643.4,10861.8038
000570.SZ,20050906,3.6,3.6,3.42,3.49,3.59,-0.1,-2.79,35682.8,12531.1538
000570.SZ,20050905,3.54,3.6,3.5,3.59,3.53,0.06,1.7,25840.9,9224.928
000570.SZ,20050902,3.52,3.58,3.46,3.53,3.54,-0.01,-0.28,29903.19,10466.7609
000570.SZ,20050901,3.66,3.74,3.54,3.54,3.56,-0.02,-0.56,73402.43,26580.9389
000570.SZ,20050831,3.42,3.56,3.38,3.56,3.42,0.14,4.09,52348.14,18278.2267
000570.SZ,20050830,3.4,3.44,3.34,3.42,3.38,0.04,1.18,44312.18,15066.9669
000570.SZ,20050829,3.25,3.41,3.18,3.38,3.24,0.14,4.32,39353.79,13155.9952
000570.SZ,20050826,3.17,3.25,3.15,3.24,3.17,0.07,2.21,9719.86,3110.8962
000570.SZ,20050825,3.11,3.24,3.11,3.17,3.14,0.03,0.96,10581.7,3368.4733
000570.SZ,20050824,3.1,3.18,3.09,3.14,3.1,0.04,1.29,11048.82,3461.4558
000570.SZ,20050823,3.23,3.24,3.06,3.1,3.25,-0.15,-4.62,13001.0,4089.8178
000570.SZ,20050822,3.19,3.27,3.15,3.25,3.2,0.05,1.56,10008.6,3218.8552
000570.SZ,20050819,3.3,3.36,3.15,3.2,3.32,-0.12,-3.61,20812.52,6747.1528
000570.SZ,20050818,3.4,3.54,3.32,3.32,3.39,-0.07,-2.06,46867.43,16094.6223
000570.SZ,20050817,3.35,3.4,3.24,3.39,3.35,0.04,1.19,21776.29,7229.6196
000570.SZ,20050816,3.38,3.45,3.32,3.35,3.38,-0.03,-0.89,21233.11,7185.2981
000570.SZ,20050815,3.36,3.39,3.28,3.38,3.36,0.02,0.6,33752.06,11270.1161
000570.SZ,20050812,3.43,3.44,3.31,3.36,3.43,-0.07,-2.04,39224.67,13231.9334
000570.SZ,20050811,3.33,3.44,3.31,3.43,3.33,0.1,3.0,46480.66,15649.8431
000570.SZ,20050810,3.32,3.34,3.26,3.33,3.32,0.01,0.3,19555.84,6452.7418
000570.SZ,20050809,3.32,3.32,3.23,3.32,3.32,0.0,0.0,19366.81,6329.5278
000570.SZ,20050808,3.35,3.36,3.29,3.32,3.38,-0.06,-1.78,26200.02,8692.2079
000570.SZ,20050805,3.35,3.43,3.27,3.38,3.28,0.1,3.05,61596.5,20504.9577
000570.SZ,20050804,3.34,3.37,3.26,3.28,3.29,-0.01,-0.3,33831.55,11214.3642
000570.SZ,20050803,3.23,3.35,3.18,3.29,3.16,0.13,4.11,23174.7,7561.9082
000570.SZ,20050802,3.17,3.17,3.1,3.16,3.12,0.04,1.28,6908.98,2172.3188
000570.SZ,20050801,3.09,3.13,3.07,3.12,3.11,0.01,0.32,3530.02,1093.6218
000570.SZ,20050729,3.16,3.18,3.07,3.11,3.16,-0.05,-1.58,6584.96,2049.7167
000570.SZ,20050728,3.14,3.21,3.1,3.16,3.13,0.03,0.96,8860.95,2796.5978
000570.SZ,20050727,3.1,3.16,3.08,3.13,3.09,0.04,1.29,8573.83,2675.0935
000570.SZ,20050726,3.05,3.13,3.02,3.09,3.09,0.0,0.0,9954.85,3070.3401
000570.SZ,20050725,2.97,3.13,2.75,3.09,2.98,0.11,3.69,9196.96,2792.6401
000570.SZ,20050722,2.86,3.01,2.86,2.98,2.89,0.09,3.11,5909.19,1745.7733
000570.SZ,20050721,3.0,3.01,2.78,2.89,2.99,-0.1,-3.34,5464.1,1565.3454
000570.SZ,20050720,3.03,3.04,2.98,2.99,3.02,-0.03,-0.99,4312.0,1296.987
000570.SZ,20050719,2.9,3.02,2.84,3.02,2.92,0.1,3.42,3288.5,968.3199
000570.SZ,20050718,3.21,3.23,2.92,2.92,3.24,-0.32,-9.88,7751.14,2320.3902
000570.SZ,20050715,3.41,3.41,3.2,3.24,3.41,-0.17,-4.99,5230.0,1719.9745
000570.SZ,20050714,3.4,3.45,3.38,3.41,3.41,0.0,0.0,3522.91,1202.103
000570.SZ,20050713,3.45,3.45,3.35,3.41,3.44,-0.03,-0.87,3264.61,1110.5982
000570.SZ,20050712,3.33,3.45,3.29,3.44,3.33,0.11,3.3,5366.01,1818.8019
000570.SZ,20050711,3.33,3.5,3.33,3.33,3.35,-0.02,-0.6,4910.0,1671.631
000570.SZ,20050708,3.49,3.51,3.34,3.35,3.51,-0.16,-4.56,3143.5,1068.693
000570.SZ,20050707,3.46,3.61,3.46,3.51,3.45,0.06,1.74,4689.1,1651.9933
000570.SZ,20050706,3.57,3.66,3.4,3.45,3.6,-0.15,-4.17,4676.14,1661.2455
000570.SZ,20050705,3.72,3.74,3.58,3.6,3.72,-0.12,-3.23,4226.44,1541.2438
000570.SZ,20050704,3.75,3.75,3.46,3.72,3.77,-0.05,-1.33,5089.2,1847.1501
000570.SZ,20050701,3.91,3.93,3.77,3.77,3.95,-0.18,-4.56,8020.0,3057.019
000570.SZ,20050630,4.25,4.4,3.94,3.95,4.17,-0.22,-5.28,35035.33,14758.8157
000570.SZ,20050629,3.99,4.21,3.81,4.17,3.99,0.18,4.51,76248.13,31287.8054
000570.SZ,20050628,4.08,4.08,3.96,3.99,3.99,0.0,0.0,38378.63,15398.7576
000570.SZ,20050627,3.95,4.05,3.93,3.99,3.93,0.06,1.53,44230.89,17735.495
000570.SZ,20050624,3.92,3.95,3.84,3.93,3.92,0.01,0.26,30938.98,12079.4981
000570.SZ,20050623,3.9,4.0,3.88,3.92,3.86,0.06,1.55,55923.94,22122.6901
000570.SZ,20050622,3.85,3.89,3.81,3.86,3.83,0.03,0.78,28688.79,11051.4175
000570.SZ,20050621,3.9,3.95,3.81,3.83,3.9,-0.07,-1.79,24244.45,9389.647
000570.SZ,20050620,3.77,3.92,3.73,3.9,3.79,0.11,2.9,41856.71,16150.38
000570.SZ,20050617,3.77,3.84,3.73,3.79,3.74,0.05,1.34,39729.53,15070.8405
000570.SZ,20050616,3.62,3.76,3.56,3.74,3.61,0.13,3.6,32011.68,11782.3139
000570.SZ,20050615,3.69,3.72,3.55,3.61,3.7,-0.09,-2.43,8699.8,3153.4473
000570.SZ,20050614,3.78,3.87,3.67,3.7,3.76,-0.06,-1.6,28719.0,10900.6364
000570.SZ,20050613,3.68,3.76,3.63,3.76,3.7,0.06,1.62,30033.0,11132.243
000570.SZ,20050610,3.73,3.8,3.65,3.7,3.74,-0.04,-1.07,21978.0,8186.6775
000570.SZ,20050609,3.67,3.87,3.62,3.74,3.68,0.06,1.63,42144.41,15801.3928
000570.SZ,20050608,3.34,3.7,3.34,3.68,3.36,0.32,9.52,44315.02,15839.0121
000570.SZ,20050607,3.33,3.42,3.31,3.36,3.34,0.02,0.6,4943.03,1663.3399
000570.SZ,20050606,3.35,3.39,3.24,3.34,3.27,0.07,2.14,5051.28,1675.3726
000570.SZ,20050603,3.5,3.5,3.16,3.27,3.51,-0.24,-6.84,12406.47,4062.3399
000570.SZ,20050602,3.65,3.69,3.48,3.51,3.69,-0.18,-4.88,4695.0,1679.787
000570.SZ,20050601,3.75,3.78,3.67,3.69,3.76,-0.07,-1.86,1455.62,538.2704
000570.SZ,20050531,3.76,3.77,3.7,3.76,3.74,0.02,0.53,5218.0,1953.067
000570.SZ,20050530,3.74,3.8,3.67,3.74,3.74,0.0,0.0,2554.24,947.1208
000570.SZ,20050526,3.8,3.83,3.71,3.74,3.8,-0.06,-1.58,1464.0,547.6062
000570.SZ,20050525,3.78,3.84,3.77,3.8,3.79,0.01,0.26,4798.1,1825.8367
000570.SZ,20050524,3.71,3.8,3.66,3.79,3.73,0.06,1.61,4887.5,1832.3719
000570.SZ,20050523,3.79,3.79,3.65,3.73,3.79,-0.06,-1.58,2507.07,924.8394
000570.SZ,20050520,3.81,3.89,3.75,3.79,3.89,-0.1,-2.57,6441.89,2466.8182
000570.SZ,20050519,3.82,3.89,3.75,3.89,3.84,0.05,1.3,10278.9,3937.5271
000570.SZ,20050518,3.98,3.98,3.78,3.84,3.8,0.04,1.05,9553.72,3662.9343
000570.SZ,20050517,3.73,3.85,3.65,3.8,3.74,0.06,1.6,7470.0,2799.6141
000570.SZ,20050516,3.77,3.77,3.63,3.74,3.75,-0.01,-0.27,9306.45,3416.9059
000570.SZ,20050513,3.74,3.8,3.68,3.75,3.74,0.01,0.27,2986.0,1113.551
000570.SZ,20050512,3.81,3.81,3.65,3.74,3.8,-0.06,-1.58,2659.0,984.5193
000570.SZ,20050511,3.93,3.93,3.78,3.8,3.87,-0.07,-1.81,1377.8,526.7311
000570.SZ,20050510,3.88,3.9,3.72,3.87,3.88,-0.01,-0.26,3329.4,1269.3252
000570.SZ,20050509,4.1,4.1,3.8,3.88,3.97,-0.09,-2.27,4023.0,1603.239
000570.SZ,20050429,4.0,4.0,3.92,3.97,3.98,-0.01,-0.25,10239.0,4069.8488
000570.SZ,20050428,3.92,4.0,3.76,3.98,3.9,0.08,2.05,8734.73,3387.7086
000570.SZ,20050427,3.96,4.04,3.89,3.9,3.97,-0.07,-1.76,7479.15,2963.4925
000570.SZ,20050426,3.9,4.0,3.88,3.97,3.85,0.12,3.12,20693.71,8192.862
000570.SZ,20050425,3.8,3.9,3.63,3.85,3.9,-0.05,-1.28,13075.97,4954.1898
000570.SZ,20050422,3.94,3.98,3.78,3.9,3.95,-0.05,-1.27,5492.9,2122.6832
000570.SZ,20050421,3.98,4.02,3.69,3.95,3.94,0.01,0.25,11881.13,4649.0816
000570.SZ,20050420,4.02,4.05,3.92,3.94,3.95,-0.01,-0.25,4503.2,1793.689
000570.SZ,20050419,3.95,3.98,3.89,3.95,4.03,-0.08,-1.99,3137.89,1234.7711
000570.SZ,20050418,4.1,4.1,3.95,4.03,4.11,-0.08,-1.95,4041.84,1618.177
000570.SZ,20050415,4.2,4.23,4.01,4.11,4.2,-0.09,-2.14,4719.55,1926.4499
000570.SZ,20050414,4.2,4.35,4.15,4.2,4.19,0.01,0.24,12712.34,5443.6333
000570.SZ,20050413,4.2,4.3,4.1,4.19,4.13,0.06,1.45,9341.5,3960.839
000570.SZ,20050412,4.13,4.2,4.11,4.13,4.18,-0.05,-1.2,2778.56,1149.2607
000570.SZ,20050411,4.27,4.27,4.16,4.18,4.27,-0.09,-2.11,6174.3,2586.5891
000570.SZ,20050408,4.24,4.34,4.15,4.27,4.28,-0.01,-0.23,10574.0,4489.2793
000570.SZ,20050407,4.25,4.42,4.13,4.28,4.25,0.03,0.71,19914.03,8585.2793
000570.SZ,20050406,3.98,4.35,3.91,4.25,4.0,0.25,6.25,27198.28,11349.3843
000570.SZ,20050405,3.99,4.08,3.96,4.0,3.99,0.01,0.25,6131.5,2465.4048
000570.SZ,20050404,4.0,4.04,3.93,3.99,4.04,-0.05,-1.24,5195.9,2071.1
000570.SZ,20050401,3.96,4.09,3.84,4.04,3.94,0.1,2.54,6935.04,2763.2156
000570.SZ,20050331,3.91,3.97,3.85,3.94,3.94,0.0,0.0,4901.26,1922.0019
000570.SZ,20050330,4.01,4.04,3.85,3.94,4.02,-0.08,-1.99,9377.0,3694.8939
000570.SZ,20050329,4.0,4.1,3.96,4.02,4.0,0.02,0.5,10182.06,4117.6713
000570.SZ,20050328,3.95,4.02,3.9,4.0,3.97,0.03,0.76,6881.67,2725.2923
000570.SZ,20050325,3.97,4.06,3.92,3.97,3.97,0.0,0.0,13224.22,5295.9537
000570.SZ,20050324,3.85,3.98,3.83,3.97,3.84,0.13,3.39,9447.56,3681.0162
000570.SZ,20050323,4.0,4.0,3.84,3.84,3.88,-0.04,-1.03,7569.93,2960.3308
000570.SZ,20050322,4.2,4.2,3.82,3.88,4.16,-0.28,-6.73,8812.0,3474.1941
000570.SZ,20050321,4.13,4.18,4.08,4.16,4.15,0.01,0.24,8002.25,3305.9584
000570.SZ,20050318,4.28,4.35,4.15,4.15,4.31,-0.16,-3.71,5273.0,2222.1391
000570.SZ,20050317,4.32,4.41,4.21,4.31,4.32,-0.01,-0.23,19506.34,8447.6992
000570.SZ,20050316,4.4,4.42,4.24,4.32,4.43,-0.11,-2.48,8396.0,3622.2173
000570.SZ,20050315,4.43,4.52,4.36,4.43,4.44,-0.01,-0.23,15983.8,7135.9676
000570.SZ,20050314,4.56,4.58,4.28,4.44,4.52,-0.08,-1.77,23803.8,10521.3367
000570.SZ,20050311,4.56,4.65,4.48,4.52,4.56,-0.04,-0.88,16079.8,7317.3648
000570.SZ,20050310,4.7,4.8,4.55,4.56,4.7,-0.14,-2.98,20788.7,9752.7117
000570.SZ,20050309,4.75,4.84,4.68,4.7,4.78,-0.08,-1.67,11825.06,5592.0168
000570.SZ,20050308,4.65,4.84,4.64,4.78,4.64,0.14,3.02,35624.03,16911.1763
000570.SZ,20050307,4.66,4.7,4.6,4.64,4.65,-0.01,-0.22,9712.3,4523.0686
000570.SZ,20050304,4.58,4.7,4.58,4.65,4.68,-0.03,-0.64,10059.19,4667.1056
000570.SZ,20050303,4.78,4.8,4.56,4.68,4.73,-0.05,-1.06,23115.57,10713.029
000570.SZ,20050302,4.87,4.93,4.71,4.73,4.87,-0.14,-2.87,40597.01,19750.8886
000570.SZ,20050301,4.84,4.88,4.7,4.87,4.84,0.03,0.62,39268.54,18741.5733
000570.SZ,20050228,4.85,4.94,4.82,4.84,4.85,-0.01,-0.21,75186.46,36773.8951
000570.SZ,20050225,4.72,4.99,4.67,4.85,4.72,0.13,2.75,76756.93,37173.918
000570.SZ,20050224,4.8,4.8,4.57,4.72,4.67,0.05,1.07,33845.76,15698.6828
000570.SZ,20050223,4.65,4.8,4.63,4.67,4.72,-0.05,-1.06,32948.03,15550.887
000570.SZ,20050222,4.65,4.81,4.61,4.72,4.6,0.12,2.61,56082.29,26426.8197
000570.SZ,20050221,4.48,4.6,4.4,4.6,4.5,0.1,2.22,26258.5,11900.6557
000570.SZ,20050218,4.57,4.69,4.5,4.5,4.61,-0.11,-2.39,32030.7,14800.912
000570.SZ,20050217,4.64,4.64,4.51,4.61,4.62,-0.01,-0.22,15022.8,6860.7516
000570.SZ,20050216,4.53,4.75,4.5,4.62,4.49,0.13,2.9,53296.05,24764.0018
000570.SZ,20050204,4.35,4.55,4.24,4.49,4.35,0.14,3.22,46422.19,20679.7897
000570.SZ,20050203,4.38,4.64,4.31,4.35,4.45,-0.1,-2.25,26823.82,12107.492
000570.SZ,20050202,4.15,4.47,4.05,4.45,4.07,0.38,9.34,21465.11,9378.0979
000570.SZ,20050201,4.02,4.12,4.01,4.07,4.07,0.0,0.0,4366.0,1773.429
000570.SZ,20050131,4.27,4.3,4.04,4.07,4.27,-0.2,-4.68,6329.0,2630.3207
000570.SZ,20050128,4.35,4.39,4.23,4.27,4.32,-0.05,-1.16,5992.0,2581.7177
000570.SZ,20050127,4.46,4.48,4.31,4.32,4.43,-0.11,-2.48,6262.0,2728.929
000570.SZ,20050126,4.41,4.54,4.37,4.43,4.37,0.06,1.37,30449.09,13575.8594
000570.SZ,20050125,4.19,4.45,4.1,4.37,4.19,0.18,4.3,30548.89,13288.8844
000570.SZ,20050124,4.08,4.25,4.08,4.19,4.07,0.12,2.95,6753.44,2823.342
000570.SZ,20050121,4.01,4.08,3.96,4.07,4.05,0.02,0.49,3631.2,1461.2091
000570.SZ,20050120,4.04,4.1,4.0,4.05,4.04,0.01,0.25,1461.0,589.8374
000570.SZ,20050119,4.14,4.14,4.02,4.04,4.15,-0.11,-2.65,1679.0,680.604
000570.SZ,20050118,4.0,4.15,4.0,4.15,4.02,0.13,3.23,1682.87,682.2436
000570.SZ,20050117,4.12,4.12,4.0,4.02,4.18,-0.16,-3.83,2376.38,959.6354
000570.SZ,20050114,4.09,4.34,4.09,4.18,4.11,0.07,1.7,10275.7,4365.4832
000570.SZ,20050113,4.14,4.14,4.07,4.11,4.1,0.01,0.24,1644.5,674.515
000570.SZ,20050112,4.08,4.12,4.05,4.1,4.12,-0.02,-0.49,1856.0,758.723
000570.SZ,20050111,4.1,4.14,4.07,4.12,4.12,0.0,0.0,1481.47,607.3397
000570.SZ,20050110,4.09,4.12,4.07,4.12,4.06,0.06,1.48,1814.6,743.1651
000570.SZ,20050107,4.05,4.09,4.01,4.06,4.03,0.03,0.74,1250.34,506.7727
000570.SZ,20050106,4.07,4.11,4.01,4.03,4.07,-0.04,-0.98,2752.0,1114.462
000570.SZ,20050105,4.1,4.13,3.99,4.07,4.07,0.0,0.0,2438.0,987.977
000570.SZ,20050104,4.15,4.18,4.06,4.07,4.25,-0.18,-4.24,1819.0,744.949
000570.SZ,20041231,4.25,4.3,4.13,4.25,4.26,-0.01,-0.23,2910.37,1226.6026
000570.SZ,20041230,4.25,4.29,4.06,4.26,4.24,0.02,0.47,5166.77,2163.9938
000570.SZ,20041229,4.37,4.38,4.15,4.24,4.35,-0.11,-2.53,3615.05,1531.6156
000570.SZ,20041228,4.33,4.43,4.26,4.35,4.36,-0.01,-0.23,7376.0,3200.9004
000570.SZ,20041227,4.38,4.41,4.28,4.36,4.39,-0.03,-0.68,5076.47,2211.8544
000570.SZ,20041224,4.22,4.4,4.22,4.39,4.26,0.13,3.05,12058.97,5225.0171
000570.SZ,20041223,4.38,4.4,4.2,4.26,4.38,-0.12,-2.74,7495.7,3203.5615
000570.SZ,20041222,4.26,4.4,4.2,4.38,4.27,0.11,2.58,14664.03,6321.0393
000570.SZ,20041221,4.25,4.35,4.22,4.27,4.29,-0.02,-0.47,8440.4,3597.8122
000570.SZ,20041220,4.13,4.33,4.13,4.29,4.11,0.18,4.38,24586.16,10390.7157
000570.SZ,20041217,4.18,4.18,4.05,4.11,4.12,-0.01,-0.24,2255.4,927.0529
000570.SZ,20041216,4.09,4.35,4.01,4.12,4.05,0.07,1.73,2769.5,1138.3882
000570.SZ,20041215,4.14,4.14,4.0,4.05,4.14,-0.09,-2.17,1722.3,697.0707
000570.SZ,20041214,4.09,4.14,4.06,4.14,4.12,0.02,0.49,1914.07,783.5515
000570.SZ,20041213,4.13,4.13,4.05,4.12,4.13,-0.01,-0.24,1786.82,727.362
000570.SZ,20041210,4.25,4.25,4.11,4.13,4.25,-0.12,-2.82,4053.92,1685.5128
000570.SZ,20041209,4.28,4.28,4.2,4.25,4.26,-0.01,-0.23,4210.02,1788.2861
000570.SZ,20041208,4.2,4.29,4.18,4.26,4.18,0.08,1.91,4806.2,2036.9312
000570.SZ,20041207,4.24,4.25,4.16,4.18,4.26,-0.08,-1.88,3193.91,1343.8122
000570.SZ,20041206,4.25,4.27,4.19,4.26,4.24,0.02,0.47,4391.87,1859.1135
000570.SZ,20041203,4.1,4.25,4.08,4.24,4.14,0.1,2.42,7953.21,3329.3305
000570.SZ,20041202,4.1,4.15,4.03,4.14,4.1,0.04,0.98,3229.19,1318.1897
000570.SZ,20041201,4.15,4.15,4.08,4.1,4.09,0.01,0.24,2165.18,888.2634
000570.SZ,20041130,4.1,4.12,4.06,4.09,4.11,-0.02,-0.49,2574.99,1053.7619
000570.SZ,20041129,4.2,4.2,4.1,4.11,4.2,-0.09,-2.14,1721.0,711.5201
000570.SZ,20041126,4.2,4.25,4.11,4.2,4.13,0.07,1.69,3026.6,1269.4664
000570.SZ,20041125,4.18,4.19,4.12,4.13,4.2,-0.07,-1.67,4180.3,1735.9586
000570.SZ,20041124,4.3,4.35,4.14,4.2,4.32,-0.12,-2.78,7111.0,2995.8474
000570.SZ,20041123,4.32,4.39,4.26,4.32,4.32,0.0,0.0,7046.08,3053.7339
000570.SZ,20041122,4.29,4.36,4.25,4.32,4.3,0.02,0.47,7901.48,3413.2493
000570.SZ,20041119,4.2,4.33,4.2,4.3,4.2,0.1,2.38,11206.01,4795.0301
000570.SZ,20041118,4.16,4.22,4.12,4.2,4.19,0.01,0.24,5240.18,2183.9045
000570.SZ,20041117,4.24,4.25,4.15,4.19,4.24,-0.05,-1.18,7581.41,3186.8959
000570.SZ,20041116,4.11,4.25,4.07,4.24,4.11,0.13,3.16,10605.73,4418.4016
000570.SZ,20041115,4.03,4.17,4.03,4.11,4.04,0.07,1.73,3262.18,1336.7522
000570.SZ,20041112,4.06,4.13,4.03,4.04,4.1,-0.06,-1.46,3800.48,1546.3831
000570.SZ,20041111,4.1,4.21,4.06,4.1,4.13,-0.03,-0.73,11394.68,4729.0915
000570.SZ,20041110,4.01,4.14,4.01,4.13,4.0,0.13,3.25,13013.75,5316.4792
000570.SZ,20041109,3.91,4.0,3.88,4.0,3.92,0.08,2.04,3346.86,1317.3872
000570.SZ,20041108,3.95,3.95,3.89,3.92,3.95,-0.03,-0.76,1233.0,481.982
000570.SZ,20041105,3.96,4.0,3.89,3.95,3.89,0.06,1.54,1946.0,761.4491
000570.SZ,20041104,4.05,4.05,3.88,3.89,4.02,-0.13,-3.23,2234.79,886.91
000570.SZ,20041103,4.02,4.05,3.95,4.02,4.0,0.02,0.5,3054.0,1223.0416
000570.SZ,20041102,4.0,4.03,3.91,4.0,4.03,-0.03,-0.74,2707.7,1073.261
000570.SZ,20041101,3.9,4.14,3.88,4.03,3.92,0.11,2.81,4916.64,1977.1427
000570.SZ,20041029,3.9,3.98,3.83,3.92,4.01,-0.09,-2.24,4301.4,1679.7484
000570.SZ,20041028,4.01,4.1,3.99,4.01,4.05,-0.04,-0.99,5869.7,2380.2236
000570.SZ,20041027,3.92,4.07,3.85,4.05,3.93,0.12,3.05,7894.0,3135.0589
000570.SZ,20041026,3.94,3.94,3.8,3.93,3.9,0.03,0.77,3000.39,1156.1977
000570.SZ,20041025,4.04,4.07,3.85,3.9,3.98,-0.08,-2.01,2723.0,1067.9704
000570.SZ,20041022,3.81,4.0,3.81,3.98,3.91,0.07,1.79,5883.72,2305.0934
000570.SZ,20041021,4.05,4.12,3.9,3.91,4.05,-0.14,-3.46,3919.21,1560.0271
000570.SZ,20041020,4.1,4.16,4.02,4.05,4.13,-0.08,-1.94,3373.7,1377.6601
000570.SZ,20041019,4.07,4.25,4.02,4.13,3.96,0.17,4.29,16518.88,6913.0667
000570.SZ,20041018,4.1,4.1,3.81,3.96,4.06,-0.1,-2.46,4669.27,1827.4158
000570.SZ,20041015,4.37,4.37,3.98,4.06,3.98,0.08,2.01,6705.96,2734.8989
000570.SZ,20041014,4.24,4.25,3.82,3.98,4.24,-0.26,-6.13,9020.27,3692.8915
000570.SZ,20041013,4.3,4.36,4.16,4.24,4.3,-0.06,-1.4,4934.81,2100.2679
000570.SZ,20041012,4.39,4.45,4.28,4.3,4.42,-0.12,-2.71,6077.9,2631.4309
000570.SZ,20041011,4.5,4.55,4.39,4.42,4.48,-0.06,-1.34,6199.31,2757.3858
000570.SZ,20041008,4.5,4.5,4.35,4.48,4.49,-0.01,-0.22,3950.79,1748.3863
000570.SZ,20040930,4.44,4.5,4.38,4.49,4.45,0.04,0.9,3583.62,1585.9548
000570.SZ,20040929,4.51,4.55,4.42,4.45,4.51,-0.06,-1.33,2862.16,1282.8229
000570.SZ,20040928,4.6,4.67,4.47,4.51,4.6,-0.09,-1.96,6722.98,3037.803
000570.SZ,20040927,4.8,4.88,4.55,4.6,4.77,-0.17,-3.56,6188.59,2877.43
000570.SZ,20040924,4.96,4.99,4.73,4.77,4.92,-0.15,-3.05,13513.0,6525.5579
000570.SZ,20040923,4.85,4.93,4.71,4.92,4.88,0.04,0.82,5717.98,2765.3408
000570.SZ,20040922,4.91,5.05,4.85,4.88,4.91,-0.03,-0.61,10495.3,5200.6208
000570.SZ,20040921,5.05,5.07,4.86,4.91,5.01,-0.1,-2.0,15766.88,7798.868
000570.SZ,20040920,4.85,5.05,4.75,5.01,4.8,0.21,4.38,21473.88,10483.3188
000570.SZ,20040917,4.61,4.82,4.55,4.8,4.64,0.16,3.45,14427.73,6806.8057
000570.SZ,20040916,4.61,4.7,4.55,4.64,4.59,0.05,1.09,8188.0,3793.1914
000570.SZ,20040915,4.43,4.69,4.36,4.59,4.39,0.2,4.56,11727.27,5373.5847
000570.SZ,20040914,4.25,4.59,4.25,4.39,4.26,0.13,3.05,2781.25,1221.7674
000570.SZ,20040913,4.35,4.43,4.15,4.26,4.43,-0.17,-3.84,2206.0,939.1849
000570.SZ,20040910,4.35,4.5,4.34,4.43,4.41,0.02,0.45,622.0,273.4435
000570.SZ,20040909,4.49,4.49,4.39,4.41,4.51,-0.1,-2.22,1523.0,672.817
000570.SZ,20040908,4.48,4.57,4.46,4.51,4.54,-0.03,-0.66,1015.0,455.5052
000570.SZ,20040907,4.54,4.58,4.5,4.54,4.54,0.0,0.0,654.0,296.014
000570.SZ,20040906,4.52,4.56,4.49,4.54,4.49,0.05,1.11,1524.5,689.918
000570.SZ,20040903,4.46,4.54,4.44,4.49,4.49,0.0,0.0,1361.03,608.4544
000570.SZ,20040902,4.45,4.51,4.42,4.49,4.46,0.03,0.67,1465.0,653.094
000570.SZ,20040901,4.5,4.5,4.4,4.46,4.54,-0.08,-1.76,1685.0,745.79
000570.SZ,20040831,4.54,4.61,4.45,4.54,4.45,0.09,2.02,3761.87,1703.8967
000570.SZ,20040830,4.48,4.49,4.43,4.45,4.54,-0.09,-1.98,1807.0,805.348
000570.SZ,20040827,4.48,4.55,4.47,4.54,4.57,-0.03,-0.66,730.0,328.8692
000570.SZ,20040826,4.52,4.57,4.46,4.57,4.57,0.0,0.0,1832.0,823.5774
000570.SZ,20040825,4.8,4.8,4.55,4.57,4.67,-0.1,-2.14,3021.01,1389.9456
000570.SZ,20040824,4.6,4.69,4.55,4.67,4.59,0.08,1.74,14962.5,6925.0719
000570.SZ,20040823,4.45,4.6,4.35,4.59,4.5,0.09,2.0,3847.6,1722.1926
000570.SZ,20040820,4.45,4.53,4.32,4.5,4.48,0.02,0.45,3564.0,1586.3334
000570.SZ,20040819,4.6,4.61,4.4,4.48,4.6,-0.12,-2.61,2841.62,1276.0625
000570.SZ,20040818,4.65,4.65,4.55,4.6,4.59,0.01,0.22,7397.68,3397.9688
000570.SZ,20040817,4.56,4.62,4.44,4.59,4.49,0.1,2.23,4101.58,1866.2906
000570.SZ,20040816,4.59,4.59,4.4,4.49,4.55,-0.06,-1.32,3276.0,1466.3794
000570.SZ,20040813,4.5,4.6,4.42,4.55,4.55,0.0,0.0,3368.67,1510.8879
000570.SZ,20040812,4.64,4.7,4.44,4.55,4.64,-0.09,-1.94,3501.75,1595.2253
000570.SZ,20040811,4.8,4.8,4.6,4.64,4.83,-0.19,-3.93,6576.42,3056.2819
000570.SZ,20040810,4.86,4.88,4.81,4.83,4.86,-0.03,-0.62,2346.29,1137.5211
000570.SZ,20040809,4.9,4.9,4.8,4.86,4.82,0.04,0.83,10601.83,5135.0295
000570.SZ,20040806,4.83,4.85,4.73,4.82,4.79,0.03,0.63,3178.4,1523.2408
000570.SZ,20040805,4.83,4.87,4.77,4.79,4.83,-0.04,-0.83,2949.76,1423.5914
000570.SZ,20040804,4.76,4.88,4.71,4.83,4.73,0.1,2.11,4410.0,2123.8244
000570.SZ,20040803,4.72,4.76,4.68,4.73,4.72,0.01,0.21,2144.87,1012.6733
000570.SZ,20040802,4.69,4.75,4.6,4.72,4.73,-0.01,-0.21,1072.0,500.6594
000570.SZ,20040730,4.82,4.82,4.69,4.73,4.79,-0.06,-1.25,1800.0,858.0019
000570.SZ,20040729,4.7,4.81,4.64,4.79,4.7,0.09,1.91,5151.2,2447.3413
000570.SZ,20040728,4.74,4.75,4.61,4.7,4.69,0.01,0.21,1262.0,588.59
000570.SZ,20040727,4.7,4.75,4.6,4.69,4.7,-0.01,-0.21,1603.95,750.0383
000570.SZ,20040726,4.65,4.81,4.59,4.7,4.72,-0.02,-0.42,2903.05,1365.5314
000570.SZ,20040723,4.68,4.73,4.63,4.72,4.69,0.03,0.64,2935.8,1367.82
000570.SZ,20040722,4.8,4.8,4.68,4.69,4.79,-0.1,-2.09,3681.66,1742.4735
000570.SZ,20040721,4.86,4.86,4.75,4.79,4.82,-0.03,-0.62,4089.9,1961.3056
000570.SZ,20040720,4.9,4.96,4.8,4.82,4.9,-0.08,-1.63,3525.2,1707.0095
000570.SZ,20040719,5.0,5.0,4.85,4.9,4.96,-0.06,-1.21,4650.58,2289.7008
000570.SZ,20040716,4.85,5.0,4.83,4.96,4.88,0.08,1.64,5001.49,2474.6413
000570.SZ,20040715,4.9,4.9,4.65,4.88,4.84,0.04,0.83,6665.99,3201.2133
000570.SZ,20040714,5.05,5.07,4.78,4.84,5.0,-0.16,-3.2,2379.88,1156.9098
000570.SZ,20040713,4.98,5.09,4.93,5.0,5.0,0.0,0.0,1303.28,651.0536
000570.SZ,20040712,5.06,5.14,4.9,5.0,5.11,-0.11,-2.15,2812.08,1404.2348
000570.SZ,20040709,5.13,5.19,5.07,5.11,5.13,-0.02,-0.39,1326.9,678.6541
000570.SZ,20040708,5.05,5.23,5.05,5.13,5.07,0.06,1.18,1254.1,639.8699
000570.SZ,20040707,5.11,5.17,5.06,5.07,5.13,-0.06,-1.17,1676.0,851.0986
000570.SZ,20040706,5.12,5.21,5.08,5.13,5.1,0.03,0.59,2957.7,1525.3656
000570.SZ,20040705,5.03,5.13,5.03,5.1,5.09,0.01,0.2,2057.1,1045.1033
000570.SZ,20040702,5.16,5.18,5.04,5.09,5.14,-0.05,-0.97,2460.8,1251.3777
000570.SZ,20040701,5.01,5.17,5.01,5.14,5.01,0.13,2.59,3955.16,2019.4872
000570.SZ,20040630,5.05,5.1,4.97,5.01,5.04,-0.03,-0.6,1927.79,966.2589
000570.SZ,20040629,5.09,5.1,4.9,5.04,5.05,-0.01,-0.2,3981.49,1989.1479
000570.SZ,20040628,5.05,5.1,5.0,5.05,5.1,-0.05,-0.98,2444.0,1229.465
000570.SZ,20040625,5.3,5.3,5.08,5.1,5.32,-0.22,-4.14,3076.0,1594.799
000570.SZ,20040624,5.27,5.39,5.27,5.32,5.29,0.03,0.57,1769.7,937.8686
000570.SZ,20040623,5.27,5.4,5.27,5.29,5.39,-0.1,-1.86,1660.8,879.5984
000570.SZ,20040622,5.28,5.42,5.24,5.39,5.32,0.07,1.32,2789.2,1499.7874
000570.SZ,20040621,5.22,5.33,5.22,5.32,5.22,0.1,1.92,1527.6,806.2131
000570.SZ,20040618,5.22,5.3,5.16,5.22,5.25,-0.03,-0.57,3275.3,1714.9792
000570.SZ,20040617,5.28,5.31,5.2,5.25,5.34,-0.09,-1.69,2184.5,1147.421
000570.SZ,20040616,5.3,5.4,5.25,5.34,5.28,0.06,1.14,3195.85,1702.6335
000570.SZ,20040615,5.21,5.3,5.13,5.28,5.21,0.07,1.34,4249.85,2214.9495
000570.SZ,20040614,5.4,5.4,5.1,5.21,5.4,-0.19,-3.52,4741.82,2476.6093
000570.SZ,20040611,5.52,5.65,5.31,5.4,5.56,-0.16,-2.88,3253.47,1802.2775
000570.SZ,20040610,5.51,5.64,5.41,5.56,5.57,-0.01,-0.18,4959.76,2727.0109
000570.SZ,20040609,5.69,5.73,5.51,5.57,5.69,-0.12,-2.11,4217.33,2367.017
000570.SZ,20040608,5.7,5.71,5.65,5.69,5.71,-0.02,-0.35,3168.17,1798.037
000570.SZ,20040607,5.8,5.85,5.68,5.71,5.79,-0.08,-1.38,3799.3,2177.2574
000570.SZ,20040604,5.88,5.95,5.71,5.79,5.89,-0.1,-1.7,5316.3,3099.1512
000570.SZ,20040603,6.08,6.08,5.87,5.89,6.06,-0.17,-2.81,4829.1,2865.2748
000570.SZ,20040602,6.1,6.16,6.04,6.06,6.04,0.02,0.33,15642.16,9517.9458
000570.SZ,20040601,5.84,6.05,5.83,6.04,5.86,0.18,3.07,7930.58,4715.7596
000570.SZ,20040531,5.86,5.87,5.78,5.86,5.86,0.0,0.0,4401.02,2560.1424
000570.SZ,20040528,5.9,5.9,5.81,5.86,5.9,-0.04,-0.68,5036.5,2941.1917
000570.SZ,20040527,5.85,5.9,5.74,5.9,5.74,0.16,2.79,8008.18,4680.9264
000570.SZ,20040526,5.65,5.74,5.61,5.74,5.65,0.09,1.59,3141.42,1784.9529
000570.SZ,20040525,5.85,5.88,5.61,5.65,5.85,-0.2,-3.42,4925.72,2801.9667
000570.SZ,20040524,5.81,5.9,5.81,5.85,5.77,0.08,1.39,6020.06,3522.6789
000570.SZ,20040521,5.8,5.8,5.65,5.77,5.76,0.01,0.17,3943.5,2252.7075
000570.SZ,20040519,5.7,5.92,5.68,5.76,5.72,0.04,0.7,6984.4,4048.5129
000570.SZ,20040518,5.68,5.76,5.59,5.72,5.68,0.04,0.7,6412.98,3627.1575
000570.SZ,20040517,5.65,5.75,5.65,5.68,5.7,-0.02,-0.35,3570.0,2027.0933
000570.SZ,20040514,5.84,5.9,5.68,5.7,5.84,-0.14,-2.4,3175.72,1827.9077
000570.SZ,20040513,5.94,5.94,5.83,5.84,5.94,-0.1,-1.68,2283.32,1335.8775
000570.SZ,20040512,5.68,5.95,5.67,5.94,5.73,0.21,3.66,5578.85,3253.035
000570.SZ,20040511,5.88,5.88,5.62,5.73,5.88,-0.15,-2.55,6324.72,3599.3201
000570.SZ,20040510,5.88,5.95,5.85,5.88,5.88,0.0,0.0,3962.91,2334.9268
000570.SZ,20040430,5.9,5.96,5.84,5.88,5.9,-0.02,-0.34,4852.02,2861.4058
000570.SZ,20040429,5.98,5.98,5.89,5.9,6.02,-0.12,-1.99,6933.09,4102.5831
000570.SZ,20040428,5.97,6.05,5.89,6.02,5.96,0.06,1.01,5169.29,3083.5553
000570.SZ,20040427,5.97,6.05,5.93,5.96,5.96,0.0,0.0,4619.7,2762.9915
000570.SZ,20040426,6.1,6.1,5.9,5.96,6.1,-0.14,-2.3,6511.24,3895.0334
000570.SZ,20040423,6.21,6.21,6.08,6.1,6.21,-0.11,-1.77,4385.3,2677.9453
000570.SZ,20040422,6.17,6.24,6.08,6.21,6.1,0.11,1.8,3698.57,2274.1907
000570.SZ,20040421,6.18,6.26,6.06,6.1,6.19,-0.09,-1.45,6078.11,3728.747
000570.SZ,20040420,6.06,6.2,6.05,6.19,6.06,0.13,2.15,7381.83,4513.2983
000570.SZ,20040419,6.25,6.3,6.05,6.06,6.23,-0.17,-2.73,6858.0,4242.3633
000570.SZ,20040416,6.25,6.31,6.03,6.23,6.24,-0.01,-0.16,9327.71,5755.1069
000570.SZ,20040415,6.5,6.58,6.21,6.24,6.5,-0.26,-4.0,10350.46,6611.7712
000570.SZ,20040414,6.78,6.78,6.36,6.5,6.76,-0.26,-3.85,16079.88,10485.6689
000570.SZ,20040413,6.75,6.84,6.71,6.76,6.76,0.0,0.0,9577.8,6482.8107
000570.SZ,20040412,6.7,6.83,6.61,6.76,6.77,-0.01,-0.15,14446.1,9691.7284
000570.SZ,20040409,7.04,7.05,6.7,6.77,7.05,-0.28,-3.97,22089.6,15152.472
000570.SZ,20040408,7.16,7.16,7.01,7.05,7.15,-0.1,-1.4,18112.81,12795.058
000570.SZ,20040407,6.92,7.3,6.9,7.15,6.88,0.27,3.92,37979.53,27125.7969
000570.SZ,20040406,6.87,6.97,6.78,6.88,6.98,-0.1,-1.43,28104.27,19325.168
000570.SZ,20040405,7.5,7.61,6.91,6.98,7.12,-0.14,-1.97,120156.47,87226.1611
000570.SZ,20040401,6.81,7.16,6.7,7.12,6.82,0.3,4.4,73154.89,51628.2632
000570.SZ,20040331,6.66,6.86,6.66,6.82,6.67,0.15,2.25,13237.6,9008.6845
000570.SZ,20040330,6.63,6.7,6.6,6.67,6.64,0.03,0.45,10063.18,6695.9414
000570.SZ,20040329,6.8,6.82,6.6,6.64,6.85,-0.21,-3.07,15818.98,10566.4657
000570.SZ,20040326,6.85,6.9,6.74,6.85,6.84,0.01,0.15,14137.17,9590.2512
000570.SZ,20040325,6.83,6.92,6.75,6.84,6.87,-0.03,-0.44,17402.32,11850.2755
000570.SZ,20040324,6.9,6.99,6.77,6.87,6.89,-0.02,-0.29,35501.85,24424.6907
000570.SZ,20040323,6.73,6.94,6.66,6.89,6.72,0.17,2.53,36209.86,24717.949
000570.SZ,20040322,6.66,6.75,6.59,6.72,6.66,0.06,0.9,19577.95,13082.2892
000570.SZ,20040319,6.49,6.68,6.49,6.66,6.48,0.18,2.78,12748.31,8397.6803
000570.SZ,20040318,6.8,6.81,6.46,6.48,6.68,-0.2,-2.99,28204.06,18771.507
000570.SZ,20040317,6.67,6.8,6.6,6.68,6.67,0.01,0.15,23559.07,15798.6647
000570.SZ,20040316,6.63,6.72,6.53,6.67,6.63,0.04,0.6,21756.98,14511.0058
000570.SZ,20040315,6.4,6.63,6.39,6.63,6.39,0.24,3.76,13761.52,8924.1943
000570.SZ,20040312,6.38,6.4,6.25,6.39,6.36,0.03,0.47,9102.89,5739.0536
000570.SZ,20040311,6.33,6.44,6.3,6.36,6.27,0.09,1.44,8831.12,5609.5104
000570.SZ,20040310,6.24,6.3,6.17,6.27,6.24,0.03,0.48,18047.32,11252.4131
000570.SZ,20040309,6.5,6.55,6.23,6.24,6.51,-0.27,-4.15,19650.13,12504.1166
000570.SZ,20040308,6.46,6.79,6.46,6.51,6.53,-0.02,-0.31,15210.0,10071.9049
000570.SZ,20040305,6.63,6.65,6.43,6.53,6.62,-0.09,-1.36,18505.81,12070.2133
000570.SZ,20040304,6.66,6.66,6.41,6.62,6.68,-0.06,-0.9,30296.56,19812.9591
000570.SZ,20040303,6.5,6.68,6.48,6.68,6.36,0.32,5.03,94327.74,62909.7442
000570.SZ,20040302,6.18,6.38,6.17,6.36,6.17,0.19,3.08,23361.57,14751.891
000570.SZ,20040301,6.15,6.25,6.15,6.17,6.17,0.0,0.0,8597.49,5313.2339
000570.SZ,20040227,6.15,6.2,6.05,6.17,6.08,0.09,1.48,9477.46,5830.9959
000570.SZ,20040226,6.0,6.15,6.0,6.08,6.03,0.05,0.83,19766.0,12011.0589
000570.SZ,20040225,6.03,6.21,6.0,6.03,6.02,0.01,0.17,13314.16,8120.6308
000570.SZ,20040224,6.2,6.29,6.01,6.02,6.25,-0.23,-3.68,15162.72,9239.9668
000570.SZ,20040223,6.25,6.38,6.2,6.25,6.23,0.02,0.32,21260.91,13415.3885
000570.SZ,20040220,6.25,6.34,6.18,6.23,6.25,-0.02,-0.32,17508.94,10941.246
000570.SZ,20040219,6.17,6.39,6.12,6.25,6.17,0.08,1.3,27284.66,17051.5031
000570.SZ,20040218,6.12,6.28,6.06,6.17,6.12,0.05,0.82,17311.23,10701.9771
000570.SZ,20040217,6.03,6.25,6.02,6.12,6.02,0.1,1.66,18622.74,11428.9002
000570.SZ,20040216,5.94,6.05,5.87,6.02,5.93,0.09,1.52,20147.85,12032.7715
000570.SZ,20040213,6.01,6.18,5.9,5.93,6.11,-0.18,-2.95,19247.62,11523.7786
000570.SZ,20040212,6.15,6.31,6.06,6.11,6.17,-0.06,-0.97,27980.5,17321.6278
000570.SZ,20040211,6.0,6.24,5.9,6.17,6.01,0.16,2.66,23199.21,14138.5722
000570.SZ,20040210,5.95,6.05,5.95,6.01,5.93,0.08,1.35,16770.78,10058.1927
000570.SZ,20040209,5.76,6.04,5.7,5.93,5.79,0.14,2.42,21485.03,12695.6066
000570.SZ,20040206,6.08,6.08,5.78,5.79,6.08,-0.29,-4.77,26696.8,15833.7235
000570.SZ,20040205,5.8,6.08,5.72,6.08,5.79,0.29,5.01,39655.42,23730.0183
000570.SZ,20040204,5.8,5.81,5.7,5.79,5.68,0.11,1.94,24390.62,14050.2222
000570.SZ,20040203,5.63,5.7,5.55,5.68,5.64,0.04,0.71,12304.11,6940.3044
000570.SZ,20040202,5.58,5.74,5.52,5.64,5.58,0.06,1.08,14391.89,8103.1809
000570.SZ,20040130,5.58,5.64,5.5,5.58,5.53,0.05,0.9,13965.44,7791.6657
000570.SZ,20040129,5.6,5.61,5.47,5.53,5.47,0.06,1.1,12061.66,6656.7049
000570.SZ,20040116,5.45,5.48,5.36,5.47,5.41,0.06,1.11,12901.35,6978.8889
000570.SZ,20040115,5.43,5.5,5.34,5.41,5.43,-0.02,-0.37,10970.07,5935.0305
000570.SZ,20040114,5.42,5.51,5.37,5.43,5.43,0.0,0.0,12134.34,6627.2035
000570.SZ,20040113,5.31,5.44,5.27,5.43,5.27,0.16,3.04,16763.65,9027.0525
000570.SZ,20040112,5.29,5.34,5.2,5.27,5.28,-0.01,-0.19,10651.89,5582.4191
000570.SZ,20040109,5.35,5.43,5.24,5.28,5.35,-0.07,-1.31,11538.06,6162.2704
000570.SZ,20040108,5.24,5.48,5.24,5.35,5.26,0.09,1.71,29274.7,15818.3551
000570.SZ,20040107,5.09,5.3,5.05,5.26,5.12,0.14,2.73,17398.36,9012.3238
000570.SZ,20040106,5.13,5.16,5.04,5.12,5.14,-0.02,-0.39,10997.77,5586.8706
000570.SZ,20040105,5.1,5.17,5.04,5.14,5.12,0.02,0.39,14846.88,7561.4436
000570.SZ,20040102,5.1,5.19,5.09,5.12,5.17,-0.05,-0.97,6894.5,3532.8575
000570.SZ,20031231,5.2,5.25,5.08,5.17,5.22,-0.05,-0.96,7058.45,3630.3253
000570.SZ,20031230,5.33,5.33,5.19,5.22,5.3,-0.08,-1.51,7046.63,3693.5544
000570.SZ,20031229,5.19,5.36,5.18,5.3,5.16,0.14,2.71,15793.43,8354.5219
000570.SZ,20031226,5.16,5.21,5.1,5.16,5.14,0.02,0.39,6353.67,3260.5917
000570.SZ,20031225,5.18,5.18,5.08,5.14,5.19,-0.05,-0.96,8506.16,4354.6815
000570.SZ,20031224,5.19,5.23,5.06,5.19,5.18,0.01,0.19,15485.06,7968.8604
000570.SZ,20031223,5.13,5.2,5.08,5.18,5.13,0.05,0.97,12070.98,6203.9622
000570.SZ,20031222,5.01,5.14,4.85,5.13,5.06,0.07,1.38,19676.97,9780.8461
000570.SZ,20031219,5.3,5.35,5.05,5.06,5.32,-0.26,-4.89,18525.86,9528.3485
000570.SZ,20031218,5.42,5.48,5.22,5.32,5.49,-0.17,-3.1,12940.7,6905.4002
000570.SZ,20031217,5.62,5.64,5.48,5.49,5.61,-0.12,-2.14,13140.85,7269.0442
000570.SZ,20031216,5.59,5.85,5.55,5.61,5.58,0.03,0.54,24669.98,13996.9233
000570.SZ,20031215,5.55,5.6,5.47,5.58,5.56,0.02,0.36,14379.25,7952.0181
000570.SZ,20031212,5.46,5.6,5.4,5.56,5.46,0.1,1.83,24739.93,13589.7132
000570.SZ,20031211,5.45,5.57,5.38,5.46,5.41,0.05,0.92,15610.04,8559.9536
000570.SZ,20031210,5.45,5.45,5.32,5.41,5.4,0.01,0.19,10279.22,5515.1138
000570.SZ,20031209,5.46,5.5,5.32,5.4,5.41,-0.01,-0.18,10507.5,5686.9505
000570.SZ,20031208,5.5,5.52,5.39,5.41,5.49,-0.08,-1.46,7089.85,3853.2724
000570.SZ,20031205,5.55,5.62,5.46,5.49,5.55,-0.06,-1.08,11114.99,6159.921
000570.SZ,20031204,5.49,5.65,5.45,5.55,5.42,0.13,2.4,19171.17,10643.1138
000570.SZ,20031203,5.53,5.55,5.38,5.42,5.53,-0.11,-1.99,12951.36,7047.2344
000570.SZ,20031202,5.27,5.53,5.19,5.53,5.27,0.26,4.93,23233.21,12573.8817
000570.SZ,20031201,5.2,5.33,5.13,5.27,5.19,0.08,1.54,6227.66,3262.2424
000570.SZ,20031128,5.28,5.3,5.1,5.19,5.28,-0.09,-1.7,6537.57,3380.2131
000570.SZ,20031127,5.3,5.48,5.27,5.28,5.33,-0.05,-0.94,9629.3,5140.7746
000570.SZ,20031126,5.42,5.42,5.29,5.33,5.38,-0.05,-0.93,8664.65,4612.3295
000570.SZ,20031125,5.48,5.48,5.29,5.38,5.32,0.06,1.13,13090.68,7016.1721
000570.SZ,20031124,5.2,5.34,5.2,5.32,5.24,0.08,1.53,6173.85,3260.2285
000570.SZ,20031121,5.28,5.39,5.19,5.24,5.28,-0.04,-0.76,13117.75,6893.5679
000570.SZ,20031120,5.12,5.28,5.08,5.28,5.15,0.13,2.52,14852.33,7730.0935
000570.SZ,20031119,5.04,5.19,5.01,5.15,5.04,0.11,2.18,5535.7,2825.3482
000570.SZ,20031118,5.12,5.14,5.04,5.04,5.14,-0.1,-1.95,2645.2,1345.3448
000570.SZ,20031117,5.07,5.19,5.07,5.14,5.12,0.02,0.39,2180.7,1118.477
000570.SZ,20031114,5.0,5.22,4.97,5.12,5.0,0.12,2.4,5563.29,2853.2608
000570.SZ,20031113,4.98,5.07,4.94,5.0,5.02,-0.02,-0.4,3129.11,1568.6231
000570.SZ,20031112,5.02,5.09,4.92,5.02,5.08,-0.06,-1.18,4347.66,2180.8277
000570.SZ,20031111,5.05,5.09,4.93,5.08,5.05,0.03,0.59,5124.28,2580.9934
000570.SZ,20031110,4.97,5.13,4.95,5.05,5.0,0.05,1.0,4732.57,2392.1308
000570.SZ,20031107,5.13,5.13,4.9,5.0,5.16,-0.16,-3.1,10890.99,5404.8811
000570.SZ,20031106,5.38,5.39,5.16,5.16,5.43,-0.27,-4.97,12697.5,6581.6595
000570.SZ,20031105,5.58,5.6,5.4,5.43,5.56,-0.13,-2.34,4952.56,2709.3683
000570.SZ,20031104,5.46,5.58,5.32,5.56,5.46,0.1,1.83,8672.72,4739.8548
000570.SZ,20031103,5.53,5.53,5.31,5.46,5.55,-0.09,-1.62,6448.63,3477.4105
000570.SZ,20031031,5.5,5.65,5.5,5.55,5.51,0.04,0.73,4202.43,2349.3798
000570.SZ,20031030,5.65,5.66,5.48,5.51,5.62,-0.11,-1.96,4502.14,2480.5861
000570.SZ,20031029,5.4,5.68,5.4,5.62,5.46,0.16,2.93,8709.9,4843.504
000570.SZ,20031028,5.61,5.73,5.38,5.46,5.61,-0.15,-2.67,7772.59,4319.9662
000570.SZ,20031027,5.85,5.87,5.6,5.61,5.83,-0.22,-3.77,8820.25,5021.6985
000570.SZ,20031024,5.9,5.95,5.8,5.83,5.92,-0.09,-1.52,4724.0,2764.5113
000570.SZ,20031023,5.99,6.07,5.91,5.92,5.98,-0.06,-1.0,4864.06,2917.542
000570.SZ,20031022,5.81,6.0,5.81,5.98,5.79,0.19,3.28,8733.86,5173.9865
000570.SZ,20031021,5.88,5.88,5.78,5.79,5.89,-0.1,-1.7,5216.14,3028.3114
000570.SZ,20031020,5.86,5.94,5.86,5.89,5.89,0.0,0.0,3211.0,1889.517
000570.SZ,20031017,5.92,5.98,5.88,5.89,5.91,-0.02,-0.34,2239.65,1326.7656
000570.SZ,20031016,6.04,6.04,5.88,5.91,6.04,-0.13,-2.15,4461.02,2639.4817
000570.SZ,20031015,6.02,6.1,5.95,6.04,6.03,0.01,0.17,4564.42,2751.0805
000570.SZ,20031014,6.18,6.19,6.03,6.03,6.19,-0.16,-2.58,4093.62,2490.9592
000570.SZ,20031013,6.18,6.25,6.17,6.19,6.17,0.02,0.32,5820.07,3606.5259
000570.SZ,20031010,6.18,6.25,6.1,6.17,6.15,0.02,0.33,13186.28,8126.7856
000570.SZ,20031009,5.81,6.15,5.81,6.15,5.86,0.29,4.95,5140.11,3069.0921
000570.SZ,20031008,5.94,5.94,5.77,5.86,5.94,-0.08,-1.35,2716.26,1585.7179
000570.SZ,20030930,5.9,5.95,5.82,5.94,5.86,0.08,1.37,4550.28,2685.7375
000570.SZ,20030929,6.02,6.02,5.8,5.86,6.02,-0.16,-2.66,2937.97,1722.2038
000570.SZ,20030926,6.1,6.12,5.85,6.02,6.12,-0.1,-1.63,5524.08,3288.4614
000570.SZ,20030925,6.11,6.18,6.05,6.12,6.1,0.02,0.33,3006.88,1833.9368
000570.SZ,20030924,6.18,6.22,6.07,6.1,6.18,-0.08,-1.29,6372.3,3898.8927
000570.SZ,20030923,6.28,6.28,6.13,6.18,6.28,-0.1,-1.59,6037.89,3737.6187
000570.SZ,20030922,6.15,6.3,6.11,6.28,6.13,0.15,2.45,6701.68,4186.4974
000570.SZ,20030919,6.24,6.29,6.13,6.13,6.25,-0.12,-1.92,6634.42,4107.6764
000570.SZ,20030918,6.32,6.4,6.1,6.25,6.31,-0.06,-0.95,7207.52,4464.632
000570.SZ,20030917,6.24,6.38,6.21,6.31,6.09,0.22,3.61,19968.04,12543.4179
000570.SZ,20030916,5.73,6.09,5.73,6.09,5.8,0.29,5.0,7314.73,4430.5853
000570.SZ,20030915,5.99,5.99,5.77,5.8,6.04,-0.24,-3.97,10477.25,6127.2003
000570.SZ,20030912,6.35,6.35,6.04,6.04,6.36,-0.32,-5.03,16060.36,9796.5335
000570.SZ,20030911,6.3,6.45,6.3,6.36,6.32,0.04,0.63,5102.81,3251.4054
000570.SZ,20030910,6.34,6.36,6.25,6.32,6.35,-0.03,-0.47,7756.37,4877.6591
000570.SZ,20030909,6.32,6.49,6.28,6.35,6.31,0.04,0.63,9448.6,6030.6246
000570.SZ,20030908,6.5,6.65,6.3,6.31,6.58,-0.27,-4.1,14961.68,9548.6093
000570.SZ,20030905,6.48,6.76,6.46,6.58,6.5,0.08,1.23,21548.41,14315.1425
000570.SZ,20030904,6.6,6.64,6.44,6.5,6.6,-0.1,-1.52,18439.99,11982.7524
000570.SZ,20030903,6.64,6.87,6.6,6.6,6.64,-0.04,-0.6,20995.41,14119.7797
000570.SZ,20030902,6.7,6.8,6.48,6.64,6.8,-0.16,-2.35,21467.68,14198.5489
000570.SZ,20030901,6.65,6.89,6.62,6.8,6.59,0.21,3.19,37357.0,25256.37
000570.SZ,20030829,6.23,6.59,6.12,6.59,6.28,0.31,4.94,39412.35,25780.7842
000570.SZ,20030828,6.3,6.5,6.23,6.28,6.21,0.07,1.13,39336.39,25045.2647
000570.SZ,20030827,5.93,6.21,5.91,6.21,5.91,0.3,5.08,18560.64,11427.0963
000570.SZ,20030826,5.6,5.91,5.56,5.91,5.63,0.28,4.97,15161.86,8872.7934
000570.SZ,20030825,5.71,5.72,5.59,5.63,5.76,-0.13,-2.26,5115.99,2884.1154
000570.SZ,20030822,5.73,5.83,5.71,5.76,5.76,0.0,0.0,2778.5,1601.323
000570.SZ,20030821,5.71,5.83,5.67,5.76,5.68,0.08,1.41,5250.61,3019.3281
000570.SZ,20030820,5.91,5.92,5.65,5.68,5.88,-0.2,-3.4,9480.59,5427.122
000570.SZ,20030819,5.85,5.99,5.85,5.88,5.86,0.02,0.34,4393.9,2598.7411
000570.SZ,20030818,6.0,6.05,5.82,5.86,6.05,-0.19,-3.14,8059.96,4761.9322
000570.SZ,20030815,6.35,6.35,6.03,6.05,6.35,-0.3,-4.72,19862.1,12062.4266
000570.SZ,20030814,6.35,6.44,6.33,6.35,6.39,-0.04,-0.63,7524.3,4785.2694
000570.SZ,20030813,6.52,6.53,6.38,6.39,6.5,-0.11,-1.69,4218.59,2712.6198
000570.SZ,20030812,6.4,6.54,6.36,6.5,6.43,0.07,1.09,4750.34,3059.8974
000570.SZ,20030811,6.41,6.48,6.36,6.43,6.42,0.01,0.16,4706.58,3015.0157
000570.SZ,20030808,6.57,6.65,6.39,6.42,6.57,-0.15,-2.28,7683.76,5004.6827
000570.SZ,20030807,6.68,6.7,6.4,6.57,6.67,-0.1,-1.5,14123.39,9246.5249
000570.SZ,20030806,6.53,6.73,6.49,6.67,6.6,0.07,1.06,11156.31,7398.5614
000570.SZ,20030805,6.55,6.63,6.51,6.6,6.58,0.02,0.3,5251.22,3456.633
000570.SZ,20030804,6.35,6.63,6.35,6.58,6.37,0.21,3.3,6380.3,4158.2679
000570.SZ,20030801,6.38,6.43,6.32,6.37,6.43,-0.06,-0.93,5584.31,3553.9219
000570.SZ,20030731,6.57,6.79,6.39,6.43,6.57,-0.14,-2.13,7559.58,4933.5284
000570.SZ,20030730,6.67,6.68,6.52,6.57,6.66,-0.09,-1.35,5243.89,3450.714
000570.SZ,20030729,6.52,6.69,6.48,6.66,6.52,0.14,2.15,10508.25,6959.8862
000570.SZ,20030728,6.35,6.57,6.35,6.52,6.38,0.14,2.19,6018.91,3900.0994
000570.SZ,20030725,6.3,6.46,6.24,6.38,6.34,0.04,0.63,7469.0,4744.5925
000570.SZ,20030724,6.53,6.53,6.3,6.34,6.55,-0.21,-3.21,10624.33,6786.7283
000570.SZ,20030723,6.6,6.63,6.5,6.55,6.61,-0.06,-0.91,5653.64,3705.1856
000570.SZ,20030722,6.5,6.66,6.42,6.61,6.54,0.07,1.07,12536.87,8225.064
000570.SZ,20030721,6.66,6.8,6.54,6.54,6.88,-0.34,-4.94,20179.64,13280.1373
000570.SZ,20030718,7.26,7.35,6.88,6.88,7.24,-0.36,-4.97,21839.41,15415.2673
000570.SZ,20030717,7.18,7.27,7.05,7.24,7.2,0.04,0.56,18858.59,13477.7374
000570.SZ,20030716,7.2,7.35,7.15,7.2,7.23,-0.03,-0.41,19602.91,14181.3535
000570.SZ,20030715,6.95,7.27,6.9,7.23,6.94,0.29,4.18,33608.4,23835.6079
000570.SZ,20030714,6.8,7.06,6.7,6.94,6.78,0.16,2.36,29502.92,20494.1331
000570.SZ,20030711,6.82,6.85,6.73,6.78,6.82,-0.04,-0.59,14480.1,9823.2656
000570.SZ,20030710,6.88,6.91,6.73,6.82,6.71,0.11,1.64,37149.0,25305.8608
000570.SZ,20030709,6.77,6.78,6.63,6.71,6.78,-0.07,-1.03,19124.74,12791.1894
000570.SZ,20030708,6.77,6.8,6.66,6.78,6.78,0.0,0.0,23887.87,16071.4062
000570.SZ,20030707,6.53,6.85,6.52,6.78,6.55,0.23,3.51,30785.79,20675.109
000570.SZ,20030704,6.53,6.66,6.49,6.55,6.55,0.0,0.0,18098.85,11906.5654
000570.SZ,20030703,6.5,6.63,6.44,6.55,6.53,0.02,0.31,22305.51,14622.7121
000570.SZ,20030702,6.36,6.57,6.21,6.53,6.39,0.14,2.19,33816.06,21719.0126
000570.SZ,20030701,6.42,6.7,6.31,6.39,6.38,0.01,0.16,40504.16,26533.2432
000570.SZ,20030630,6.6,6.67,6.3,6.38,6.63,-0.25,-3.77,35873.43,23191.1693
000570.SZ,20030627,6.91,6.96,6.61,6.63,6.89,-0.26,-3.77,19336.87,13166.6788
000570.SZ,20030626,6.78,6.96,6.73,6.89,6.78,0.11,1.62,18652.8,12791.2286
000570.SZ,20030625,6.88,7.0,6.76,6.78,6.87,-0.09,-1.31,16399.03,11288.7147
000570.SZ,20030624,6.76,6.96,6.76,6.87,6.86,0.01,0.15,18364.42,12616.8164
000570.SZ,20030623,7.18,7.22,6.86,6.86,7.22,-0.36,-4.99,46464.22,32303.084
000570.SZ,20030620,6.98,7.33,6.98,7.22,6.98,0.24,3.44,57469.45,41605.4632
000570.SZ,20030619,7.08,7.15,6.88,6.98,7.09,-0.11,-1.55,32025.6,22353.5268
000570.SZ,20030618,7.09,7.2,7.05,7.09,7.07,0.02,0.28,20488.22,14628.842
000570.SZ,20030617,7.0,7.24,6.96,7.07,7.08,-0.01,-0.14,37327.21,26493.9033
000570.SZ,20030616,7.42,7.48,7.08,7.08,7.45,-0.37,-4.97,61843.41,44354.5549
000570.SZ,20030613,7.59,7.68,7.4,7.45,7.59,-0.14,-1.84,46879.59,35223.1038
000570.SZ,20030612,7.48,7.68,7.36,7.59,7.5,0.09,1.2,42075.48,31598.4597
000570.SZ,20030611,7.45,7.64,7.31,7.5,7.43,0.07,0.94,37549.15,28036.5546
000570.SZ,20030610,7.32,7.59,7.26,7.43,7.57,-0.14,-1.85,51428.82,38154.6243
000570.SZ,20030609,7.82,7.84,7.57,7.57,7.97,-0.4,-5.02,47230.08,36078.3479
000570.SZ,20030605,7.81,8.4,7.65,7.97,8.05,-0.08,-0.99,133535.52,105339.9785
000570.SZ,20030604,8.47,8.88,8.05,8.05,8.47,-0.42,-4.96,116105.86,97858.5738
000570.SZ,20030603,8.47,8.47,8.47,8.47,8.07,0.4,4.96,11372.53,9632.5329
000570.SZ,20030602,7.79,8.07,7.79,8.07,7.69,0.38,4.94,16400.5,13165.6755
000570.SZ,20030530,7.25,7.69,7.21,7.69,7.32,0.37,5.05,50693.57,38316.1103
000570.SZ,20030529,7.56,7.58,7.13,7.32,7.42,-0.1,-1.35,104549.06,76843.1405
000570.SZ,20030528,7.2,7.42,7.16,7.42,7.07,0.35,4.95,53839.37,39617.6898
000570.SZ,20030527,6.71,7.07,6.68,7.07,6.73,0.34,5.05,82724.6,58224.8386
000570.SZ,20030526,6.5,6.8,6.48,6.73,6.48,0.25,3.86,73633.81,49663.0723
000570.SZ,20030523,6.45,6.68,6.3,6.48,6.46,0.02,0.31,39029.05,25286.4479
000570.SZ,20030523,6.45,6.68,6.3,6.48,6.46,0.02,0.31,39029.05,25286.4479
000570.SZ,20030522,6.27,6.57,6.27,6.46,6.26,0.2,3.19,50160.01,32399.56
000570.SZ,20030521,6.26,6.37,6.15,6.26,6.29,-0.03,-0.48,41632.11,26109.4323
000570.SZ,20030520,5.99,6.29,5.95,6.29,5.99,0.3,5.01,68804.04,42955.955
000570.SZ,20030519,6.04,6.22,5.97,5.99,5.94,0.05,0.84,44617.03,27140.7158
000570.SZ,20030516,5.66,5.94,5.63,5.94,5.66,0.28,4.95,33083.47,19265.7262
000570.SZ,20030515,5.56,5.76,5.45,5.66,5.52,0.14,2.54,30754.72,17284.2205
000570.SZ,20030514,5.42,5.64,5.4,5.52,5.38,0.14,2.6,36816.6,20334.8316
000570.SZ,20030513,5.1,5.38,5.09,5.38,5.12,0.26,5.08,32622.23,17446.4342
000570.SZ,20030512,5.23,5.29,5.03,5.12,5.29,-0.17,-3.21,13278.67,6820.0015
000570.SZ,20030430,5.6,5.65,5.28,5.29,5.56,-0.27,-4.86,19556.28,10518.0052
000570.SZ,20030429,5.71,5.75,5.55,5.56,5.71,-0.15,-2.63,14629.27,8235.127
000570.SZ,20030428,5.58,5.77,5.46,5.71,5.54,0.17,3.07,34166.93,19219.7815
000570.SZ,20030425,5.4,5.54,5.36,5.54,5.28,0.26,4.92,41057.27,22534.7742
000570.SZ,20030424,5.38,5.39,5.17,5.28,5.37,-0.09,-1.68,8463.64,4439.1723
000570.SZ,20030423,5.3,5.41,5.23,5.37,5.28,0.09,1.7,11318.78,6052.1166
000570.SZ,20030422,5.28,5.28,5.2,5.28,5.22,0.06,1.15,4404.48,2309.5431
000570.SZ,20030421,5.2,5.3,5.2,5.22,5.2,0.02,0.38,6326.48,3318.1397
000570.SZ,20030418,5.32,5.32,5.17,5.2,5.32,-0.12,-2.26,9761.46,5102.1178
000570.SZ,20030417,5.3,5.37,5.26,5.32,5.31,0.01,0.19,9539.23,5061.5725
000570.SZ,20030416,5.5,5.55,5.28,5.31,5.5,-0.19,-3.45,16873.63,9127.5003
000570.SZ,20030415,5.29,5.54,5.2,5.5,5.28,0.22,4.17,23253.95,12518.4245
000570.SZ,20030414,5.09,5.28,4.99,5.28,5.09,0.19,3.73,20007.9,10278.2348
000570.SZ,20030411,5.0,5.18,4.99,5.09,5.24,-0.15,-2.86,28016.03,14227.1632
000570.SZ,20030409,5.32,5.35,5.19,5.24,5.35,-0.11,-2.06,9139.77,4806.9059
000570.SZ,20030408,5.4,5.41,5.34,5.35,5.42,-0.07,-1.29,7841.5,4208.3174
000570.SZ,20030407,5.57,5.58,5.42,5.42,5.56,-0.14,-2.52,3974.0,2180.7504
000570.SZ,20030404,5.54,5.58,5.52,5.56,5.55,0.01,0.18,2756.51,1527.7079
000570.SZ,20030403,5.62,5.62,5.52,5.55,5.63,-0.08,-1.42,2672.3,1486.0595
000570.SZ,20030402,5.7,5.7,5.61,5.63,5.67,-0.04,-0.71,2291.56,1293.8542
000570.SZ,20030401,5.67,5.74,5.61,5.67,5.67,0.0,0.0,3983.16,2270.8344
000570.SZ,20030331,5.68,5.7,5.6,5.67,5.67,0.0,0.0,3394.67,1921.436
000570.SZ,20030328,5.58,5.71,5.55,5.67,5.58,0.09,1.61,7967.65,4498.3854
000570.SZ,20030327,5.45,5.62,5.4,5.58,5.45,0.13,2.39,3182.1,1755.0131
000570.SZ,20030326,5.42,5.55,5.41,5.45,5.48,-0.03,-0.55,1062.7,580.3361
000570.SZ,20030325,5.55,5.57,5.47,5.48,5.55,-0.07,-1.26,1696.0,937.328
000570.SZ,20030324,5.56,5.58,5.5,5.55,5.55,0.0,0.0,1475.86,817.5859
000570.SZ,20030321,5.48,5.58,5.45,5.55,5.45,0.1,1.83,2734.09,1511.8166
000570.SZ,20030320,5.47,5.51,5.42,5.45,5.49,-0.04,-0.73,2236.4,1220.7092
000570.SZ,20030319,5.49,5.52,5.44,5.49,5.49,0.0,0.0,1636.0,896.356
000570.SZ,20030318,5.6,5.65,5.49,5.49,5.59,-0.1,-1.79,3054.4,1707.942
000570.SZ,20030317,5.3,5.6,5.3,5.59,5.5,0.09,1.64,3175.4,1750.3447
000570.SZ,20030314,5.51,5.56,5.46,5.5,5.52,-0.02,-0.36,3029.0,1666.654
000570.SZ,20030313,5.59,5.59,5.5,5.52,5.62,-0.1,-1.78,3052.51,1691.282
000570.SZ,20030312,5.65,5.65,5.55,5.62,5.6,0.02,0.36,2480.97,1383.881
000570.SZ,20030311,5.57,5.62,5.51,5.6,5.61,-0.01,-0.18,2660.53,1484.5261
000570.SZ,20030310,5.72,5.73,5.57,5.61,5.76,-0.15,-2.6,2841.83,1604.0731
000570.SZ,20030307,5.71,5.79,5.67,5.76,5.71,0.05,0.88,3968.62,2279.3072
000570.SZ,20030306,5.83,5.83,5.69,5.71,5.83,-0.12,-2.06,4916.46,2824.7072
000570.SZ,20030305,5.92,5.92,5.82,5.83,5.94,-0.11,-1.85,5348.7,3126.9732
000570.SZ,20030304,5.92,5.95,5.89,5.94,5.92,0.02,0.34,2835.35,1679.4463
000570.SZ,20030303,5.93,5.94,5.86,5.92,5.93,-0.01,-0.17,4649.92,2740.3161
000570.SZ,20030228,5.95,5.99,5.9,5.93,5.97,-0.04,-0.67,2813.73,1669.4337
000570.SZ,20030227,6.05,6.06,5.93,5.97,6.02,-0.05,-0.83,4815.76,2880.802
000570.SZ,20030226,6.08,6.08,5.98,6.02,6.08,-0.06,-0.99,3016.56,1813.2756
000570.SZ,20030225,5.94,6.08,5.92,6.08,5.96,0.12,2.01,3777.53,2275.9331
000570.SZ,20030224,5.9,5.98,5.88,5.96,5.93,0.03,0.51,4006.26,2384.1509
000570.SZ,20030221,6.09,6.09,5.93,5.93,6.11,-0.18,-2.95,7768.5,4663.499
000570.SZ,20030220,6.1,6.17,6.1,6.11,6.12,-0.01,-0.16,4018.2,2463.7555
000570.SZ,20030219,6.04,6.12,6.0,6.12,6.04,0.08,1.32,3821.72,2312.4055
000570.SZ,20030218,6.04,6.08,6.02,6.04,6.07,-0.03,-0.49,3705.87,2237.4076
000570.SZ,20030217,6.17,6.2,6.01,6.07,6.15,-0.08,-1.3,4852.39,2967.2129
000570.SZ,20030214,6.15,6.18,6.1,6.15,6.17,-0.02,-0.32,3540.5,2176.208
000570.SZ,20030213,6.2,6.22,6.15,6.17,6.17,0.0,0.0,7346.65,4540.8628
000570.SZ,20030212,6.1,6.2,6.06,6.17,6.1,0.07,1.15,6800.38,4175.1278
000570.SZ,20030211,6.03,6.12,6.0,6.1,6.05,0.05,0.83,4799.42,2902.6663
000570.SZ,20030210,6.11,6.14,6.05,6.05,6.11,-0.06,-0.98,2994.82,1820.9765
000570.SZ,20030129,6.1,6.14,6.04,6.11,6.09,0.02,0.33,7617.34,4639.847
000570.SZ,20030128,6.1,6.1,6.0,6.09,6.1,-0.01,-0.16,5251.93,3178.1467
000570.SZ,20030127,6.03,6.16,6.01,6.1,6.02,0.08,1.33,9855.26,6011.1517
000570.SZ,20030124,5.94,6.09,5.87,6.02,5.92,0.1,1.69,7977.41,4752.2105
000570.SZ,20030123,6.1,6.11,5.9,5.92,6.08,-0.16,-2.63,9683.56,5798.2328
000570.SZ,20030122,6.0,6.09,5.96,6.08,6.09,-0.01,-0.16,13665.14,8234.4976
000570.SZ,20030121,6.25,6.27,6.06,6.09,6.38,-0.29,-4.55,21888.74,13413.2014
000570.SZ,20030120,6.42,6.42,6.25,6.38,6.43,-0.05,-0.78,9012.23,5686.6434
000570.SZ,20030117,6.56,6.56,6.4,6.43,6.56,-0.13,-1.98,11628.79,7500.8924
000570.SZ,20030116,6.43,6.57,6.36,6.56,6.42,0.14,2.18,17100.26,11065.4053
000570.SZ,20030115,6.38,6.71,6.36,6.42,6.24,0.18,2.88,64555.88,41953.0819
000570.SZ,20030114,5.72,6.25,5.72,6.24,5.72,0.52,9.09,30465.22,18402.7309
000570.SZ,20030113,5.69,5.76,5.66,5.72,5.72,0.0,0.0,3265.79,1862.8437
000570.SZ,20030110,5.87,5.95,5.71,5.72,5.88,-0.16,-2.72,8136.58,4720.3126
000570.SZ,20030109,5.72,5.97,5.69,5.88,5.76,0.12,2.08,8664.68,5024.0715
000570.SZ,20030108,5.6,5.78,5.57,5.76,5.61,0.15,2.67,3283.62,1862.2701
000570.SZ,20030107,5.69,5.8,5.55,5.61,5.69,-0.08,-1.41,3467.8,1966.8729
000570.SZ,20030106,5.4,5.71,5.35,5.69,5.43,0.26,4.79,5634.39,3144.3529
000570.SZ,20030103,5.31,5.45,5.31,5.43,5.39,0.04,0.74,2427.93,1310.8153
000570.SZ,20030102,5.4,5.52,5.35,5.39,5.42,-0.03,-0.55,3347.86,1809.999
000570.SZ,20021231,5.6,5.73,5.4,5.42,5.6,-0.18,-3.21,2878.39,1609.1356
000570.SZ,20021230,5.67,5.71,5.58,5.6,5.67,-0.07,-1.23,4051.34,2280.1589
000570.SZ,20021227,5.55,5.79,5.46,5.67,5.57,0.1,1.8,7006.88,3946.8149
000570.SZ,20021226,5.85,5.9,5.55,5.57,5.92,-0.35,-5.91,8278.81,4748.3782
000570.SZ,20021225,6.05,6.18,5.91,5.92,5.87,0.05,0.85,19617.7,11835.3961
000570.SZ,20021224,5.9,5.92,5.82,5.87,5.91,-0.04,-0.68,3624.15,2124.1237
000570.SZ,20021223,5.8,5.98,5.77,5.91,5.8,0.11,1.9,9921.2,5843.3907
000570.SZ,20021220,5.72,5.83,5.65,5.8,5.74,0.06,1.05,4366.48,2517.5695
000570.SZ,20021219,5.75,5.75,5.58,5.74,5.7,0.04,0.7,2854.22,1611.6369
000570.SZ,20021218,5.78,5.85,5.66,5.7,5.79,-0.09,-1.55,7743.47,4449.0936
000570.SZ,20021217,5.66,5.84,5.62,5.79,5.72,0.07,1.22,8064.62,4641.1051
000570.SZ,20021216,5.55,5.86,5.46,5.72,5.5,0.22,4.0,12054.61,6894.6832
000570.SZ,20021213,5.37,5.56,5.22,5.5,5.4,0.1,1.85,3491.89,1876.9537
000570.SZ,20021212,5.39,5.48,5.38,5.4,5.39,0.01,0.19,1910.0,1036.9706
000570.SZ,20021211,5.27,5.43,5.21,5.39,5.32,0.07,1.32,2462.01,1308.9691
000570.SZ,20021210,5.54,5.61,5.3,5.32,5.57,-0.25,-4.49,3022.92,1647.7338
000570.SZ,20021209,5.55,5.68,5.55,5.57,5.62,-0.05,-0.89,1403.62,787.3415
000570.SZ,20021206,5.68,5.68,5.55,5.62,5.6,0.02,0.36,2222.39,1252.3163
000570.SZ,20021205,5.71,5.71,5.51,5.6,5.71,-0.11,-1.93,3352.01,1880.4031
000570.SZ,20021204,5.71,5.84,5.65,5.71,5.7,0.01,0.18,12012.87,6885.028
000570.SZ,20021203,5.55,5.7,5.5,5.7,5.61,0.09,1.6,5116.75,2885.1958
000570.SZ,20021202,5.65,5.65,5.47,5.61,5.63,-0.02,-0.36,5298.2,2932.8018
000570.SZ,20021129,5.48,5.73,5.45,5.63,5.51,0.12,2.18,8952.67,5028.2285
000570.SZ,20021128,5.27,5.53,5.26,5.51,5.34,0.17,3.18,4890.79,2659.6817
000570.SZ,20021127,5.2,5.39,5.18,5.34,5.22,0.12,2.3,5189.01,2729.7473
000570.SZ,20021126,5.35,5.43,5.2,5.22,5.38,-0.16,-2.97,2433.0,1294.644
000570.SZ,20021125,5.21,5.4,5.18,5.38,5.29,0.09,1.7,2398.85,1276.239
000570.SZ,20021122,5.3,5.44,5.16,5.29,5.18,0.11,2.12,4396.91,2324.7551
000570.SZ,20021121,5.38,5.46,5.15,5.18,5.38,-0.2,-3.72,4457.74,2346.4894
000570.SZ,20021120,5.68,5.7,5.38,5.38,5.69,-0.31,-5.45,2972.0,1636.1955
000570.SZ,20021119,5.62,5.78,5.58,5.69,5.61,0.08,1.43,2554.65,1448.8038
000570.SZ,20021118,5.75,5.8,5.58,5.61,5.73,-0.12,-2.09,1977.5,1115.6784
000570.SZ,20021115,5.71,5.85,5.61,5.73,5.71,0.02,0.35,2570.71,1481.8408
000570.SZ,20021114,5.89,5.9,5.71,5.71,5.89,-0.18,-3.06,2084.8,1208.8816
000570.SZ,20021113,5.84,5.94,5.73,5.89,5.84,0.05,0.86,3348.48,1945.6599
000570.SZ,20021112,6.08,6.15,5.8,5.84,6.08,-0.24,-3.95,6631.59,3927.6175
000570.SZ,20021111,6.25,6.3,6.06,6.08,6.25,-0.17,-2.72,3923.52,2425.2153
000570.SZ,20021108,6.6,6.68,6.24,6.25,6.55,-0.3,-4.58,4380.8,2810.1957
000570.SZ,20021107,6.55,6.63,6.53,6.55,6.55,0.0,0.0,1895.0,1241.859
000570.SZ,20021106,6.62,6.63,6.53,6.55,6.62,-0.07,-1.06,2828.3,1854.7806
000570.SZ,20021105,6.51,6.79,6.42,6.62,6.49,0.13,2.0,6221.61,4095.8846
000570.SZ,20021104,6.25,6.5,6.25,6.49,6.22,0.27,4.34,6369.43,4087.072
000570.SZ,20021101,6.22,6.29,6.16,6.22,6.27,-0.05,-0.8,1297.6,805.844
000570.SZ,20021031,6.21,6.34,6.21,6.27,6.21,0.06,0.97,1893.17,1192.8381
000570.SZ,20021030,6.33,6.33,6.18,6.21,6.28,-0.07,-1.11,1477.5,917.848
000570.SZ,20021029,6.25,6.3,6.15,6.28,6.29,-0.01,-0.16,2259.69,1401.4996
000570.SZ,20021028,6.42,6.42,6.2,6.29,6.42,-0.13,-2.02,2686.15,1684.951
000570.SZ,20021025,6.46,6.54,6.35,6.42,6.46,-0.04,-0.62,2103.0,1353.3012
000570.SZ,20021024,6.6,6.6,6.42,6.46,6.56,-0.1,-1.52,1823.74,1186.716
000570.SZ,20021023,6.5,6.56,6.45,6.56,6.52,0.04,0.61,2213.19,1440.6363
000570.SZ,20021022,6.45,6.57,6.4,6.52,6.43,0.09,1.4,2168.88,1408.5065
000570.SZ,20021021,6.36,6.44,6.35,6.43,6.36,0.07,1.1,855.5,546.4555
000570.SZ,20021018,6.33,6.44,6.31,6.36,6.31,0.05,0.79,2316.27,1473.8608
000570.SZ,20021017,6.54,6.61,6.31,6.31,6.54,-0.23,-3.52,2156.52,1389.4164
000570.SZ,20021016,6.51,6.64,6.51,6.54,6.51,0.03,0.46,2621.62,1723.8837
000570.SZ,20021015,6.49,6.53,6.46,6.51,6.49,0.02,0.31,1288.65,837.3726
000570.SZ,20021014,6.38,6.54,6.38,6.49,6.41,0.08,1.25,1570.87,1015.2125
000570.SZ,20021011,6.36,6.5,6.36,6.41,6.36,0.05,0.79,1286.67,829.3027
000570.SZ,20021010,6.48,6.52,6.36,6.36,6.51,-0.15,-2.3,2362.93,1519.4372
000570.SZ,20021009,6.68,6.68,6.47,6.51,6.71,-0.2,-2.98,2874.58,1887.3685
000570.SZ,20021008,6.7,6.72,6.65,6.71,6.69,0.02,0.3,1939.4,1297.3614
000570.SZ,20020927,6.7,6.73,6.66,6.69,6.66,0.03,0.45,1498.0,1001.2682
000570.SZ,20020926,6.67,6.78,6.65,6.66,6.66,0.0,0.0,1409.6,942.1931
000570.SZ,20020925,6.63,6.82,6.58,6.66,6.65,0.01,0.15,1457.3,972.0567
000570.SZ,20020924,6.73,6.78,6.64,6.65,6.72,-0.07,-1.04,2103.0,1407.8946
000570.SZ,20020923,6.74,6.8,6.7,6.72,6.74,-0.02,-0.3,854.2,576.044
000570.SZ,20020920,6.88,6.88,6.74,6.74,6.89,-0.15,-2.18,1459.2,993.3132
000570.SZ,20020919,6.68,6.89,6.63,6.89,6.65,0.24,3.61,2645.93,1794.0846
000570.SZ,20020918,6.66,6.74,6.59,6.65,6.66,-0.01,-0.15,1337.65,891.6511
000570.SZ,20020917,6.87,6.87,6.55,6.66,6.78,-0.12,-1.77,4237.75,2820.7197
000570.SZ,20020916,6.98,6.98,6.75,6.78,6.87,-0.09,-1.31,1927.44,1311.8563
000570.SZ,20020913,6.92,6.95,6.86,6.87,6.91,-0.04,-0.58,1360.78,938.0981
000570.SZ,20020912,6.86,6.99,6.85,6.91,6.93,-0.02,-0.29,1567.34,1083.1529
000570.SZ,20020911,6.96,7.0,6.85,6.93,6.96,-0.03,-0.43,2458.41,1694.7858
000570.SZ,20020910,6.99,7.06,6.91,6.96,6.97,-0.01,-0.14,1864.5,1295.738
000570.SZ,20020909,6.95,7.06,6.93,6.97,7.06,-0.09,-1.27,2799.0,1952.2867
000570.SZ,20020906,7.1,7.19,7.0,7.06,7.12,-0.06,-0.84,4551.0,3213.7233
000570.SZ,20020905,7.21,7.24,7.08,7.12,7.23,-0.11,-1.52,4666.0,3340.6872
000570.SZ,20020904,7.35,7.35,7.22,7.23,7.28,-0.05,-0.69,2243.19,1629.9794
000570.SZ,20020903,7.3,7.36,7.28,7.28,7.29,-0.01,-0.14,1569.0,1146.8097
000570.SZ,20020902,7.21,7.4,7.2,7.29,7.24,0.05,0.69,1655.11,1207.1094
000570.SZ,20020830,7.3,7.3,7.22,7.24,7.29,-0.05,-0.69,2644.91,1919.4102
000570.SZ,20020829,7.28,7.4,7.28,7.29,7.35,-0.06,-0.82,2265.85,1656.0294
000570.SZ,20020828,7.32,7.42,7.32,7.35,7.33,0.02,0.27,1681.56,1240.2886
000570.SZ,20020827,7.35,7.37,7.28,7.33,7.33,0.0,0.0,3615.31,2646.221
000570.SZ,20020826,7.47,7.47,7.31,7.33,7.39,-0.06,-0.81,1850.1,1361.9675
000570.SZ,20020823,7.45,7.47,7.38,7.39,7.48,-0.09,-1.2,3082.3,2285.6154
000570.SZ,20020822,7.36,7.55,7.36,7.48,7.43,0.05,0.67,6353.91,4728.1112
000570.SZ,20020821,7.49,7.5,7.37,7.43,7.49,-0.06,-0.8,3522.23,2615.1687
000570.SZ,20020820,7.37,7.5,7.37,7.49,7.39,0.1,1.35,3875.56,2887.6438
000570.SZ,20020819,7.3,7.43,7.25,7.39,7.31,0.08,1.09,2345.39,1729.7073
000570.SZ,20020816,7.27,7.4,7.18,7.31,7.27,0.04,0.55,3404.7,2488.801
000570.SZ,20020815,7.35,7.36,7.26,7.27,7.35,-0.08,-1.09,2468.24,1805.2625
000570.SZ,20020814,7.31,7.38,7.27,7.35,7.32,0.03,0.41,1963.86,1439.2719
000570.SZ,20020813,7.3,7.37,7.2,7.32,7.3,0.02,0.27,4313.93,3132.7932
000570.SZ,20020812,7.45,7.45,7.28,7.3,7.48,-0.18,-2.41,5869.0,4299.9714
000570.SZ,20020809,7.53,7.59,7.45,7.48,7.52,-0.04,-0.53,4901.0,3679.2468
000570.SZ,20020808,7.58,7.62,7.5,7.52,7.56,-0.04,-0.53,8114.36,6118.9504
000570.SZ,20020807,7.65,7.68,7.53,7.56,7.65,-0.09,-1.18,11882.73,9027.8555
000570.SZ,20020806,7.49,7.68,7.44,7.65,7.5,0.15,2.0,9009.72,6836.1913
000570.SZ,20020805,7.5,7.56,7.49,7.5,7.5,0.0,0.0,8317.3,6247.9363
000570.SZ,20020802,7.69,7.73,7.49,7.5,7.7,-0.2,-2.6,14330.1,10828.6885
000570.SZ,20020801,7.66,7.82,7.65,7.7,7.67,0.03,0.39,6309.64,4877.101
000570.SZ,20020731,7.7,7.82,7.63,7.67,7.69,-0.02,-0.26,14192.29,10938.8446
000570.SZ,20020730,7.85,7.85,7.61,7.69,7.87,-0.18,-2.29,17371.45,13396.8061
000570.SZ,20020729,7.75,7.9,7.54,7.87,7.83,0.04,0.51,21091.96,16147.545
000570.SZ,20020726,8.28,8.32,7.8,7.83,8.29,-0.46,-5.55,27342.35,21976.9194
000570.SZ,20020725,8.18,8.33,8.11,8.29,8.18,0.11,1.34,26611.29,21892.5904
000570.SZ,20020724,8.17,8.19,8.06,8.18,8.19,-0.01,-0.12,27106.85,22000.8801
000570.SZ,20020723,7.95,8.35,7.92,8.19,7.92,0.27,3.41,86066.96,70234.1536
000570.SZ,20020722,7.94,8.03,7.88,7.92,7.94,-0.02,-0.25,16729.72,13303.8802
000570.SZ,20020719,7.75,7.94,7.72,7.94,7.91,0.03,0.38,16618.87,13009.6732
000570.SZ,20020718,7.8,7.94,7.79,7.91,7.8,0.11,1.41,7871.79,6220.5553
000570.SZ,20020717,7.83,7.83,7.65,7.8,7.75,0.05,0.65,4977.05,3843.9639
000570.SZ,20020716,7.79,7.84,7.72,7.75,7.73,0.02,0.26,4816.39,3745.6024
000570.SZ,20020715,7.74,7.74,7.58,7.73,7.74,-0.01,-0.13,5008.51,3837.7326
000570.SZ,20020712,7.78,7.84,7.7,7.74,7.78,-0.04,-0.51,4738.28,3685.8039
000570.SZ,20020711,7.7,7.87,7.7,7.78,7.76,0.02,0.26,5828.06,4538.3954
000570.SZ,20020710,7.96,8.03,7.75,7.76,8.0,-0.24,-3.0,10262.3,8034.8942
000570.SZ,20020709,8.09,8.15,7.96,8.0,8.08,-0.08,-0.99,12163.1,9776.9885
000570.SZ,20020708,7.99,8.1,7.89,8.08,7.91,0.17,2.15,14571.86,11718.592
000570.SZ,20020705,7.81,7.92,7.74,7.91,7.81,0.1,1.28,4535.12,3552.9192
000570.SZ,20020704,7.88,7.98,7.78,7.81,7.84,-0.03,-0.38,10482.49,8256.5268
000570.SZ,20020703,7.9,7.98,7.74,7.84,7.87,-0.03,-0.38,7625.47,5956.6968
000570.SZ,20020702,7.68,7.88,7.6,7.87,7.67,0.2,2.61,8835.34,6892.3313
000570.SZ,20020701,7.68,7.88,7.64,7.67,7.8,-0.13,-1.67,8747.08,6734.8509
000570.SZ,20020628,8.09,8.09,7.68,7.8,8.07,-0.27,-3.35,24692.93,19399.0774
000570.SZ,20020627,8.13,8.27,7.9,8.07,8.12,-0.05,-0.62,18448.46,14891.3722
000570.SZ,20020626,7.85,8.2,7.72,8.12,7.9,0.22,2.78,28187.75,22569.0406
000570.SZ,20020625,7.92,8.35,7.7,7.9,7.83,0.07,0.89,57066.06,46219.1102
000570.SZ,20020624,7.83,7.83,7.5,7.83,7.12,0.71,9.97,52753.58,40779.0902
000570.SZ,20020621,6.68,7.15,6.68,7.12,6.69,0.43,6.43,18504.91,13033.8612
000570.SZ,20020620,6.6,6.8,6.6,6.69,6.6,0.09,1.36,3967.8,2669.6503
000570.SZ,20020619,6.7,6.7,6.58,6.6,6.69,-0.09,-1.35,3332.79,2208.6946
000570.SZ,20020618,6.5,6.7,6.5,6.69,6.45,0.24,3.72,4597.87,3052.1721
000570.SZ,20020617,6.35,6.5,6.35,6.45,6.45,0.0,0.0,2394.56,1537.4297
000570.SZ,20020614,6.6,6.7,6.44,6.45,6.6,-0.15,-2.27,3579.52,2350.8971
000570.SZ,20020613,6.66,6.73,6.59,6.6,6.67,-0.07,-1.05,3098.34,2056.3011
000570.SZ,20020612,6.78,6.79,6.6,6.67,6.79,-0.12,-1.77,4330.49,2888.8589
000570.SZ,20020611,6.77,6.89,6.75,6.79,6.77,0.02,0.3,4756.13,3239.911
000570.SZ,20020607,6.66,6.91,6.58,6.77,6.67,0.1,1.5,12228.79,8269.8679
000570.SZ,20020606,6.15,6.78,6.11,6.67,6.32,0.35,5.54,12406.13,8006.7188
000570.SZ,20020605,6.86,6.86,6.27,6.32,6.91,-0.59,-8.54,12019.7,7794.4446
000570.SZ,20020604,6.95,7.05,6.8,6.91,6.95,-0.04,-0.58,5346.87,3700.9273
000570.SZ,20020603,7.1,7.1,6.88,6.95,7.09,-0.14,-1.97,5831.78,4056.8037
000570.SZ,20020531,6.9,7.1,6.9,7.09,6.99,0.1,1.43,9600.71,6764.9385
000570.SZ,20020530,6.9,7.0,6.77,6.99,6.87,0.12,1.75,5691.13,3922.9672
000570.SZ,20020529,7.03,7.03,6.84,6.87,7.16,-0.29,-4.05,6104.06,4209.1425
000570.SZ,20020528,7.2,7.25,7.1,7.16,7.18,-0.02,-0.28,3823.5,2752.7088
000570.SZ,20020527,7.1,7.19,6.93,7.18,7.07,0.11,1.56,3834.1,2708.8416
000570.SZ,20020524,7.27,7.27,6.97,7.07,7.27,-0.2,-2.75,7461.94,5278.0974
000570.SZ,20020523,7.4,7.46,7.23,7.27,7.3,-0.03,-0.41,6461.89,4736.7014
000570.SZ,20020522,7.3,7.4,7.21,7.3,7.26,0.04,0.55,13776.59,10074.1673
000570.SZ,20020521,6.97,7.28,6.89,7.26,6.8,0.46,6.76,14930.14,10662.8805
000570.SZ,20020520,6.8,6.89,6.62,6.8,6.89,-0.09,-1.31,4758.47,3199.4535
000570.SZ,20020517,6.75,6.98,6.65,6.89,6.75,0.14,2.07,7410.91,5048.0026
000570.SZ,20020516,7.02,7.17,6.7,6.75,7.17,-0.42,-5.86,11876.02,8214.3917
000570.SZ,20020515,7.4,7.45,7.15,7.17,7.4,-0.23,-3.11,7996.6,5800.8798
000570.SZ,20020514,7.3,7.51,7.25,7.4,7.3,0.1,1.37,9686.97,7205.6327
000570.SZ,20020513,7.17,7.35,7.14,7.3,7.23,0.07,0.97,5885.39,4258.1722
000570.SZ,20020510,7.34,7.35,7.16,7.23,7.39,-0.16,-2.17,9718.93,7029.5979
000570.SZ,20020509,7.33,7.49,7.25,7.39,7.35,0.04,0.54,6786.29,5024.6566
000570.SZ,20020508,7.56,7.56,7.34,7.35,7.58,-0.23,-3.03,9018.42,6663.3376
000570.SZ,20020430,7.68,7.72,7.55,7.58,7.68,-0.1,-1.3,18430.11,14028.0127
000570.SZ,20020429,7.58,7.7,7.45,7.68,7.58,0.1,1.32,28477.02,21679.8593
000570.SZ,20020426,7.4,7.66,7.29,7.58,7.45,0.13,1.75,31168.29,23366.1719
000570.SZ,20020425,7.13,7.58,7.13,7.45,7.1,0.35,4.93,62348.6,46327.7467
000570.SZ,20020424,6.99,7.11,6.9,7.1,7.01,0.09,1.28,7788.95,5469.073
000570.SZ,20020423,7.01,7.05,6.87,7.01,7.01,0.0,0.0,8020.36,5609.0399
000570.SZ,20020422,6.8,7.05,6.67,7.01,6.84,0.17,2.49,8363.19,5791.2272
000570.SZ,20020419,6.75,6.88,6.54,6.84,6.77,0.07,1.03,6580.78,4398.9365
000570.SZ,20020418,6.93,6.93,6.75,6.77,6.89,-0.12,-1.74,3827.25,2613.5372
000570.SZ,20020417,6.85,6.99,6.73,6.89,6.81,0.08,1.17,5089.0,3494.7948
000570.SZ,20020416,6.82,6.93,6.75,6.81,6.84,-0.03,-0.44,4954.07,3378.8416
000570.SZ,20020415,7.02,7.02,6.75,6.84,7.04,-0.2,-2.84,12204.5,8338.1187
000570.SZ,20020412,7.0,7.24,7.0,7.04,7.05,-0.01,-0.14,9374.61,6650.7887
000570.SZ,20020411,7.32,7.32,7.03,7.05,7.29,-0.24,-3.29,8234.29,5877.519
000570.SZ,20020410,7.3,7.37,7.25,7.29,7.26,0.03,0.41,6457.0,4697.561
000570.SZ,20020409,7.08,7.38,7.08,7.26,7.12,0.14,1.97,8327.22,6037.7385
000570.SZ,20020408,7.1,7.18,7.02,7.12,7.12,0.0,0.0,3083.74,2188.9087
000570.SZ,20020405,7.09,7.2,7.02,7.12,7.09,0.03,0.42,8186.83,5820.0378
000570.SZ,20020404,6.74,7.16,6.7,7.09,6.74,0.35,5.19,11368.88,7929.478
000570.SZ,20020403,6.7,6.88,6.62,6.74,6.68,0.06,0.9,4001.13,2693.3098
000570.SZ,20020402,6.9,6.93,6.64,6.68,6.8,-0.12,-1.76,5699.12,3849.306
000570.SZ,20020401,6.75,6.9,6.51,6.8,6.78,0.02,0.3,7625.63,5120.9677
000570.SZ,20020329,7.15,7.16,6.7,6.78,7.22,-0.44,-6.09,13931.16,9672.4805
000570.SZ,20020328,7.2,7.35,7.14,7.22,7.25,-0.03,-0.41,5762.98,4166.2516
000570.SZ,20020327,7.3,7.38,7.1,7.25,7.3,-0.05,-0.68,5397.54,3893.0124
000570.SZ,20020326,7.55,7.56,7.16,7.3,7.57,-0.27,-3.57,9412.72,6883.7448
000570.SZ,20020325,7.56,7.6,7.45,7.57,7.54,0.03,0.4,6398.7,4823.5969
000570.SZ,20020322,7.38,7.58,7.31,7.54,7.38,0.16,2.17,13165.06,9846.0648
000570.SZ,20020321,7.46,7.49,7.3,7.38,7.45,-0.07,-0.94,9258.14,6840.1468
000570.SZ,20020320,7.35,7.45,7.25,7.45,7.35,0.1,1.36,12073.28,8892.0776
000570.SZ,20020319,7.29,7.37,7.07,7.35,7.17,0.18,2.51,11781.56,8520.6411
000570.SZ,20020318,7.26,7.55,7.02,7.17,7.28,-0.11,-1.51,10079.92,7299.1854
000570.SZ,20020315,7.74,7.78,7.25,7.28,7.72,-0.44,-5.7,20829.67,15676.1962
000570.SZ,20020314,7.25,7.79,7.24,7.72,7.25,0.47,6.48,17160.03,12758.5894
000570.SZ,20020313,7.6,7.83,7.2,7.25,7.65,-0.4,-5.23,25754.22,19191.378
000570.SZ,20020312,8.15,8.19,7.65,7.65,7.96,-0.31,-3.89,41777.89,33043.5812
000570.SZ,20020311,7.32,7.96,7.28,7.96,7.24,0.72,9.94,49240.71,37812.8767
000570.SZ,20020308,7.18,7.36,6.98,7.24,7.09,0.15,2.12,31966.94,22940.6312
000570.SZ,20020307,6.73,7.1,6.7,7.09,6.73,0.36,5.35,26858.4,18651.8254
000570.SZ,20020306,6.66,7.08,6.55,6.73,6.64,0.09,1.36,29083.52,19747.5142
000570.SZ,20020305,6.45,6.66,6.45,6.64,6.44,0.2,3.11,28866.28,18989.4154
000570.SZ,20020304,6.26,6.45,6.01,6.44,6.27,0.17,2.71,17669.93,11165.0093
000570.SZ,20020301,6.09,6.38,6.05,6.27,6.12,0.15,2.45,27347.48,17020.4253
000570.SZ,20020228,6.12,6.18,6.05,6.12,6.13,-0.01,-0.16,12352.91,7552.2233
000570.SZ,20020227,6.12,6.18,6.03,6.13,6.09,0.04,0.66,6301.51,3862.2363
000570.SZ,20020226,5.96,6.15,5.9,6.09,5.99,0.1,1.67,9885.18,5995.4679
000570.SZ,20020225,5.98,6.06,5.8,5.99,5.7,0.29,5.09,8111.63,4827.2882
000570.SZ,20020208,5.84,5.85,5.7,5.7,5.78,-0.08,-1.38,5124.0,2955.369
000570.SZ,20020207,5.58,5.87,5.56,5.78,5.63,0.15,2.66,7373.33,4246.3465
000570.SZ,20020206,6.02,6.02,5.62,5.63,6.02,-0.39,-6.48,11151.69,6434.9552
000570.SZ,20020205,5.9,6.1,5.8,6.02,5.91,0.11,1.86,19289.19,11532.0427
000570.SZ,20020204,5.58,5.99,5.48,5.91,5.57,0.34,6.1,12798.45,7415.1939
000570.SZ,20020201,5.69,5.72,5.5,5.57,5.68,-0.11,-1.94,9959.31,5570.032
000570.SZ,20020131,5.26,5.75,5.26,5.68,5.27,0.41,7.78,19418.54,10762.446
000570.SZ,20020130,5.09,5.35,5.0,5.27,5.09,0.18,3.54,8949.61,4674.6574
000570.SZ,20020129,4.78,5.1,4.61,5.09,4.82,0.27,5.6,6008.6,2992.1999
000570.SZ,20020128,5.25,5.25,4.82,4.82,5.36,-0.54,-10.07,11736.63,5926.568
000570.SZ,20020125,5.21,5.46,5.21,5.36,5.29,0.07,1.32,8210.04,4375.1583
000570.SZ,20020124,5.13,5.5,4.98,5.29,5.06,0.23,4.55,15414.71,8127.8358
000570.SZ,20020123,4.68,5.06,4.51,5.06,4.6,0.46,10.0,9524.64,4652.8906
000570.SZ,20020122,4.51,4.88,4.4,4.6,4.69,-0.09,-1.92,6027.96,2810.1031
000570.SZ,20020121,5.02,5.1,4.68,4.69,5.2,-0.51,-9.81,8011.06,3843.2114
000570.SZ,20020118,5.45,5.45,5.02,5.2,5.46,-0.26,-4.76,4958.77,2616.214
000570.SZ,20020117,5.76,5.76,5.45,5.46,5.8,-0.34,-5.86,3382.2,1903.1912
000570.SZ,20020116,5.61,5.83,5.61,5.8,5.63,0.17,3.02,3387.01,1945.3743
000570.SZ,20020115,5.64,5.8,5.55,5.63,5.61,0.02,0.36,4375.99,2479.4811
000570.SZ,20020114,5.75,5.8,5.56,5.61,5.82,-0.21,-3.61,4390.77,2496.3724
000570.SZ,20020111,6.05,6.05,5.81,5.82,6.1,-0.28,-4.59,3111.69,1846.8354
000570.SZ,20020110,5.9,6.19,5.7,6.1,5.99,0.11,1.84,7275.06,4272.7083
000570.SZ,20020109,6.5,6.5,5.96,5.99,6.6,-0.61,-9.24,6839.0,4231.0379
000570.SZ,20020108,6.6,6.7,6.58,6.6,6.63,-0.03,-0.45,1342.0,889.155
000570.SZ,20020107,6.74,6.74,6.57,6.63,6.84,-0.21,-3.07,3668.32,2438.0758
000570.SZ,20020104,7.0,7.0,6.82,6.84,7.0,-0.16,-2.29,1856.5,1278.7257
000570.SZ,20011231,7.1,7.13,6.99,7.0,7.09,-0.09,-1.27,1746.3,1233.0487
000570.SZ,20011228,7.0,7.12,7.0,7.09,7.0,0.09,1.29,1453.4,1023.4637
000570.SZ,20011227,7.1,7.22,6.98,7.0,7.17,-0.17,-2.37,1762.51,1249.181
000570.SZ,20011226,7.01,7.24,7.01,7.17,7.05,0.12,1.7,1098.97,782.4897
000570.SZ,20011225,6.95,7.06,6.95,7.05,7.02,0.03,0.43,1701.72,1193.2033
000570.SZ,20011224,7.24,7.29,7.0,7.02,7.26,-0.24,-3.31,1885.8,1343.4322
000570.SZ,20011221,7.2,7.26,7.14,7.26,7.22,0.04,0.55,1719.18,1235.9856
000570.SZ,20011220,7.36,7.38,7.2,7.22,7.43,-0.21,-2.83,2029.68,1473.2835
000570.SZ,20011219,7.5,7.58,7.43,7.43,7.5,-0.07,-0.93,2017.2,1513.3407
000570.SZ,20011218,7.38,7.5,7.32,7.5,7.38,0.12,1.63,1920.71,1424.6532
000570.SZ,20011217,7.38,7.39,7.3,7.38,7.39,-0.01,-0.14,1740.94,1278.638
000570.SZ,20011214,7.45,7.5,7.34,7.39,7.49,-0.1,-1.34,2793.02,2072.6182
000570.SZ,20011213,7.71,7.77,7.48,7.49,7.74,-0.25,-3.23,3624.0,2765.4142
000570.SZ,20011212,7.79,7.83,7.7,7.74,7.79,-0.05,-0.64,2914.48,2261.2381
000570.SZ,20011211,7.85,7.93,7.78,7.79,7.85,-0.06,-0.76,2183.62,1712.1512
000570.SZ,20011210,7.9,7.93,7.75,7.85,7.94,-0.09,-1.13,3734.45,2918.9409
000570.SZ,20011207,7.9,7.98,7.9,7.94,7.93,0.01,0.13,2652.24,2105.1874
000570.SZ,20011206,7.82,7.94,7.7,7.93,7.86,0.07,0.89,4479.2,3513.8429
000570.SZ,20011205,8.08,8.1,7.82,7.86,8.11,-0.25,-3.08,10800.21,8597.1256
000570.SZ,20011204,8.15,8.18,8.02,8.11,8.14,-0.03,-0.37,6393.29,5169.9448
000570.SZ,20011203,8.17,8.22,8.1,8.14,8.12,0.02,0.25,7835.3,6408.5916
000570.SZ,20011130,8.08,8.16,8.02,8.12,8.08,0.04,0.5,6672.49,5392.0596
000570.SZ,20011129,7.92,8.11,7.89,8.08,7.92,0.16,2.02,12232.69,9848.4494
000570.SZ,20011128,7.74,7.95,7.74,7.92,7.72,0.2,2.59,11730.78,9215.5877
000570.SZ,20011127,7.65,7.75,7.65,7.72,7.73,-0.01,-0.13,4522.83,3478.1527
000570.SZ,20011126,7.54,7.76,7.45,7.73,7.54,0.19,2.52,3819.39,2893.5119
000570.SZ,20011123,7.66,7.68,7.52,7.54,7.65,-0.11,-1.44,3689.65,2804.4244
000570.SZ,20011122,7.65,7.69,7.55,7.65,7.62,0.03,0.39,4939.04,3767.3457
000570.SZ,20011121,7.55,7.63,7.42,7.62,7.5,0.12,1.6,6391.42,4811.2
000570.SZ,20011120,7.28,7.5,7.28,7.5,7.27,0.23,3.16,5709.5,4247.8051
000570.SZ,20011119,7.2,7.27,7.15,7.27,7.22,0.05,0.69,1881.4,1356.8313
000570.SZ,20011116,7.45,7.65,7.16,7.22,7.05,0.17,2.41,4312.32,3181.5065
000570.SZ,20011115,7.06,7.13,7.0,7.05,7.04,0.01,0.14,901.5,635.2577
000570.SZ,20011114,7.02,7.15,7.0,7.04,7.02,0.02,0.28,665.02,467.695
000570.SZ,20011113,6.96,7.06,6.96,7.02,7.08,-0.06,-0.85,1195.4,837.965
000570.SZ,20011112,7.1,7.18,6.99,7.08,7.09,-0.01,-0.14,1340.61,950.9205
000570.SZ,20011109,6.92,7.11,6.86,7.09,7.06,0.03,0.42,1886.32,1322.1903
000570.SZ,20011108,6.78,7.08,6.76,7.06,6.93,0.13,1.88,2255.4,1562.6382
000570.SZ,20011107,7.45,7.45,6.9,6.93,7.45,-0.52,-6.98,3419.7,2438.5785
000570.SZ,20011106,7.36,7.46,7.36,7.45,7.45,0.0,0.0,1235.31,913.8823
000570.SZ,20011105,7.44,7.52,7.38,7.45,7.54,-0.09,-1.19,1610.0,1197.6887
000570.SZ,20011102,7.5,7.62,7.42,7.54,7.56,-0.02,-0.26,2926.22,2205.6096
000570.SZ,20011101,7.4,7.74,7.35,7.56,7.45,0.11,1.48,3657.89,2743.1196
000570.SZ,20011031,7.47,7.47,7.25,7.45,7.48,-0.03,-0.4,2517.25,1839.8047
000570.SZ,20011030,7.57,7.6,7.45,7.48,7.56,-0.08,-1.06,1622.38,1216.9432
000570.SZ,20011029,7.43,7.58,7.43,7.56,7.43,0.13,1.75,3021.5,2270.9004
000570.SZ,20011026,7.36,7.54,7.35,7.43,7.46,-0.03,-0.4,2460.59,1825.5118
000570.SZ,20011025,7.7,7.7,7.46,7.46,7.8,-0.34,-4.36,5366.32,4044.2835
000570.SZ,20011024,7.84,7.94,7.6,7.8,7.48,0.32,4.28,10286.86,7977.9243
000570.SZ,20011023,7.28,7.48,7.22,7.48,6.8,0.68,10.0,7324.54,5428.6666
000570.SZ,20011022,7.1,7.1,6.71,6.8,7.13,-0.33,-4.63,2830.5,1968.998
000570.SZ,20011019,7.3,7.35,7.01,7.13,7.35,-0.22,-2.99,3405.92,2439.3207
000570.SZ,20011018,7.58,7.65,7.35,7.35,7.58,-0.23,-3.03,1147.01,858.0341
000570.SZ,20011017,7.5,7.68,7.46,7.58,7.58,0.0,0.0,1026.41,775.543
000570.SZ,20011016,7.84,7.91,7.3,7.58,7.84,-0.26,-3.32,1822.59,1397.4598
000570.SZ,20011015,7.73,7.86,7.59,7.84,7.73,0.11,1.42,3025.22,2353.3244
000570.SZ,20011012,7.5,7.78,7.22,7.73,7.5,0.23,3.07,3922.01,2950.6205
000570.SZ,20011011,7.8,7.8,7.49,7.5,7.76,-0.26,-3.35,2385.9,1807.8918
000570.SZ,20011010,8.13,8.15,7.7,7.76,8.13,-0.37,-4.55,2398.0,1893.353
000570.SZ,20011009,8.0,8.2,8.0,8.13,8.02,0.11,1.37,874.94,708.0644
000570.SZ,20011008,8.5,8.5,8.01,8.02,8.1,-0.08,-0.99,1340.99,1086.0868
000570.SZ,20010928,8.1,8.18,7.9,8.1,8.11,-0.01,-0.12,2272.26,1827.0006
000570.SZ,20010927,8.09,8.2,8.06,8.11,8.1,0.01,0.12,1591.38,1292.9944
000570.SZ,20010926,8.31,8.32,8.08,8.1,8.3,-0.2,-2.41,1605.0,1306.8144
000570.SZ,20010925,8.4,8.49,8.23,8.3,8.37,-0.07,-0.84,1247.99,1039.7607
000570.SZ,20010924,8.32,8.59,8.3,8.37,8.13,0.24,2.95,6156.1,5201.3968
000570.SZ,20010921,8.1,8.2,8.1,8.13,8.15,-0.02,-0.25,1136.57,925.5729
000570.SZ,20010920,8.26,8.35,8.1,8.15,8.26,-0.11,-1.33,2303.86,1895.4696
000570.SZ,20010919,8.11,8.35,8.05,8.26,8.18,0.08,0.98,2039.85,1659.6588
000570.SZ,20010918,8.0,8.28,7.95,8.18,8.05,0.13,1.61,1955.06,1587.4006
000570.SZ,20010917,8.2,8.3,8.05,8.05,8.34,-0.29,-3.48,3589.98,2912.3124
000570.SZ,20010914,8.58,8.65,8.3,8.34,8.6,-0.26,-3.02,3483.05,2953.7561
000570.SZ,20010913,8.75,8.81,8.6,8.6,8.67,-0.07,-0.81,1192.2,1035.8139
000570.SZ,20010912,8.5,8.78,8.05,8.67,8.89,-0.22,-2.47,3335.61,2872.224
000570.SZ,20010911,8.85,8.98,8.8,8.89,8.85,0.04,0.45,2635.32,2336.5072
000570.SZ,20010910,8.6,8.9,8.38,8.85,8.65,0.2,2.31,2607.99,2276.7936
000570.SZ,20010907,8.96,8.98,8.62,8.65,8.99,-0.34,-3.78,3172.15,2773.9196
000570.SZ,20010906,9.0,9.15,8.9,8.99,8.97,0.02,0.22,2038.4,1835.0504
000570.SZ,20010905,8.88,9.18,8.86,8.97,8.85,0.12,1.36,3620.42,3264.314
000570.SZ,20010904,8.55,8.88,8.55,8.85,8.66,0.19,2.19,2362.99,2079.3942
000570.SZ,20010903,8.71,8.72,8.65,8.66,8.8,-0.14,-1.59,1016.59,883.0268
000570.SZ,20010831,8.85,8.95,8.55,8.8,8.87,-0.07,-0.79,1526.3,1337.0428
000570.SZ,20010830,8.78,9.0,8.78,8.87,8.8,0.07,0.8,2039.0,1819.2723
000570.SZ,20010829,8.78,9.05,8.75,8.8,8.78,0.02,0.23,3665.0,3281.3547
000570.SZ,20010828,8.55,8.78,8.41,8.78,8.6,0.18,2.09,3540.3,3040.4831
000570.SZ,20010827,9.01,9.01,8.6,8.6,9.1,-0.5,-5.49,5245.6,4608.6083
000570.SZ,20010824,9.4,9.47,9.04,9.1,9.47,-0.37,-3.91,5364.63,4957.79
000570.SZ,20010823,9.6,9.6,9.35,9.47,9.63,-0.16,-1.66,3470.2,3283.2985
000570.SZ,20010822,9.72,9.89,9.56,9.63,9.75,-0.12,-1.23,3788.6,3640.1939
000570.SZ,20010821,9.8,9.85,9.7,9.75,9.74,0.01,0.1,1831.3,1787.3185
000570.SZ,20010820,9.81,9.81,9.71,9.74,9.81,-0.07,-0.71,2339.2,2280.9113
000570.SZ,20010817,9.8,9.88,9.79,9.81,9.82,-0.01,-0.1,1540.2,1513.1936
000570.SZ,20010816,9.8,9.88,9.61,9.82,9.9,-0.08,-0.81,1810.44,1772.6246
000570.SZ,20010815,9.89,9.99,9.85,9.9,9.91,-0.01,-0.1,1569.61,1553.2493
000570.SZ,20010814,10.2,10.2,9.86,9.91,10.09,-0.18,-1.78,2900.41,2903.9647
000570.SZ,20010813,10.04,10.16,10.01,10.09,10.08,0.01,0.1,2965.26,2999.8691
000570.SZ,20010810,10.0,10.15,10.0,10.08,9.98,0.1,1.0,4231.31,4264.3678
000570.SZ,20010809,9.85,10.01,9.78,9.98,9.86,0.12,1.22,3427.4,3410.7576
000570.SZ,20010808,9.96,9.96,9.73,9.86,9.94,-0.08,-0.8,1809.7,1787.5929
000570.SZ,20010807,9.8,10.02,9.5,9.94,9.75,0.19,1.95,4703.3,4590.3499
000570.SZ,20010806,10.1,10.11,9.6,9.75,10.09,-0.34,-3.37,3844.23,3755.2666
000570.SZ,20010803,10.3,10.35,9.98,10.09,10.3,-0.21,-2.04,4178.59,4229.7865
000570.SZ,20010802,10.08,10.48,9.6,10.3,10.08,0.22,2.18,9017.33,9086.6771
000570.SZ,20010801,9.81,10.1,9.81,10.08,9.78,0.3,3.07,7337.63,7327.4371
000570.SZ,20010731,9.58,10.0,9.5,9.78,9.58,0.2,2.09,16505.04,16274.4005
000570.SZ,20010730,10.15,10.21,9.58,9.58,10.64,-1.06,-9.96,14290.81,14088.4924
000570.SZ,20010727,11.45,11.5,10.64,10.64,11.82,-1.18,-9.98,12200.3,13225.0817
000570.SZ,20010726,11.83,11.88,11.8,11.82,11.83,-0.01,-0.08,2523.05,2983.1143
000570.SZ,20010725,11.86,11.99,11.8,11.83,11.91,-0.08,-0.67,2869.44,3399.7749
000570.SZ,20010724,12.04,12.15,11.82,11.91,12.03,-0.12,-1.0,4079.56,4862.2935
000570.SZ,20010723,12.18,12.3,11.95,12.03,12.14,-0.11,-0.91,2914.79,3509.0586
000570.SZ,20010720,11.95,12.15,11.94,12.14,11.97,0.17,1.42,3143.28,3785.0948
000570.SZ,20010719,12.1,12.1,11.93,11.97,12.09,-0.12,-0.99,2119.01,2537.4349
000570.SZ,20010718,12.14,12.14,12.03,12.09,12.0,0.09,0.75,1378.1,1662.3265
000570.SZ,20010717,12.07,12.08,11.84,12.0,12.08,-0.08,-0.66,4060.94,4839.5446
000570.SZ,20010716,12.35,12.39,12.05,12.08,12.27,-0.19,-1.55,5071.2,6149.0403
000570.SZ,20010713,12.34,12.34,12.24,12.27,12.29,-0.02,-0.16,2356.47,2891.4339
000570.SZ,20010712,12.4,12.4,12.2,12.29,12.41,-0.12,-0.97,3212.51,3941.4838
000570.SZ,20010711,12.6,12.61,12.4,12.41,12.64,-0.23,-1.82,3354.9,4202.6316
000570.SZ,20010710,12.42,12.65,12.38,12.64,12.45,0.19,1.53,7538.75,9462.3761
000570.SZ,20010709,12.5,12.51,12.36,12.45,12.52,-0.07,-0.56,4846.09,6020.4643
000570.SZ,20010706,12.49,12.65,12.48,12.52,12.38,0.14,1.13,25935.87,32554.0608
000570.SZ,20010705,12.3,12.39,12.22,12.38,12.32,0.06,0.49,6794.35,8343.0594
000570.SZ,20010704,12.34,12.39,12.3,12.32,12.34,-0.02,-0.16,2179.42,2690.9931
000570.SZ,20010703,12.28,12.38,12.22,12.34,12.29,0.05,0.41,2521.74,3097.8729
000570.SZ,20010702,12.35,12.45,12.2,12.29,12.35,-0.06,-0.49,2148.6,2645.2714
000570.SZ,20010629,12.35,12.48,12.3,12.35,12.35,0.0,0.0,3659.34,4523.5697
000570.SZ,20010628,12.55,12.56,12.34,12.35,12.48,-0.13,-1.04,4762.5,5924.7766
000570.SZ,20010627,12.6,12.6,12.48,12.48,12.54,-0.06,-0.48,4036.75,5051.4293
000570.SZ,20010626,12.5,12.58,12.4,12.54,12.5,0.04,0.32,7679.87,9580.6347
000570.SZ,20010625,12.33,12.52,12.33,12.5,12.33,0.17,1.38,7183.94,8959.1505
000570.SZ,20010622,12.4,12.4,12.18,12.33,12.39,-0.06,-0.48,2842.65,3494.18
000570.SZ,20010621,12.09,12.44,12.05,12.39,12.09,0.3,2.48,7702.87,9397.3953
000570.SZ,20010620,12.25,12.29,12.05,12.09,12.25,-0.16,-1.31,3393.5,4128.8965
000570.SZ,20010619,12.2,12.35,12.19,12.25,12.23,0.02,0.16,4716.04,5768.0728
000570.SZ,20010618,12.46,12.55,12.2,12.23,12.44,-0.21,-1.69,7166.68,8862.1778
000570.SZ,20010615,12.4,12.48,12.27,12.44,12.41,0.03,0.24,5746.09,7098.9738
000570.SZ,20010614,12.38,12.63,12.34,12.41,12.31,0.1,0.81,10146.9,12676.6561
000570.SZ,20010613,12.32,12.38,12.16,12.31,12.31,0.0,0.0,7131.89,8727.7964
000570.SZ,20010612,12.26,12.36,12.24,12.31,12.26,0.05,0.41,4421.7,5435.4124
000570.SZ,20010611,12.3,12.37,12.24,12.26,12.31,-0.05,-0.41,5087.8,6258.1818
000570.SZ,20010608,12.4,12.4,12.28,12.31,12.4,-0.09,-0.73,5349.54,6580.7109
000570.SZ,20010607,12.61,12.65,12.4,12.4,12.61,-0.21,-1.67,7735.77,9648.8179
000570.SZ,20010606,12.5,12.69,12.5,12.61,12.42,0.19,1.53,14970.88,18864.5827
000570.SZ,20010605,12.3,12.45,12.22,12.42,12.3,0.12,0.98,6453.18,7962.982
000570.SZ,20010604,12.14,12.35,12.13,12.3,12.14,0.16,1.32,6864.79,8397.139
000570.SZ,20010601,12.33,12.35,12.01,12.14,12.33,-0.19,-1.54,6915.03,8409.0711
000570.SZ,20010531,12.2,12.34,12.01,12.33,11.95,0.38,3.18,5209.52,6371.0135
000570.SZ,20010529,11.82,12.0,11.8,11.95,11.82,0.13,1.1,4467.93,5318.5118
000570.SZ,20010528,12.06,12.1,11.8,11.82,12.05,-0.23,-1.91,9622.27,11438.503
000570.SZ,20010525,12.04,12.2,11.98,12.05,12.04,0.01,0.08,7834.8,9455.3375
000570.SZ,20010524,12.07,12.1,11.98,12.04,12.11,-0.07,-0.58,10171.77,12223.5508
000570.SZ,20010523,12.24,12.24,12.06,12.11,12.25,-0.14,-1.14,7890.41,9568.5997
000570.SZ,20010522,12.18,12.35,12.18,12.25,12.18,0.07,0.57,4814.14,5886.917
000570.SZ,20010521,12.3,12.3,12.12,12.18,12.33,-0.15,-1.22,8634.36,10508.7225
000570.SZ,20010518,12.2,12.34,12.15,12.33,12.22,0.11,0.9,6271.33,7653.9897
000570.SZ,20010517,12.44,12.5,12.17,12.22,12.44,-0.22,-1.77,11369.46,13909.987
000570.SZ,20010516,12.58,12.58,12.38,12.44,12.5,-0.06,-0.48,4964.81,6162.863
000570.SZ,20010515,12.36,12.5,12.23,12.5,12.35,0.15,1.21,11843.32,14632.8112
000570.SZ,20010514,12.4,12.4,12.26,12.35,12.41,-0.06,-0.48,5984.36,7367.3583
000570.SZ,20010511,12.21,12.42,12.2,12.41,12.21,0.2,1.64,3774.27,4635.7684
000570.SZ,20010510,12.24,12.34,12.14,12.21,12.26,-0.05,-0.41,4362.0,5327.0
000570.SZ,20010509,12.35,12.45,12.25,12.26,12.35,-0.09,-0.73,2723.0,3351.6009
000570.SZ,20010508,12.1,12.47,12.1,12.35,12.1,0.25,2.07,2422.46,2986.9599
000570.SZ,20010430,12.2,12.2,12.05,12.1,12.23,-0.13,-1.06,7160.0,8669.0
000570.SZ,20010427,12.22,12.36,12.15,12.23,12.27,-0.04,-0.33,7561.65,9253.0515
000570.SZ,20010426,12.3,12.4,12.21,12.27,12.39,-0.12,-0.97,5010.29,6150.5694
000570.SZ,20010425,12.64,12.8,12.3,12.39,12.6,-0.21,-1.67,8384.01,10419.9882
000570.SZ,20010424,12.5,12.66,12.5,12.6,12.5,0.1,0.8,4865.0,6116.0
000570.SZ,20010423,12.63,12.71,12.4,12.5,12.63,-0.13,-1.03,7659.43,9594.6032
000570.SZ,20010420,12.83,12.89,12.63,12.63,12.83,-0.2,-1.56,11757.1,14936.3306
000570.SZ,20010419,12.91,12.91,12.7,12.83,12.99,-0.16,-1.23,9230.43,11791.9524
000570.SZ,20010418,13.25,13.25,12.93,12.99,13.18,-0.19,-1.44,7525.76,9800.4344
000570.SZ,20010417,12.9,13.2,12.9,13.18,12.88,0.3,2.33,12078.34,15778.7896
000570.SZ,20010416,12.85,12.98,12.79,12.88,12.85,0.03,0.23,12631.89,16262.9052
000570.SZ,20010413,12.75,13.07,12.68,12.85,12.79,0.06,0.47,9001.16,11567.1551
000570.SZ,20010412,12.93,12.95,12.66,12.79,12.93,-0.14,-1.08,21901.46,28038.186
000570.SZ,20010411,13.1,13.2,12.82,12.93,13.29,-0.36,-2.71,14824.5,19230.7372
000570.SZ,20010410,13.27,13.4,13.1,13.29,13.21,0.08,0.61,8052.13,10636.1551
000570.SZ,20010409,13.37,13.48,13.12,13.21,13.36,-0.15,-1.12,11131.09,14676.076
000570.SZ,20010406,13.55,13.65,13.31,13.36,13.45,-0.09,-0.67,13980.03,18804.8497
000570.SZ,20010405,13.19,13.47,13.1,13.45,13.19,0.26,1.97,10731.78,14246.7043
000570.SZ,20010404,13.52,13.58,13.11,13.19,13.52,-0.33,-2.44,16707.9,22378.3068
000570.SZ,20010403,13.6,13.68,13.4,13.52,13.58,-0.06,-0.44,33544.0,45470.6605
000570.SZ,20010402,13.51,13.65,13.35,13.58,13.09,0.49,3.74,149632.3,201618.3572
000570.SZ,20010330,13.18,13.29,12.91,13.09,13.09,0.0,0.0,23870.93,31336.1091
000570.SZ,20010329,13.15,13.15,12.85,13.09,12.99,0.1,0.77,15271.77,19834.4636
000570.SZ,20010328,13.13,13.13,12.88,12.99,12.9,0.09,0.7,13347.17,17337.403
000570.SZ,20010327,12.8,12.95,12.56,12.9,12.55,0.35,2.79,14371.2,18454.4791
000570.SZ,20010326,12.35,12.58,12.3,12.55,12.39,0.16,1.29,6538.02,8168.9833
000570.SZ,20010323,12.7,12.85,12.35,12.39,12.72,-0.33,-2.59,7160.31,9072.9078
000570.SZ,20010322,12.65,12.85,12.55,12.72,12.56,0.16,1.27,9931.3,12625.6248
000570.SZ,20010321,12.62,12.7,12.5,12.56,12.63,-0.07,-0.55,9691.81,12209.7005
000570.SZ,20010320,12.4,12.65,12.4,12.63,12.4,0.23,1.85,8496.64,10622.8774
000570.SZ,20010319,12.32,12.44,12.15,12.4,12.32,0.08,0.65,5713.4,6998.4713
000570.SZ,20010316,12.29,12.4,12.2,12.32,12.33,-0.01,-0.08,5515.46,6777.1739
000570.SZ,20010315,12.58,12.58,12.28,12.33,12.58,-0.25,-1.99,7832.12,9709.3228
000570.SZ,20010314,12.48,12.6,12.44,12.58,12.57,0.01,0.08,9006.22,11276.3086
000570.SZ,20010313,12.53,12.6,12.43,12.57,12.55,0.02,0.16,6023.71,7524.3176
000570.SZ,20010312,12.77,12.78,12.48,12.55,12.78,-0.23,-1.8,6368.08,8001.4841
000570.SZ,20010309,12.9,12.9,12.7,12.78,12.89,-0.11,-0.85,8872.03,11344.1192
000570.SZ,20010308,12.75,12.93,12.62,12.89,12.75,0.14,1.1,14373.56,18422.756
000570.SZ,20010307,12.5,12.78,12.36,12.75,12.48,0.27,2.16,14678.3,18451.6512
000570.SZ,20010306,12.3,12.49,12.2,12.48,12.3,0.18,1.46,7747.2,9532.852
000570.SZ,20010305,12.2,12.35,12.15,12.3,12.06,0.24,1.99,6725.12,8236.2265
000570.SZ,20010302,11.95,12.18,11.95,12.06,11.95,0.11,0.92,6540.7,7905.507
000570.SZ,20010301,12.0,12.17,11.95,11.95,12.11,-0.16,-1.32,4923.39,5914.9461
000570.SZ,20010228,12.45,12.45,12.0,12.11,12.35,-0.24,-1.94,6021.41,7312.0674
000570.SZ,20010227,12.01,12.37,11.95,12.35,11.98,0.37,3.09,11912.32,14471.3816
000570.SZ,20010226,12.1,12.12,11.78,11.98,12.09,-0.11,-0.91,6601.83,7862.6066
000570.SZ,20010223,11.9,12.2,11.85,12.09,11.91,0.18,1.51,6992.02,8373.3554
000570.SZ,20010222,11.85,12.16,11.4,11.91,12.0,-0.09,-0.75,15363.47,18077.7552
000570.SZ,20010221,13.13,13.13,11.93,12.0,13.25,-1.25,-9.43,40570.31,49998.7541
000570.SZ,20010220,13.35,13.52,13.2,13.25,13.24,0.01,0.08,28655.77,38294.8427
000570.SZ,20010219,13.1,13.25,12.95,13.24,13.01,0.23,1.77,6116.56,8011.1292
000570.SZ,20010216,12.9,13.05,12.86,13.01,12.99,0.02,0.15,3752.83,4848.4644
000570.SZ,20010215,13.25,13.29,12.9,12.99,13.23,-0.24,-1.81,4022.86,5251.0968
000570.SZ,20010214,13.3,13.43,13.18,13.23,13.25,-0.02,-0.15,7952.9,10597.7954
000570.SZ,20010213,13.14,13.4,13.12,13.25,13.03,0.22,1.69,11866.87,15756.2998
000570.SZ,20010212,13.15,13.18,12.95,13.03,13.1,-0.07,-0.53,4388.25,5710.7479
000570.SZ,20010209,12.85,13.18,12.85,13.1,12.75,0.35,2.75,8379.22,10879.1202
000570.SZ,20010208,13.28,13.33,12.7,12.75,13.3,-0.55,-4.14,4450.5,5816.0549
000570.SZ,20010207,13.4,13.43,13.22,13.3,13.37,-0.07,-0.52,5650.0,7545.075
000570.SZ,20010206,13.18,13.39,13.1,13.37,13.27,0.1,0.75,7178.54,9510.4647
000570.SZ,20010205,13.75,13.75,13.15,13.27,13.59,-0.32,-2.35,5517.09,7385.224
000570.SZ,20010119,13.5,13.7,13.46,13.59,13.44,0.15,1.12,6236.44,8481.8528
000570.SZ,20010118,13.46,13.55,13.42,13.44,13.46,-0.02,-0.15,5630.39,7589.3822
000570.SZ,20010117,13.49,13.55,13.4,13.46,13.49,-0.03,-0.22,3443.71,4626.5879
000570.SZ,20010116,13.29,13.57,13.2,13.49,13.47,0.02,0.15,6660.96,8936.0203
000570.SZ,20010115,13.81,13.81,13.44,13.47,13.84,-0.37,-2.67,9215.52,12532.8888
000570.SZ,20010112,14.03,14.03,13.81,13.84,14.04,-0.2,-1.42,5240.4,7277.7804
000570.SZ,20010111,14.12,14.12,13.95,14.04,14.04,0.0,0.0,10506.16,14727.7385
000570.SZ,20010110,13.99,14.1,13.7,14.04,13.82,0.22,1.59,7487.29,10473.1035
000570.SZ,20010109,13.9,14.09,13.67,13.82,13.9,-0.08,-0.58,5707.38,7914.0144
000570.SZ,20010108,14.2,14.3,13.8,13.9,14.14,-0.24,-1.7,12833.03,17959.1428
000570.SZ,20010105,13.86,14.2,13.82,14.14,13.86,0.28,2.02,19099.23,26921.4572
000570.SZ,20010104,14.01,14.08,13.81,13.86,14.01,-0.15,-1.07,10345.19,14366.631
000570.SZ,20010103,13.95,14.4,13.9,14.01,13.8,0.21,1.52,40874.48,57822.6823
000570.SZ,20010102,13.17,13.88,13.0,13.8,13.16,0.64,4.86,17648.25,24019.8899
000570.SZ,20001229,12.79,13.3,12.79,13.16,12.79,0.37,2.89,5335.99,6916.6504
000570.SZ,20001228,12.91,12.93,12.71,12.79,12.91,-0.12,-0.93,9188.42,11784.4382
000570.SZ,20001227,12.95,13.0,12.85,12.91,12.91,0.0,0.0,4950.11,6391.7104
000570.SZ,20001226,13.0,13.1,12.82,12.91,13.01,-0.1,-0.77,11147.29,14420.7599
000570.SZ,20001225,13.31,13.31,12.95,13.01,13.09,-0.08,-0.61,6381.12,8313.9156
000570.SZ,20001222,13.23,13.3,13.01,13.09,13.27,-0.18,-1.36,5332.17,6998.0108
000570.SZ,20001221,13.3,13.4,13.24,13.27,13.19,0.08,0.61,5113.81,6807.3446
000570.SZ,20001220,13.11,13.21,13.05,13.19,13.09,0.1,0.76,4977.9,6535.8203
000570.SZ,20001219,13.0,13.19,12.9,13.09,13.0,0.09,0.69,4143.95,5408.5026
000570.SZ,20001218,13.15,13.2,12.89,13.0,13.12,-0.12,-0.91,6764.61,8785.1991
000570.SZ,20001215,13.2,13.28,13.1,13.12,13.2,-0.08,-0.61,3784.95,4976.9392
000570.SZ,20001214,13.2,13.34,13.1,13.2,13.21,-0.01,-0.08,4926.95,6502.884
000570.SZ,20001213,13.25,13.4,13.1,13.21,13.25,-0.04,-0.3,7945.79,10524.0192
000570.SZ,20001212,13.1,13.34,13.1,13.25,13.1,0.15,1.15,5427.21,7170.6307
000570.SZ,20001211,13.65,13.65,13.08,13.1,13.65,-0.55,-4.03,9380.0,12512.218
000570.SZ,20001208,13.55,13.75,13.51,13.65,13.6,0.05,0.37,7053.38,9598.5027
000570.SZ,20001207,13.78,13.92,13.55,13.6,13.81,-0.21,-1.52,10656.68,14575.8719
000570.SZ,20001206,14.2,14.28,13.78,13.81,14.18,-0.37,-2.61,10540.0,14792.6769
000570.SZ,20001205,14.3,14.42,14.16,14.18,14.25,-0.07,-0.49,13943.01,19928.5322
000570.SZ,20001204,14.2,14.28,14.11,14.25,14.15,0.1,0.71,14359.1,20387.5085
000570.SZ,20001201,14.25,14.38,14.08,14.15,14.24,-0.09,-0.63,14774.49,21025.963
000570.SZ,20001130,14.35,14.46,14.15,14.24,14.32,-0.08,-0.56,19076.87,27249.2075
000570.SZ,20001129,14.05,14.41,13.88,14.32,14.0,0.32,2.29,28489.63,40464.8738
000570.SZ,20001128,13.72,14.1,13.62,14.0,13.67,0.33,2.41,14291.53,19907.4654
000570.SZ,20001127,13.68,13.89,13.5,13.67,13.73,-0.06,-0.44,6720.93,9184.6648
000570.SZ,20001124,14.0,14.25,13.68,13.73,13.89,-0.16,-1.15,16463.33,23022.6652
000570.SZ,20001123,13.81,14.1,13.8,13.89,13.81,0.08,0.58,11198.99,15605.1981
000570.SZ,20001122,13.71,13.9,13.67,13.81,13.69,0.12,0.88,7755.13,10662.5089
000570.SZ,20001121,13.7,13.92,13.63,13.69,13.75,-0.06,-0.44,9829.43,13518.4248
000570.SZ,20001120,13.91,13.91,13.61,13.75,13.89,-0.14,-1.01,12026.66,16514.6034
000570.SZ,20001117,14.3,14.3,13.82,13.89,14.22,-0.33,-2.32,14240.0,19910.494
000570.SZ,20001116,14.12,14.25,13.9,14.22,14.11,0.11,0.78,15654.0,21991.4756
000570.SZ,20001115,14.48,14.48,14.07,14.11,14.29,-0.18,-1.26,14220.0,20197.7172
000570.SZ,20001114,13.9,14.3,13.8,14.29,13.87,0.42,3.03,21427.0,30448.0679
000570.SZ,20001113,14.1,14.1,13.78,13.87,14.03,-0.16,-1.14,13873.0,19263.2194
000570.SZ,20001110,14.08,14.22,13.9,14.03,13.91,0.12,0.86,14057.0,19759.3199
000570.SZ,20001109,13.8,13.99,13.69,13.91,13.83,0.08,0.58,8468.0,11724.1816
000570.SZ,20001108,13.64,13.91,13.6,13.83,13.64,0.19,1.39,7305.0,10093.6623
000570.SZ,20001107,13.79,13.8,13.6,13.64,13.8,-0.16,-1.16,4853.0,6637.2926
000570.SZ,20001106,13.73,13.8,13.45,13.8,13.7,0.1,0.73,8188.0,11122.6966
000570.SZ,20001103,14.0,14.13,13.69,13.7,14.05,-0.35,-2.49,15285.0,21096.0811
000570.SZ,20001102,13.95,14.4,13.95,14.05,13.81,0.24,1.74,50940.0,72227.5868
000570.SZ,20001101,14.0,14.0,13.73,13.81,14.0,-0.19,-1.36,16884.0,23370.9169
000570.SZ,20001031,14.28,14.3,13.7,14.0,14.26,-0.26,-1.82,25398.0,35434.8235
000570.SZ,20001030,14.83,14.98,14.13,14.26,14.54,-0.28,-1.93,95853.0,137933.9965
000570.SZ,20001027,14.08,14.59,13.75,14.54,13.96,0.58,4.15,36912.0,52459.4315
000570.SZ,20001026,13.5,13.99,13.5,13.96,13.56,0.4,2.95,17692.0,24396.6456
000570.SZ,20001025,13.58,13.71,13.48,13.56,13.6,-0.04,-0.29,13351.0,18163.6831
000570.SZ,20001024,13.34,13.65,13.21,13.6,13.36,0.24,1.8,20446.0,27652.8652
000570.SZ,20001023,13.11,13.38,12.8,13.36,13.0,0.36,2.77,14320.0,18845.6721
000570.SZ,20001020,12.69,13.1,12.56,13.0,12.69,0.31,2.44,7892.0,10137.3091
000570.SZ,20001019,12.68,12.92,12.6,12.69,12.6,0.09,0.71,3181.0,4030.7313
000570.SZ,20001018,13.0,13.05,12.53,12.6,12.81,-0.21,-1.64,5536.0,7002.1175
000570.SZ,20001017,12.82,13.2,12.52,12.81,12.52,0.29,2.32,9454.0,12084.5139
000570.SZ,20001016,12.5,12.8,12.3,12.52,12.59,-0.07,-0.56,6073.0,7659.2494
000570.SZ,20001013,13.0,13.01,12.59,12.59,13.03,-0.44,-3.38,13120.0,16626.5423
000570.SZ,20001012,13.16,13.25,13.0,13.03,13.26,-0.23,-1.73,8145.0,10641.0314
000570.SZ,20001011,13.36,13.45,13.15,13.26,13.36,-0.1,-0.75,4929.0,6547.694
000570.SZ,20001010,13.25,13.49,13.11,13.36,13.16,0.2,1.52,4102.0,5442.3171
000570.SZ,20001009,13.5,13.5,13.1,13.16,13.41,-0.25,-1.86,3415.0,4493.6982
000570.SZ,20000929,13.03,13.5,13.03,13.41,13.25,0.16,1.21,4382.0,5816.383
000570.SZ,20000928,13.5,13.58,13.1,13.25,13.46,-0.21,-1.56,4169.0,5520.0046
000570.SZ,20000927,13.29,13.49,13.27,13.46,13.29,0.17,1.28,4526.0,6063.5654
000570.SZ,20000926,13.03,13.3,13.03,13.29,13.2,0.09,0.68,4494.0,5915.6402
000570.SZ,20000925,13.35,13.49,13.1,13.2,13.35,-0.15,-1.12,3625.0,4780.4065
000570.SZ,20000922,13.29,13.4,13.02,13.35,13.36,-0.01,-0.07,10733.0,14140.9796
000570.SZ,20000921,13.66,13.86,13.12,13.36,13.67,-0.31,-2.27,12186.0,16329.4956
000570.SZ,20000920,13.5,13.8,13.46,13.67,13.6,0.07,0.51,9012.0,12233.0199
000570.SZ,20000919,14.2,14.29,13.45,13.6,14.29,-0.69,-4.83,13430.0,18531.007
000570.SZ,20000918,14.2,14.61,14.1,14.29,14.2,0.09,0.63,9814.0,14118.7307
000570.SZ,20000915,14.3,14.3,14.0,14.2,14.31,-0.11,-0.77,15142.0,21376.5141
000570.SZ,20000914,14.48,14.55,14.28,14.31,14.49,-0.18,-1.24,19228.0,27583.9874
000570.SZ,20000913,14.8,14.85,14.4,14.49,14.85,-0.36,-2.42,20776.0,30327.4468
000570.SZ,20000912,14.8,14.95,14.58,14.85,14.73,0.12,0.81,19763.0,29136.6038
000570.SZ,20000911,15.14,15.39,14.55,14.73,14.99,-0.26,-1.73,49527.0,73747.9681
000570.SZ,20000908,16.0,16.33,14.9,14.99,15.85,-0.86,-5.43,57411.0,88496.3705
000570.SZ,20000907,14.7,16.07,14.7,15.85,14.67,1.18,8.04,80408.0,125382.059
000570.SZ,20000906,15.25,15.25,14.5,14.67,15.22,-0.55,-3.61,28496.35,42160.5497
000570.SZ,20000905,15.35,15.69,15.05,15.22,15.3,-0.08,-0.52,47515.0,73288.539
000570.SZ,20000904,15.5,15.72,15.28,15.3,15.38,-0.08,-0.52,63386.0,98306.9486
000570.SZ,20000901,14.94,15.47,14.8,15.38,14.93,0.45,3.01,81701.0,123972.3393
000570.SZ,20000831,14.74,15.25,14.48,14.93,14.75,0.18,1.22,53420.0,80136.4356
000570.SZ,20000830,14.8,14.99,14.43,14.75,14.73,0.02,0.14,18065.0,26632.9374
000570.SZ,20000829,14.68,14.75,14.25,14.73,14.3,0.43,3.01,19421.0,28307.2695
000570.SZ,20000828,13.99,14.33,13.8,14.3,14.01,0.29,2.07,16429.0,23179.823
000570.SZ,20000825,14.2,14.3,13.8,14.01,14.2,-0.19,-1.34,18839.0,26319.8095
000570.SZ,20000824,14.19,14.44,13.91,14.2,14.3,-0.1,-0.7,13204.0,18751.1486
000570.SZ,20000823,14.58,14.88,13.4,14.3,14.6,-0.3,-2.05,28133.0,39689.6711
000570.SZ,20000822,15.29,15.29,14.6,14.6,15.29,-0.69,-4.51,22613.0,34137.6724
000570.SZ,20000821,14.71,15.3,14.3,15.29,14.61,0.68,4.65,34870.0,51859.0625
000570.SZ,20000818,14.6,14.9,14.48,14.61,14.51,0.1,0.69,17567.0,25647.0081
000570.SZ,20000817,14.5,14.75,14.4,14.51,14.54,-0.03,-0.21,15935.0,23122.9274
000570.SZ,20000816,14.84,14.95,14.46,14.54,14.84,-0.3,-2.02,17584.0,25681.884
000570.SZ,20000815,15.3,15.32,14.77,14.84,15.32,-0.48,-3.13,16802.0,25170.595
000570.SZ,20000814,15.36,15.38,15.08,15.32,15.19,0.13,0.86,21273.0,32478.5721
000570.SZ,20000811,14.88,15.29,14.82,15.19,14.8,0.39,2.64,39716.0,60042.853
000570.SZ,20000810,15.0,15.2,14.6,14.8,14.94,-0.14,-0.94,23034.0,33959.7679
000570.SZ,20000809,15.18,15.39,14.7,14.94,15.13,-0.19,-1.26,28131.0,42086.2548
000570.SZ,20000808,14.66,15.16,14.61,15.13,14.6,0.53,3.63,33011.0,49409.0984
000570.SZ,20000807,14.38,14.6,14.28,14.6,14.36,0.24,1.67,23066.0,33341.827
000570.SZ,20000804,14.38,14.6,14.11,14.36,14.4,-0.04,-0.28,36442.0,52526.4952
000570.SZ,20000803,13.98,14.66,13.98,14.4,13.98,0.42,3.0,77614.0,111387.7847
000570.SZ,20000802,13.85,14.05,13.65,13.98,13.8,0.18,1.3,27724.0,38508.5949
000570.SZ,20000801,14.25,14.32,13.72,13.8,14.11,-0.31,-2.2,29460.0,41009.2454
000570.SZ,20000731,14.02,14.52,14.02,14.11,13.96,0.15,1.07,44876.0,63961.5628
000570.SZ,20000728,13.8,14.3,13.8,13.96,13.76,0.2,1.45,38928.0,54692.7583
000570.SZ,20000727,13.8,13.98,13.7,13.76,13.89,-0.13,-0.94,20726.0,28619.9629
000570.SZ,20000726,13.44,13.91,13.44,13.89,13.44,0.45,3.35,27189.0,37360.4382
000570.SZ,20000725,13.7,13.72,13.43,13.44,13.62,-0.18,-1.32,13822.0,18760.8089
000570.SZ,20000724,13.15,13.78,13.15,13.62,13.08,0.54,4.13,25126.0,33858.4115
000570.SZ,20000721,13.01,13.25,13.01,13.08,13.08,0.0,0.0,8172.0,10723.3952
000570.SZ,20000720,13.16,13.3,13.0,13.08,13.16,-0.08,-0.61,8856.0,11613.5098
000570.SZ,20000719,13.16,13.35,13.08,13.16,13.13,0.03,0.23,11181.0,14765.2806
000570.SZ,20000718,13.05,13.3,13.05,13.13,12.97,0.16,1.23,11884.0,15677.8429
000570.SZ,20000717,12.7,13.38,12.65,12.97,12.71,0.26,2.05,28353.0,37178.6319
000570.SZ,20000714,12.82,12.9,12.65,12.71,12.82,-0.11,-0.86,8029.0,10216.8338
000570.SZ,20000713,12.7,12.85,12.65,12.82,12.74,0.08,0.63,9188.0,11714.1972
000570.SZ,20000712,12.82,12.98,12.7,12.74,12.82,-0.08,-0.62,6048.0,7757.7881
000570.SZ,20000711,13.0,13.1,12.74,12.82,12.96,-0.14,-1.08,9083.0,11738.7825
000570.SZ,20000710,12.68,13.08,12.68,12.96,12.63,0.33,2.61,16131.0,20896.4632
000570.SZ,20000707,12.72,12.8,12.5,12.63,12.66,-0.03,-0.24,7897.0,10020.9671
000570.SZ,20000706,12.5,12.82,12.35,12.66,12.42,0.24,1.93,7059.0,8913.0085
000570.SZ,20000705,12.25,12.78,12.25,12.42,12.26,0.16,1.31,9934.0,12506.2888
000570.SZ,20000704,12.05,12.33,12.0,12.26,12.1,0.16,1.32,4962.0,6045.4138
000570.SZ,20000703,12.65,12.65,12.04,12.1,12.6,-0.5,-3.97,11246.0,13788.3198
000570.SZ,20000630,12.8,12.85,12.59,12.6,12.82,-0.22,-1.72,7874.0,9996.8532
000570.SZ,20000629,12.48,12.88,12.47,12.82,12.47,0.35,2.81,11524.0,14653.2161
000570.SZ,20000628,12.5,12.6,12.42,12.47,12.47,0.0,0.0,8637.0,10784.4271
000570.SZ,20000627,12.8,12.8,12.41,12.47,12.6,-0.13,-1.03,5090.0,6405.8977
000570.SZ,20000623,12.42,12.6,12.38,12.6,12.46,0.14,1.12,5695.0,7099.3961
000570.SZ,20000622,12.63,12.77,12.4,12.46,12.63,-0.17,-1.35,4632.0,5789.15
000570.SZ,20000621,12.3,12.68,12.25,12.63,12.3,0.33,2.68,4689.0,5846.0678
000570.SZ,20000620,12.55,12.56,12.3,12.3,12.64,-0.34,-2.69,6413.0,7953.1237
000570.SZ,20000619,12.98,13.01,12.61,12.64,12.98,-0.34,-2.62,6373.0,8135.9435
000570.SZ,20000616,12.83,13.0,12.6,12.98,12.82,0.16,1.25,12351.0,15698.609
000570.SZ,20000615,13.14,13.15,12.66,12.82,13.14,-0.32,-2.44,16470.0,21099.2958
000570.SZ,20000614,13.5,13.65,13.12,13.14,13.26,-0.12,-0.91,48451.0,64663.7612
000570.SZ,20000613,12.9,13.38,12.9,13.26,12.77,0.49,3.84,48414.0,63885.2396
000570.SZ,20000612,12.5,12.88,12.35,12.77,12.48,0.29,2.32,15456.0,19578.7342
000570.SZ,20000609,12.65,12.95,12.39,12.48,12.6,-0.12,-0.95,15074.0,19170.0721
000570.SZ,20000608,12.32,12.6,12.32,12.6,12.31,0.29,2.36,12711.0,15892.1627
000570.SZ,20000607,12.5,12.5,12.2,12.31,12.39,-0.08,-0.65,5934.0,7309.2484
000570.SZ,20000606,12.09,12.6,12.09,12.39,12.14,0.25,2.06,9510.0,11787.3967
000570.SZ,20000605,12.06,12.45,12.06,12.14,12.12,0.02,0.17,10913.0,13386.0261
000570.SZ,20000602,12.3,12.35,12.07,12.12,12.25,-0.13,-1.06,8928.0,10825.9193
000570.SZ,20000601,12.35,12.45,12.15,12.25,12.33,-0.08,-0.65,6377.0,7819.0066
000570.SZ,20000531,12.0,12.35,11.91,12.33,12.09,0.24,1.99,8386.0,10171.8244
000570.SZ,20000530,12.46,12.68,12.0,12.09,12.42,-0.33,-2.66,10663.0,13163.7701
000570.SZ,20000529,12.7,12.75,12.28,12.42,12.69,-0.27,-2.13,14235.0,17766.7643
000570.SZ,20000526,12.95,13.1,12.5,12.69,12.69,0.0,0.0,38917.0,49938.5681
000570.SZ,20000525,11.9,12.69,11.9,12.69,11.54,1.15,9.97,33115.0,41120.1682
000570.SZ,20000524,11.34,11.68,11.34,11.54,11.34,0.2,1.76,7143.0,8219.9182
000570.SZ,20000523,11.7,11.75,11.3,11.34,11.53,-0.19,-1.65,7484.0,8572.7746
000570.SZ,20000522,11.05,11.68,11.05,11.53,11.0,0.53,4.82,10192.0,11624.6156
000570.SZ,20000519,11.0,11.08,10.7,11.0,11.0,0.0,0.0,7963.0,8656.0514
000570.SZ,20000518,10.75,11.09,10.58,11.0,10.68,0.32,3.0,6128.0,6652.5015
000570.SZ,20000517,10.65,10.85,10.51,10.68,10.69,-0.01,-0.09,6053.0,6481.7909
000570.SZ,20000516,10.59,10.87,10.58,10.69,10.59,0.1,0.94,6592.0,7054.5546
000570.SZ,20000515,11.15,11.16,10.51,10.59,11.13,-0.54,-4.85,6021.0,6515.4677
000570.SZ,20000512,11.04,11.49,11.0,11.13,11.03,0.1,0.91,4141.0,4631.9196
000570.SZ,20000511,11.1,11.29,11.0,11.03,11.14,-0.11,-0.99,5613.0,6257.0053
000570.SZ,20000510,11.31,11.46,11.01,11.14,11.39,-0.25,-2.19,5407.0,6066.0917
000570.SZ,20000509,11.6,11.7,11.31,11.39,11.61,-0.22,-1.89,7110.0,8123.6942
000570.SZ,20000508,11.79,11.82,11.56,11.61,11.83,-0.22,-1.86,5861.0,6807.0016
000570.SZ,20000428,11.7,11.85,11.57,11.83,11.7,0.13,1.11,9345.0,10893.063
000570.SZ,20000427,11.91,12.0,11.7,11.7,11.94,-0.24,-2.01,6760.0,8016.0142
000570.SZ,20000426,11.9,12.1,11.9,11.94,11.93,0.01,0.08,6178.0,7393.2556
000570.SZ,20000425,12.07,12.14,11.89,11.93,12.05,-0.12,-1.0,7688.0,9185.4428
000570.SZ,20000424,12.21,12.3,12.0,12.05,12.19,-0.14,-1.15,8320.0,10038.166
000570.SZ,20000421,12.26,12.49,12.02,12.19,12.21,-0.02,-0.16,10232.0,12563.0028
000570.SZ,20000420,12.21,12.46,12.18,12.21,12.16,0.05,0.41,8883.0,10907.8118
000570.SZ,20000419,12.45,12.48,12.1,12.16,12.3,-0.14,-1.14,12256.0,14929.3811
000570.SZ,20000418,12.05,12.3,12.05,12.3,12.08,0.22,1.82,11388.0,13855.0
000570.SZ,20000417,12.4,12.41,12.0,12.08,12.56,-0.48,-3.82,24681.0,29908.7533
000570.SZ,20000414,12.9,12.95,12.4,12.56,13.14,-0.58,-4.41,19774.0,24925.8549
000570.SZ,20000413,13.0,13.48,13.0,13.14,12.95,0.19,1.47,36440.0,48176.1062
000570.SZ,20000412,12.55,13.0,12.41,12.95,12.49,0.46,3.68,24660.0,31403.1535
000570.SZ,20000411,12.26,12.65,12.18,12.49,12.29,0.2,1.63,17227.0,21532.3797
000570.SZ,20000410,12.49,12.58,12.2,12.29,12.49,-0.2,-1.6,14431.0,17804.0916
000570.SZ,20000407,12.41,12.5,12.2,12.49,12.36,0.13,1.05,16904.0,20852.2874
000570.SZ,20000406,12.2,12.55,12.06,12.36,12.25,0.11,0.9,21616.0,26563.4843
000570.SZ,20000405,12.3,12.58,11.98,12.25,12.64,-0.39,-3.09,32504.0,39444.7849
000570.SZ,20000404,12.84,12.9,12.5,12.64,12.88,-0.24,-1.86,10850.0,13715.8026
000570.SZ,20000403,13.18,13.35,12.85,12.88,13.38,-0.5,-3.74,14969.0,19507.5106
000570.SZ,20000331,13.2,13.55,13.02,13.38,13.4,-0.02,-0.15,19862.0,26404.7851
000570.SZ,20000330,13.91,13.99,13.1,13.4,13.6,-0.2,-1.47,35412.0,47759.054
000570.SZ,20000329,12.64,13.65,12.64,13.6,12.57,1.03,8.19,41100.0,54438.816
000570.SZ,20000328,12.45,12.8,12.15,12.57,12.43,0.14,1.13,18623.0,23286.684
000570.SZ,20000327,12.05,12.45,11.95,12.43,12.05,0.38,3.15,15171.0,18474.7892
000570.SZ,20000324,12.1,12.5,12.0,12.05,12.06,-0.01,-0.08,15910.0,19513.2331
000570.SZ,20000323,12.21,12.28,11.8,12.06,12.21,-0.15,-1.23,13029.0,15581.2322
000570.SZ,20000322,12.0,12.5,11.9,12.21,12.07,0.14,1.16,10723.0,13062.3452
000570.SZ,20000321,12.0,12.25,11.92,12.07,12.38,-0.31,-2.5,14253.0,17156.7623
000570.SZ,20000320,11.8,12.5,11.56,12.38,12.18,0.2,1.64,21090.0,25423.4913
000570.SZ,20000317,11.49,12.3,11.38,12.18,11.7,0.48,4.1,21076.0,25143.3516
000570.SZ,20000316,12.61,12.77,11.66,11.7,12.95,-1.25,-9.65,29483.0,35835.3464
000570.SZ,20000315,13.8,13.8,12.9,12.95,13.83,-0.88,-6.36,37650.0,49610.1077
000570.SZ,20000314,14.2,14.5,13.5,13.83,14.92,-1.09,-7.31,36886.0,51350.9225
000570.SZ,20000313,14.96,15.2,14.65,14.92,14.96,-0.04,-0.27,20138.0,29838.2047
000570.SZ,20000310,15.15,15.4,14.8,14.96,15.2,-0.24,-1.58,27401.0,41220.0263
000570.SZ,20000309,14.6,15.73,14.6,15.2,14.4,0.8,5.56,55987.0,85432.0149
000570.SZ,20000308,14.7,14.8,14.01,14.4,14.71,-0.31,-2.11,27787.0,40178.5384
000570.SZ,20000307,13.35,14.75,13.1,14.71,13.49,1.22,9.04,33256.0,46005.5037
000570.SZ,20000306,14.8,15.1,13.47,13.49,14.67,-1.18,-8.04,55827.0,78258.741
000570.SZ,20000303,16.35,16.35,14.6,14.67,14.86,-0.19,-1.28,78342.0,119418.2209
000570.SZ,20000302,13.05,14.86,13.05,14.86,13.51,1.35,9.99,83971.0,120491.2554
000570.SZ,20000301,13.2,14.3,12.5,13.92,13.15,0.77,5.86,104769.0,144081.0
000570.SZ,20000229,13.33,14.18,13.05,13.15,13.19,-0.04,-0.3,92676.0,125645.5692
000570.SZ,20000228,12.03,13.19,12.03,13.19,11.99,1.2,10.01,91653.0,116916.0186
000570.SZ,20000225,11.2,12.41,10.88,11.99,11.28,0.71,6.29,56921.0,68102.3945
000570.SZ,20000224,10.78,11.3,10.72,11.28,10.83,0.45,4.16,8900.0,9736.9055
000570.SZ,20000223,11.5,11.5,10.75,10.83,11.13,-0.3,-2.7,12209.0,13485.2155
000570.SZ,20000222,12.7,12.7,11.0,11.13,12.08,-0.95,-7.86,31691.0,37912.4178
000570.SZ,20000221,11.28,12.08,11.28,12.08,10.98,1.1,10.02,37775.0,44952.4919
000570.SZ,20000218,10.5,11.05,10.1,10.98,10.54,0.44,4.17,14658.0,15289.6617
000570.SZ,20000217,10.16,10.6,10.16,10.54,10.15,0.39,3.84,19669.0,20395.9913
000570.SZ,20000216,10.6,10.7,10.08,10.15,10.7,-0.55,-5.14,8360.0,8566.3001
000570.SZ,20000215,11.0,11.3,10.5,10.7,10.89,-0.19,-1.74,17664.0,19470.2482
000570.SZ,20000214,10.0,10.89,10.0,10.89,9.89,1.0,10.11,12719.0,13379.9222
000570.SZ,20000128,9.77,9.99,9.56,9.89,9.77,0.12,1.23,8125.0,7884.7898
000570.SZ,20000127,9.85,10.0,9.7,9.77,9.83,-0.06,-0.61,5077.0,4966.109
000570.SZ,20000126,9.95,9.99,9.8,9.83,9.98,-0.15,-1.5,2227.0,2196.4814
000570.SZ,20000125,9.83,10.0,9.62,9.98,9.83,0.15,1.53,4257.0,4156.0725
000570.SZ,20000124,10.0,10.0,9.6,9.83,10.01,-0.18,-1.8,4108.0,3992.0778
000570.SZ,20000121,10.1,10.25,10.0,10.01,10.08,-0.07,-0.69,4630.0,4656.8652
000570.SZ,20000120,9.89,10.18,9.89,10.08,9.89,0.19,1.92,3137.0,3164.1341
000570.SZ,20000119,9.7,9.99,9.65,9.89,9.66,0.23,2.38,2452.0,2423.4929
000570.SZ,20000118,9.56,9.95,9.41,9.66,9.72,-0.06,-0.62,1299.0,1259.0155
000570.SZ,20000117,9.5,9.77,9.3,9.72,9.55,0.17,1.78,2414.0,2279.1679
000570.SZ,20000114,9.66,9.7,9.45,9.55,9.65,-0.1,-1.04,1520.0,1451.7615
000570.SZ,20000113,9.8,9.85,9.55,9.65,9.78,-0.13,-1.33,2379.0,2308.418
000570.SZ,20000112,10.05,10.3,9.75,9.78,10.14,-0.36,-3.55,2858.0,2842.2148
000570.SZ,20000111,10.7,10.75,10.05,10.14,10.68,-0.54,-5.06,4610.0,4790.5497
000570.SZ,20000110,10.68,10.7,10.38,10.68,10.48,0.2,1.91,6689.0,7046.5382
000570.SZ,20000107,10.2,10.58,10.2,10.48,10.1,0.38,3.76,6743.0,7040.6964
000570.SZ,20000106,9.65,10.1,9.55,10.1,9.65,0.45,4.66,2804.0,2775.8616
000570.SZ,20000105,9.74,9.98,9.62,9.65,9.61,0.04,0.42,1827.0,1790.5708
000570.SZ,20000104,9.59,9.75,9.42,9.61,9.4,0.21,2.23,1227.0,1177.93
000570.SZ,19991230,9.37,9.47,9.36,9.4,9.34,0.06,0.64,505.0,476.3534
000570.SZ,19991229,9.3,9.49,9.21,9.34,9.27,0.07,0.76,1123.0,1042.2667
000570.SZ,19991228,9.5,9.52,9.25,9.27,9.52,-0.25,-2.63,1136.0,1066.3459
000570.SZ,19991224,9.58,9.79,9.5,9.52,9.68,-0.16,-1.65,1163.0,1115.072
000570.SZ,19991223,10.02,10.02,9.67,9.68,10.03,-0.35,-3.49,1569.0,1533.1929
000570.SZ,19991222,10.02,10.2,10.01,10.03,10.1,-0.07,-0.69,897.0,901.983
000570.SZ,19991221,10.26,10.26,10.08,10.1,10.26,-0.16,-1.56,963.0,973.4107
000570.SZ,19991217,10.2,10.58,10.2,10.26,10.3,-0.04,-0.39,995.0,1019.9133
000570.SZ,19991216,10.58,10.58,10.3,10.3,10.48,-0.18,-1.72,847.0,878.762
000570.SZ,19991215,10.25,10.6,10.25,10.48,10.23,0.25,2.44,2080.0,2184.187
000570.SZ,19991214,10.3,10.3,10.18,10.23,10.3,-0.07,-0.68,1361.0,1388.9485
000570.SZ,19991213,10.53,10.53,10.29,10.3,10.5,-0.2,-1.9,1531.0,1595.0155
000570.SZ,19991210,10.49,10.5,10.33,10.5,10.45,0.05,0.48,654.0,680.4925
000570.SZ,19991209,10.39,10.5,10.31,10.45,10.4,0.05,0.48,760.0,791.2373
000570.SZ,19991208,10.5,10.55,10.4,10.4,10.5,-0.1,-0.95,869.0,906.9048
000570.SZ,19991207,10.3,10.55,10.3,10.5,10.26,0.24,2.34,1242.0,1291.9804
000570.SZ,19991206,10.22,10.34,10.22,10.26,10.28,-0.02,-0.19,764.0,784.6835
000570.SZ,19991203,10.28,10.35,10.15,10.28,10.28,0.0,0.0,546.0,561.5849
000570.SZ,19991202,10.37,10.5,10.25,10.28,10.35,-0.07,-0.68,675.0,698.0356
000570.SZ,19991201,10.25,10.5,10.17,10.35,10.2,0.15,1.47,1525.0,1572.7302
000570.SZ,19991130,10.2,10.25,10.12,10.2,10.21,-0.01,-0.1,875.0,890.8315
000570.SZ,19991129,10.2,10.26,10.15,10.21,10.24,-0.03,-0.29,675.0,688.9701
000570.SZ,19991126,10.28,10.3,10.2,10.24,10.2,0.04,0.39,575.0,588.516
000570.SZ,19991125,10.22,10.32,10.2,10.2,10.29,-0.09,-0.87,789.0,808.3525
000570.SZ,19991124,10.3,10.38,10.28,10.29,10.37,-0.08,-0.77,667.0,688.6512
000570.SZ,19991123,10.25,10.5,10.2,10.37,10.23,0.14,1.37,804.0,830.358
000570.SZ,19991122,10.31,10.36,10.2,10.23,10.3,-0.07,-0.68,1014.0,1038.9808
000570.SZ,19991119,10.6,10.6,10.3,10.3,10.49,-0.19,-1.81,814.0,849.843
000570.SZ,19991118,10.36,10.59,10.11,10.49,10.3,0.19,1.84,2079.0,2179.0579
000570.SZ,19991117,10.13,10.3,10.08,10.3,10.13,0.17,1.68,1327.0,1346.08
000570.SZ,19991116,10.3,10.4,10.08,10.13,10.26,-0.13,-1.27,1177.0,1196.7279
000570.SZ,19991115,10.2,10.27,10.18,10.26,10.22,0.04,0.39,888.0,907.721
000570.SZ,19991112,10.4,10.4,10.2,10.22,10.33,-0.11,-1.06,1089.0,1118.5786
000570.SZ,19991111,10.31,10.49,10.31,10.33,10.35,-0.02,-0.19,593.0,615.834
000570.SZ,19991110,10.4,10.4,10.3,10.35,10.5,-0.15,-1.43,1052.0,1085.877
000570.SZ,19991109,10.6,10.68,10.5,10.5,10.56,-0.06,-0.57,1013.0,1074.7145
000570.SZ,19991108,10.01,10.64,10.01,10.56,10.4,0.16,1.54,983.0,1027.7137
000570.SZ,19991105,10.53,10.65,10.36,10.4,10.33,0.07,0.68,460.0,479.697
000570.SZ,19991104,10.45,10.45,10.25,10.33,10.48,-0.15,-1.43,1192.0,1236.8692
000570.SZ,19991103,10.52,10.81,10.45,10.48,10.52,-0.04,-0.38,737.0,773.645
000570.SZ,19991102,10.61,10.75,10.48,10.52,10.61,-0.09,-0.85,927.0,978.616
000570.SZ,19991101,10.84,10.84,10.5,10.61,10.8,-0.19,-1.76,1336.0,1425.91
000570.SZ,19991029,10.9,11.0,10.7,10.8,10.89,-0.09,-0.83,1469.0,1594.0215
000570.SZ,19991028,10.88,10.99,10.8,10.89,10.83,0.06,0.55,3064.0,3333.0136
000570.SZ,19991027,10.45,10.88,10.45,10.83,10.34,0.49,4.74,2889.0,3099.1139
000570.SZ,19991026,10.23,10.48,10.23,10.34,10.23,0.11,1.08,1007.0,1044.491
000570.SZ,19991025,10.36,10.45,10.2,10.23,10.41,-0.18,-1.73,1342.0,1377.8344
000570.SZ,19991022,10.15,10.6,10.15,10.41,10.17,0.24,2.36,1931.0,2011.724
000570.SZ,19991021,10.48,10.48,10.13,10.17,10.47,-0.3,-2.87,1716.0,1753.0985
000570.SZ,19991020,10.59,10.59,10.27,10.47,10.46,0.01,0.1,1799.0,1872.713
000570.SZ,19991019,10.8,10.8,10.4,10.46,10.82,-0.36,-3.33,1741.0,1845.875
000570.SZ,19991018,11.25,11.25,10.8,10.82,11.18,-0.36,-3.22,1497.0,1644.4009
000570.SZ,19991015,11.2,11.2,10.91,11.18,10.91,0.27,2.47,1632.0,1814.623
000570.SZ,19991014,11.0,11.22,10.88,10.91,11.02,-0.11,-1.0,1346.0,1478.4002
000570.SZ,19991013,11.4,11.4,11.0,11.02,11.35,-0.33,-2.91,1321.0,1474.823
000570.SZ,19991012,11.2,11.59,11.18,11.35,11.22,0.13,1.16,885.0,998.0323
000570.SZ,19991011,11.41,11.5,11.18,11.22,11.71,-0.49,-4.18,2032.0,2288.9519
000570.SZ,19990930,11.78,11.86,11.7,11.71,11.72,-0.01,-0.09,1456.0,1707.5503
000570.SZ,19990929,11.78,11.88,11.71,11.72,11.82,-0.1,-0.85,1370.9,1616.1499
000570.SZ,19990928,11.88,11.89,11.78,11.82,11.88,-0.06,-0.51,1357.0,1603.6036
000570.SZ,19990927,11.9,12.1,11.86,11.88,11.99,-0.11,-0.92,1267.0,1510.167
000570.SZ,19990924,11.88,12.3,11.88,11.99,11.8,0.19,1.61,1060.0,1275.023
000570.SZ,19990923,12.08,12.08,11.78,11.8,11.95,-0.15,-1.26,2193.0,2602.0
000570.SZ,19990922,12.15,12.15,11.95,11.95,12.06,-0.11,-0.91,1679.0,2019.1195
000570.SZ,19990921,12.0,12.1,12.0,12.06,12.06,0.0,0.0,1465.0,1763.8946
000570.SZ,19990920,12.3,12.35,12.06,12.06,12.3,-0.24,-1.95,2351.0,2856.1425
000570.SZ,19990917,12.26,12.48,12.25,12.3,12.25,0.05,0.41,3229.0,3978.6388
000570.SZ,19990916,12.24,12.35,12.2,12.25,12.25,0.0,0.0,2326.0,2851.219
000570.SZ,19990915,12.42,12.46,12.2,12.25,12.43,-0.18,-1.45,3388.0,4171.1813
000570.SZ,19990914,12.51,12.65,12.4,12.43,12.51,-0.08,-0.64,5368.0,6723.9674
000570.SZ,19990913,12.36,12.65,12.33,12.51,12.35,0.16,1.3,5432.0,6780.9807
000570.SZ,19990910,12.58,12.76,12.32,12.35,12.48,-0.13,-1.04,8392.0,10531.4768
000570.SZ,19990909,12.0,12.5,11.9,12.48,11.86,0.62,5.23,11077.0,13624.2395
000570.SZ,19990908,11.73,11.9,11.73,11.86,11.73,0.13,1.11,1800.0,2132.5207
000570.SZ,19990907,11.85,11.96,11.7,11.73,11.79,-0.06,-0.51,1929.0,2272.4553
000570.SZ,19990906,12.0,12.08,11.78,11.79,12.1,-0.31,-2.56,2255.0,2679.6335
000570.SZ,19990903,12.3,12.3,12.09,12.1,12.3,-0.2,-1.63,2582.0,3156.6534
000570.SZ,19990902,12.09,12.3,12.08,12.3,12.18,0.12,0.99,5031.0,6135.867
000570.SZ,19990901,12.28,12.49,12.13,12.18,12.25,-0.07,-0.57,9143.0,11283.5125
000570.SZ,19990831,12.15,12.3,11.96,12.25,11.62,0.63,5.42,10774.0,13105.6867
000570.SZ,19990830,11.9,11.98,11.61,11.62,11.86,-0.24,-2.02,2786.0,3265.1026
000570.SZ,19990827,11.97,12.15,11.8,11.86,11.98,-0.12,-1.0,3053.0,3660.783
000570.SZ,19990826,11.73,12.0,11.7,11.98,11.76,0.22,1.87,4502.0,5360.9894
000570.SZ,19990825,11.95,12.02,11.65,11.76,11.96,-0.2,-1.67,3945.0,4673.8393
000570.SZ,19990824,11.89,12.03,11.8,11.96,11.9,0.06,0.5,3822.0,4568.8837
000570.SZ,19990823,11.85,11.92,11.48,11.9,11.9,0.0,0.0,6329.0,7411.7819
000570.SZ,19990820,12.25,12.39,11.88,11.9,12.25,-0.35,-2.86,8610.0,10355.1488
000570.SZ,19990819,12.27,12.55,11.95,12.25,12.28,-0.03,-0.24,9519.0,11578.9802
000570.SZ,19990818,12.77,12.85,12.55,12.79,12.77,0.02,0.16,6652.0,8412.4919
000570.SZ,19990817,13.07,13.08,12.7,12.77,12.99,-0.22,-1.69,11316.0,14533.2359
000570.SZ,19990816,12.67,13.0,12.6,12.99,12.56,0.43,3.42,15485.0,19928.4387
000570.SZ,19990813,12.38,12.6,12.37,12.56,12.36,0.2,1.62,6843.0,8545.8025
000570.SZ,19990812,12.41,12.6,12.21,12.36,12.17,0.19,1.56,3338.0,4121.2004
000570.SZ,19990811,12.3,12.38,12.1,12.17,12.3,-0.13,-1.06,3563.0,4366.229
000570.SZ,19990810,12.03,12.6,12.03,12.3,12.01,0.29,2.41,7151.0,8824.6158
000570.SZ,19990809,12.21,12.21,11.89,12.01,12.19,-0.18,-1.48,5646.0,6753.5898
000570.SZ,19990806,12.33,12.34,11.95,12.19,12.36,-0.17,-1.38,4885.0,5922.869
000570.SZ,19990805,12.5,12.5,12.26,12.36,12.51,-0.15,-1.2,5818.0,7194.9571
000570.SZ,19990804,12.1,12.62,12.0,12.51,12.1,0.41,3.39,7901.0,9779.0
000570.SZ,19990803,12.2,12.25,11.95,12.1,12.12,-0.02,-0.17,4255.0,5137.4385
000570.SZ,19990802,12.0,12.25,11.82,12.12,11.99,0.13,1.08,4966.0,5973.6169
000570.SZ,19990730,12.0,12.11,11.98,11.99,12.09,-0.1,-0.83,5423.0,6516.3176
000570.SZ,19990729,12.2,12.39,12.0,12.09,12.09,0.0,0.0,2473.0,2992.6323
000570.SZ,19990728,12.2,12.34,12.03,12.09,12.2,-0.11,-0.9,2946.0,3593.2338
000570.SZ,19990727,12.12,12.35,12.0,12.2,12.09,0.11,0.91,3082.0,3757.014
000570.SZ,19990726,12.0,12.1,11.78,12.09,12.09,0.0,0.0,4539.0,5406.8612
000570.SZ,19990723,11.8,12.5,11.8,12.09,11.85,0.24,2.03,4583.0,5543.1501
000570.SZ,19990722,12.49,12.49,11.8,11.85,12.58,-0.73,-5.8,7970.0,9660.2196
000570.SZ,19990721,12.78,12.86,12.3,12.58,12.7,-0.12,-0.94,12072.0,15224.6965
000570.SZ,19990720,11.5,12.71,11.42,12.7,11.57,1.13,9.77,7300.0,8804.1564
000570.SZ,19990719,11.7,11.85,11.5,11.57,12.1,-0.53,-4.38,6755.0,7896.8216
000570.SZ,19990716,12.5,12.5,12.06,12.1,12.52,-0.42,-3.35,5750.0,7016.7576
000570.SZ,19990715,12.85,12.9,12.5,12.52,12.72,-0.2,-1.57,3618.0,4571.3318
000570.SZ,19990714,12.43,12.8,12.35,12.72,12.43,0.29,2.33,4971.0,6265.4965
000570.SZ,19990713,12.95,12.95,12.35,12.43,12.95,-0.52,-4.02,7084.0,8854.1853
000570.SZ,19990712,13.15,13.47,12.82,12.95,13.15,-0.2,-1.52,9216.0,12141.1805
000570.SZ,19990709,13.8,13.8,13.1,13.15,13.29,-0.14,-1.05,21587.0,28982.1132
000570.SZ,19990708,12.28,13.29,12.28,13.29,12.08,1.21,10.02,15453.0,20287.053
000570.SZ,19990707,11.9,12.29,11.6,12.08,11.9,0.18,1.51,9846.0,11753.4482
000570.SZ,19990706,12.5,12.5,11.85,11.9,12.56,-0.66,-5.25,10040.0,12146.637
000570.SZ,19990705,13.1,13.28,12.5,12.56,12.97,-0.41,-3.16,10886.0,14068.4938
000570.SZ,19990702,12.5,13.2,12.01,12.97,12.57,0.4,3.18,16131.0,20445.3938
000570.SZ,19990701,13.8,13.8,12.57,12.57,13.97,-1.4,-10.02,15554.0,20137.9611
000570.SZ,19990630,14.8,15.49,13.59,13.97,14.61,-0.64,-4.38,15099.0,21585.2895
000570.SZ,19990628,13.6,14.65,13.5,14.61,13.65,0.96,7.03,29314.0,41279.1468
000570.SZ,19990625,14.7,15.08,13.5,13.65,14.6,-0.95,-6.51,40156.0,58313.2883
000570.SZ,19990624,14.18,15.1,14.15,14.6,14.08,0.52,3.69,36013.0,53083.9976
000570.SZ,19990623,13.25,14.1,13.02,14.08,13.02,1.06,8.14,29628.0,40143.5964
000570.SZ,19990622,12.8,13.1,12.5,13.02,12.71,0.31,2.44,25895.0,33252.8935
000570.SZ,19990621,12.25,12.82,12.25,12.71,12.21,0.5,4.1,22538.0,28241.5846
000570.SZ,19990618,12.5,12.56,12.0,12.21,12.39,-0.18,-1.45,20357.0,25102.651
000570.SZ,19990617,12.2,12.5,11.8,12.39,11.96,0.43,3.6,27290.0,33394.9878
000570.SZ,19990616,11.3,11.97,11.3,11.96,11.25,0.71,6.31,14910.0,17234.0789
000570.SZ,19990615,13.0,13.0,11.01,11.25,11.82,-0.57,-4.82,32712.0,39569.4456
000570.SZ,19990614,11.32,11.85,11.26,11.82,11.26,0.56,4.97,14106.0,16360.644
000570.SZ,19990611,11.26,11.48,11.2,11.26,11.26,0.0,0.0,7748.0,8752.379
000570.SZ,19990610,11.4,11.6,11.23,11.26,11.23,0.03,0.27,10749.0,12242.8357
000570.SZ,19990609,11.28,11.5,11.18,11.23,11.3,-0.07,-0.62,6446.0,7259.4992
000570.SZ,19990608,11.55,11.65,11.21,11.3,11.56,-0.26,-2.25,8808.0,9996.9074
000570.SZ,19990607,11.15,11.75,10.92,11.56,11.19,0.37,3.31,16713.0,18920.8184
000570.SZ,19990604,11.4,11.58,11.17,11.19,11.34,-0.15,-1.32,13649.0,15368.6749
000570.SZ,19990603,10.8,11.4,10.58,11.34,10.84,0.5,4.61,35298.0,39504.6757
000570.SZ,19990602,10.59,11.28,10.58,10.84,10.58,0.26,2.46,23208.0,25496.3707
000570.SZ,19990601,10.71,10.72,10.32,10.58,10.49,0.09,0.86,9309.0,9768.1685
000570.SZ,19990531,10.81,11.13,10.25,10.49,10.79,-0.3,-2.78,15031.0,16160.7239
000570.SZ,19990528,11.2,11.28,10.61,10.79,11.14,-0.35,-3.14,15579.0,16826.6681
000570.SZ,19990527,10.78,11.4,10.7,11.14,10.65,0.49,4.6,26198.0,28979.7022
000570.SZ,19990526,9.83,10.7,9.68,10.65,9.85,0.8,8.12,26518.0,27784.2838
000570.SZ,19990525,10.23,10.51,9.75,9.85,10.22,-0.37,-3.62,11866.0,12113.1543
000570.SZ,19990524,9.65,10.25,9.4,10.22,9.68,0.54,5.58,10482.0,10300.0604
000570.SZ,19990521,9.72,9.97,9.58,9.68,9.7,-0.02,-0.21,6590.0,6425.7041
000570.SZ,19990520,9.41,9.7,9.3,9.7,9.3,0.4,4.3,6225.0,5954.1374
000570.SZ,19990519,8.79,9.48,8.75,9.3,8.8,0.5,5.68,3162.0,2909.1481
000570.SZ,19990518,8.96,9.23,8.8,8.8,8.96,-0.16,-1.79,1064.0,958.3405
000570.SZ,19990517,8.91,9.08,8.9,8.96,9.0,-0.04,-0.44,2125.0,1903.6645
000570.SZ,19990514,9.25,9.25,8.98,9.0,9.25,-0.25,-2.7,2346.0,2122.647
000570.SZ,19990513,9.45,9.49,9.24,9.25,9.43,-0.18,-1.91,826.0,767.8094
000570.SZ,19990512,9.24,9.58,9.21,9.43,9.26,0.17,1.84,1963.0,1848.3854
000570.SZ,19990511,9.0,9.4,9.0,9.26,9.1,0.16,1.76,1686.0,1552.134
000570.SZ,19990510,9.45,9.45,9.07,9.1,9.6,-0.5,-5.21,4241.0,3901.5792
000570.SZ,19990507,9.73,9.75,9.59,9.6,9.73,-0.13,-1.34,1246.0,1200.5475
000570.SZ,19990506,9.64,9.78,9.58,9.73,9.64,0.09,0.93,1341.0,1293.9606
000570.SZ,19990505,9.62,9.8,9.5,9.64,9.66,-0.02,-0.21,1986.0,1903.3994
000570.SZ,19990504,9.8,9.82,9.6,9.66,9.8,-0.14,-1.43,1837.0,1778.8414
000570.SZ,19990430,9.85,9.95,9.76,9.8,9.76,0.04,0.41,1634.0,1605.2721
000570.SZ,19990429,9.6,9.78,9.6,9.76,9.67,0.09,0.93,1610.0,1566.8138
000570.SZ,19990428,9.7,10.0,9.65,9.67,9.8,-0.13,-1.33,2410.0,2365.6225
000570.SZ,19990427,10.15,10.15,9.5,9.8,10.11,-0.31,-3.07,3966.0,3897.9011
000570.SZ,19990426,10.3,10.7,10.1,10.11,10.08,0.03,0.3,17140.0,17767.8659
000570.SZ,19990423,10.0,10.08,9.5,10.08,9.16,0.92,10.04,6851.0,6789.6427
000570.SZ,19990422,9.2,9.25,8.92,9.16,9.33,-0.17,-1.82,5712.0,5177.2129
000570.SZ,19990421,9.6,9.6,9.27,9.33,9.6,-0.27,-2.81,5278.0,4937.0946
000570.SZ,19990420,9.8,9.95,9.58,9.6,9.81,-0.21,-2.14,3997.0,3874.1989
000570.SZ,19990419,9.0,10.0,9.0,9.81,10.0,-0.19,-1.9,2924.0,2864.8045
000570.SZ,19990416,9.85,10.0,9.75,10.0,9.81,0.19,1.94,2450.0,2415.5014
000570.SZ,19990415,10.12,10.13,9.8,9.81,10.12,-0.31,-3.06,3386.0,3368.325
000570.SZ,19990414,10.28,10.28,10.05,10.12,10.1,0.02,0.2,1956.0,1974.8035
000570.SZ,19990413,10.1,10.25,10.03,10.1,10.18,-0.08,-0.79,2121.0,2144.3563
000570.SZ,19990412,10.4,10.4,10.06,10.18,10.44,-0.26,-2.49,4037.0,4087.8145
000570.SZ,19990409,10.53,10.53,10.29,10.44,10.53,-0.09,-0.85,3563.0,3696.6114
000570.SZ,19990408,10.8,10.8,10.52,10.53,10.69,-0.16,-1.5,3906.0,4143.8329
000570.SZ,19990407,10.51,10.8,10.48,10.69,10.5,0.19,1.81,3722.0,3967.02
000570.SZ,19990406,10.4,10.59,10.31,10.5,10.39,0.11,1.06,3241.0,3382.2271
000570.SZ,19990405,10.32,10.5,10.29,10.39,10.32,0.07,0.68,2618.0,2722.2892
000570.SZ,19990402,10.11,10.35,10.1,10.32,10.13,0.19,1.88,2649.0,2722.3166
000570.SZ,19990401,10.16,10.28,10.06,10.13,10.12,0.01,0.1,2119.0,2152.0271
000570.SZ,19990331,10.1,10.22,10.05,10.12,10.16,-0.04,-0.39,1901.0,1922.566
000570.SZ,19990330,10.21,10.4,10.11,10.16,10.17,-0.01,-0.1,1564.0,1599.1059
000570.SZ,19990329,10.28,10.28,10.1,10.17,10.28,-0.11,-1.07,2497.0,2533.196
000570.SZ,19990326,10.35,10.4,10.23,10.28,10.4,-0.12,-1.15,2132.0,2200.3368
000570.SZ,19990325,10.35,10.53,10.35,10.4,10.45,-0.05,-0.48,1523.0,1587.7464
000570.SZ,19990324,10.35,10.52,10.35,10.45,10.39,0.06,0.58,1702.0,1777.1605
000570.SZ,19990323,10.45,10.48,10.35,10.39,10.45,-0.06,-0.57,2133.0,2213.0388
000570.SZ,19990322,10.51,10.69,10.45,10.45,10.69,-0.24,-2.25,2666.0,2807.8078
000570.SZ,19990319,10.3,10.8,10.3,10.69,10.38,0.31,2.99,1854.0,1950.3608
000570.SZ,19990318,10.6,10.6,10.38,10.38,10.63,-0.25,-2.35,2203.0,2309.0603
000570.SZ,19990317,10.81,10.85,10.62,10.63,10.82,-0.19,-1.76,2591.0,2780.1464
000570.SZ,19990316,10.99,10.99,10.71,10.82,10.9,-0.08,-0.73,2796.0,3018.4777
000570.SZ,19990315,10.58,11.08,10.5,10.9,10.53,0.37,3.51,10638.0,11482.727
000570.SZ,19990312,10.28,10.6,10.28,10.53,10.28,0.25,2.43,3064.0,3211.1404
000570.SZ,19990311,10.11,10.4,10.05,10.28,10.09,0.19,1.88,2382.0,2436.6708
000570.SZ,19990310,10.26,10.26,10.06,10.09,10.26,-0.17,-1.66,1951.0,1972.255
000570.SZ,19990309,10.35,10.44,10.25,10.26,10.33,-0.07,-0.68,1896.0,1959.2097
000570.SZ,19990308,10.26,10.35,10.19,10.33,10.26,0.07,0.68,1939.0,1992.5398
000570.SZ,19990305,10.1,10.4,10.02,10.26,10.2,0.06,0.59,2174.0,2215.7657
000570.SZ,19990304,10.25,10.42,10.15,10.2,10.23,-0.03,-0.29,1818.0,1871.6798
000570.SZ,19990303,9.86,10.25,9.81,10.23,9.89,0.34,3.44,1557.0,1565.2935
000570.SZ,19990302,9.97,9.97,9.8,9.89,10.0,-0.11,-1.1,1097.0,1080.863
000570.SZ,19990301,10.1,10.1,9.95,10.0,9.95,0.05,0.5,1444.0,1443.6996
000570.SZ,19990209,10.0,10.0,9.5,9.95,9.66,0.29,3.0,2394.0,2359.7881
000570.SZ,19990208,9.9,9.9,9.62,9.66,9.97,-0.31,-3.11,2495.0,2431.2987
000570.SZ,19990205,10.2,10.3,9.9,9.97,10.29,-0.32,-3.11,2266.0,2291.513
000570.SZ,19990204,10.51,10.6,10.27,10.29,10.51,-0.22,-2.09,2054.0,2131.345
000570.SZ,19990203,10.6,10.68,10.48,10.51,10.59,-0.08,-0.76,1189.0,1258.464
000570.SZ,19990202,10.48,10.68,10.48,10.59,10.48,0.11,1.05,1081.0,1141.461
000570.SZ,19990201,10.54,10.54,10.45,10.48,10.6,-0.12,-1.13,1861.0,1950.8746
000570.SZ,19990129,10.65,10.8,10.51,10.6,10.63,-0.03,-0.28,1675.0,1778.0285
000570.SZ,19990128,10.7,10.8,10.6,10.63,10.76,-0.13,-1.21,2129.0,2267.3572
000570.SZ,19990127,10.74,10.9,10.6,10.76,10.74,0.02,0.19,2108.0,2261.3311
000570.SZ,19990126,10.8,10.81,10.65,10.74,10.9,-0.16,-1.47,2512.0,2692.925
000570.SZ,19990125,11.14,11.14,10.88,10.9,11.22,-0.32,-2.85,2980.0,3278.656
000570.SZ,19990122,11.32,11.4,11.15,11.22,11.28,-0.06,-0.53,2125.0,2392.2606
000570.SZ,19990121,11.06,11.3,11.02,11.28,11.06,0.22,1.99,2160.0,2416.5362
000570.SZ,19990120,11.36,11.45,11.02,11.06,11.33,-0.27,-2.38,2438.0,2734.6145
000570.SZ,19990119,11.4,11.47,11.22,11.33,11.36,-0.03,-0.26,4060.0,4591.1672
000570.SZ,19990118,10.9,11.39,10.75,11.36,10.91,0.45,4.12,6029.0,6848.3306
000570.SZ,19990115,10.68,10.92,10.62,10.91,10.68,0.23,2.15,3524.0,3807.7049
000570.SZ,19990114,10.45,10.86,10.45,10.68,10.57,0.11,1.04,1572.0,1680.2805
000570.SZ,19990113,10.4,10.8,10.4,10.57,10.52,0.05,0.48,1969.0,2093.339
000570.SZ,19990112,10.8,10.8,10.5,10.52,10.88,-0.36,-3.31,2826.0,3016.9478
000570.SZ,19990111,10.96,10.96,10.78,10.88,10.96,-0.08,-0.73,1532.0,1661.64
000570.SZ,19990108,10.51,10.98,10.5,10.96,10.5,0.46,4.38,3098.0,3344.4072
000570.SZ,19990107,10.54,10.75,10.45,10.5,10.52,-0.02,-0.19,1308.0,1379.1479
000570.SZ,19990106,10.48,10.69,10.4,10.52,10.4,0.12,1.15,1325.0,1397.472
000570.SZ,19990105,10.58,10.58,10.19,10.4,10.6,-0.2,-1.89,1830.0,1898.593
000570.SZ,19990104,10.85,10.85,10.59,10.6,10.82,-0.22,-2.03,929.0,988.3774
000570.SZ,19981231,10.89,10.95,10.76,10.82,10.88,-0.06,-0.55,965.0,1048.046
000570.SZ,19981230,10.69,10.9,10.55,10.88,10.76,0.12,1.12,2757.0,2946.4755
000570.SZ,19981229,10.8,10.92,10.72,10.76,10.97,-0.21,-1.91,2182.0,2361.4414
000570.SZ,19981228,11.25,11.25,10.95,10.97,11.17,-0.2,-1.79,1031.0,1140.3926
000570.SZ,19981225,11.25,11.3,11.13,11.17,11.11,0.06,0.54,810.0,908.639
000570.SZ,19981224,11.17,11.2,11.02,11.11,11.16,-0.05,-0.45,1306.0,1449.2625
000570.SZ,19981223,11.22,11.34,11.15,11.16,11.32,-0.16,-1.41,1341.0,1506.2295
000570.SZ,19981222,11.0,11.32,10.8,11.32,10.85,0.47,4.33,1851.0,2049.406
000570.SZ,19981221,10.75,10.99,10.55,10.85,10.78,0.07,0.65,1134.0,1224.473
000570.SZ,19981218,10.76,11.0,10.62,10.78,10.79,-0.01,-0.09,1759.0,1901.729
000570.SZ,19981217,10.95,11.08,10.78,10.79,11.08,-0.29,-2.62,2965.0,3245.164
000570.SZ,19981216,11.4,11.44,11.0,11.08,11.44,-0.36,-3.15,1759.0,1962.859
000570.SZ,19981215,11.38,11.44,11.05,11.44,11.45,-0.01,-0.09,2676.0,2990.1945
000570.SZ,19981214,11.55,11.66,11.44,11.45,11.61,-0.16,-1.38,1141.0,1315.933
000570.SZ,19981211,11.48,11.61,11.4,11.61,11.5,0.11,0.96,1992.0,2291.239
000570.SZ,19981210,11.82,11.82,11.5,11.5,11.82,-0.32,-2.71,1666.0,1938.1851
000570.SZ,19981209,11.83,11.91,11.8,11.82,11.85,-0.03,-0.25,1530.0,1813.793
000570.SZ,19981208,11.7,11.89,11.7,11.85,11.72,0.13,1.11,1550.0,1826.2665
000570.SZ,19981207,11.86,11.99,11.68,11.72,11.6,0.12,1.03,3459.0,4092.8396
000570.SZ,19981204,11.5,11.68,11.5,11.6,11.5,0.1,0.87,2307.0,2669.4295
000570.SZ,19981203,11.72,11.87,11.49,11.5,11.82,-0.32,-2.71,5343.0,6177.6895
000570.SZ,19981202,11.65,11.85,11.4,11.82,11.66,0.16,1.37,3402.0,3935.3785
000570.SZ,19981201,11.96,12.13,11.49,11.66,11.96,-0.3,-2.51,7614.0,8896.164
000570.SZ,19981130,12.0,12.05,11.78,11.96,12.07,-0.11,-0.91,3780.0,4497.3779
000570.SZ,19981127,12.4,12.56,12.02,12.07,12.46,-0.39,-3.13,5516.0,6746.6326
000570.SZ,19981126,12.6,12.75,12.35,12.46,12.75,-0.29,-2.27,3176.0,4006.668
000570.SZ,19981125,13.1,13.25,12.75,12.75,13.0,-0.25,-1.92,3749.0,4857.1106
000570.SZ,19981124,13.0,13.2,12.8,13.0,12.8,0.2,1.56,3556.0,4624.0892
000570.SZ,19981123,12.7,12.9,12.67,12.8,12.77,0.03,0.23,3900.0,4982.7209
000570.SZ,19981120,12.75,12.92,12.66,12.77,12.8,-0.03,-0.23,3982.0,5104.5889
000570.SZ,19981119,12.8,13.0,12.6,12.8,12.87,-0.07,-0.54,6473.0,8269.1027
000570.SZ,19981118,13.28,13.28,12.86,12.87,13.19,-0.32,-2.43,6700.0,8717.9054
000570.SZ,19981117,13.49,13.7,13.08,13.19,13.3,-0.11,-0.83,7934.0,10607.866
000570.SZ,19981116,13.08,13.45,13.08,13.3,13.12,0.18,1.37,8186.0,10839.586
000570.SZ,19981113,13.37,13.4,12.95,13.12,13.37,-0.25,-1.87,8728.0,11447.3627
000570.SZ,19981112,13.65,13.85,13.35,13.37,13.62,-0.25,-1.84,8963.0,12172.4142
000570.SZ,19981111,13.43,13.64,13.24,13.62,13.45,0.17,1.26,10738.0,14386.6393
000570.SZ,19981110,13.51,13.75,13.15,13.45,13.5,-0.05,-0.37,15235.0,20456.8619
000570.SZ,19981109,12.68,13.78,12.61,13.5,12.53,0.97,7.74,32738.0,43652.9218
000570.SZ,19981106,12.36,12.6,12.2,12.53,12.33,0.2,1.62,14591.0,18133.7645
000570.SZ,19981105,12.0,12.4,11.89,12.33,12.01,0.32,2.66,9803.0,12028.2172
000570.SZ,19981104,12.3,12.35,12.0,12.01,12.27,-0.26,-2.12,9423.0,11415.5215
000570.SZ,19981103,12.45,12.55,12.2,12.27,12.34,-0.07,-0.57,14613.0,17995.3491
000570.SZ,19981102,11.98,12.35,11.95,12.34,11.9,0.44,3.7,18833.0,22937.0339
000570.SZ,19981030,11.5,12.1,11.41,11.9,11.5,0.4,3.48,31714.0,37941.8297
000570.SZ,19981029,11.85,11.85,11.48,11.5,11.65,-0.15,-1.29,5715.0,6618.7997
000570.SZ,19981028,11.35,11.75,11.15,11.65,11.24,0.41,3.65,8569.0,9883.2916
000570.SZ,19981027,11.0,11.45,11.0,11.24,11.01,0.23,2.09,2501.0,2805.5558
000570.SZ,19981026,11.0,11.12,10.88,11.01,11.2,-0.19,-1.7,3879.0,4255.6856
000570.SZ,19981023,11.17,11.49,11.12,11.2,11.18,0.02,0.18,5318.0,6010.5434
000570.SZ,19981022,10.98,11.18,10.76,11.18,11.04,0.14,1.27,4385.0,4781.6324
000570.SZ,19981021,11.5,11.5,11.03,11.04,11.53,-0.49,-4.25,5224.0,5850.8932
000570.SZ,19981020,11.94,12.0,11.48,11.53,11.84,-0.31,-2.62,6845.0,8008.1789
000570.SZ,19981019,11.12,11.97,11.12,11.84,11.1,0.74,6.67,15394.0,18046.4608
000570.SZ,19981016,10.88,11.24,10.85,11.1,10.85,0.25,2.3,4562.0,5076.1555
000570.SZ,19981015,10.8,10.9,10.68,10.85,10.79,0.06,0.56,2940.0,3164.5028
000570.SZ,19981014,10.9,10.93,10.75,10.79,10.88,-0.09,-0.83,2416.0,2610.7104
000570.SZ,19981013,10.81,11.03,10.8,10.88,10.89,-0.01,-0.09,3357.0,3670.0456
000570.SZ,19981012,11.05,11.13,10.85,10.89,10.99,-0.1,-0.91,2638.0,2881.903
000570.SZ,19981009,11.0,11.2,10.92,10.99,10.78,0.21,1.95,2428.0,2681.3059
000570.SZ,19981007,11.0,11.0,10.75,10.78,11.0,-0.22,-2.0,3020.0,3279.896
000570.SZ,19981006,11.2,11.2,11.0,11.0,11.21,-0.21,-1.87,3288.0,3633.0355
000570.SZ,19981005,11.45,11.46,11.18,11.21,11.46,-0.25,-2.18,2227.0,2499.0924
000570.SZ,19980930,11.5,11.58,11.35,11.46,11.39,0.07,0.61,2130.0,2429.8427
000570.SZ,19980929,11.31,11.5,11.3,11.39,11.34,0.05,0.44,2860.0,3264.7529
000570.SZ,19980928,11.2,11.48,11.12,11.34,11.13,0.21,1.89,3464.0,3908.2633
000570.SZ,19980925,10.98,11.18,10.9,11.13,11.01,0.12,1.09,3102.0,3420.9621
000570.SZ,19980924,11.4,11.5,11.0,11.01,11.4,-0.39,-3.42,3124.0,3501.564
000570.SZ,19980923,11.28,11.48,11.28,11.4,11.24,0.16,1.42,2792.0,3176.8871
000570.SZ,19980922,11.3,11.45,11.15,11.24,11.3,-0.06,-0.53,2669.0,3009.8383
000570.SZ,19980921,11.0,11.3,10.91,11.3,11.14,0.16,1.44,4328.0,4797.3995
000570.SZ,19980918,11.29,11.6,11.1,11.14,11.3,-0.16,-1.42,5872.0,6652.9644
000570.SZ,19980917,11.73,11.9,11.2,11.3,11.67,-0.37,-3.17,7305.0,8486.904
000570.SZ,19980916,11.59,11.73,11.5,11.67,11.73,-0.06,-0.51,6528.0,7575.1599
000570.SZ,19980915,12.14,12.2,11.7,11.73,12.15,-0.42,-3.46,7803.0,9301.8753
000570.SZ,19980914,11.82,12.2,11.66,12.15,11.82,0.33,2.79,11402.0,13528.8753
000570.SZ,19980911,12.14,12.14,11.7,11.82,11.99,-0.17,-1.42,7698.0,9130.726
000570.SZ,19980910,11.68,12.7,11.68,11.99,11.55,0.44,3.81,16125.0,19381.497
000570.SZ,19980909,11.48,11.59,11.33,11.55,11.49,0.06,0.52,4798.0,5509.8812
000570.SZ,19980908,11.4,11.8,11.25,11.49,11.38,0.11,0.97,8649.0,9932.2104
000570.SZ,19980907,11.5,11.5,11.0,11.38,11.32,0.06,0.53,4859.0,5462.5274
000570.SZ,19980904,10.9,11.5,10.9,11.32,10.9,0.42,3.85,7990.0,9041.4615
000570.SZ,19980903,10.6,10.95,10.6,10.9,10.59,0.31,2.93,2479.0,2663.6207
000570.SZ,19980902,10.54,10.8,10.53,10.59,10.75,-0.16,-1.49,2585.0,2765.5807
000570.SZ,19980901,10.88,11.0,10.5,10.75,10.99,-0.24,-2.18,5051.0,5471.447
000570.SZ,19980831,10.3,11.0,9.85,10.99,10.41,0.58,5.57,6246.0,6421.3462
000570.SZ,19980828,10.44,10.6,10.26,10.41,10.66,-0.25,-2.35,5444.0,5673.065
000570.SZ,19980827,10.98,10.98,10.66,10.66,11.15,-0.49,-4.39,5345.0,5757.8178
000570.SZ,19980826,11.3,11.48,11.15,11.15,11.42,-0.27,-2.36,4529.0,5115.6299
000570.SZ,19980825,11.6,11.6,11.18,11.42,11.6,-0.18,-1.55,5107.0,5788.8557
000570.SZ,19980824,11.43,12.0,11.2,11.6,11.39,0.21,1.84,11282.0,13160.4432
000570.SZ,19980821,12.1,12.1,11.2,11.39,11.7,-0.31,-2.65,22029.0,25232.6488
000570.SZ,19980820,10.92,11.7,10.9,11.7,10.64,1.06,9.96,28975.0,33491.9403
000570.SZ,19980819,9.6,10.64,9.6,10.64,9.68,0.96,9.92,8695.0,9025.4603
000570.SZ,19980818,10.0,10.36,9.5,9.68,10.36,-0.68,-6.56,9002.0,8950.0803
000570.SZ,19980817,11.36,11.36,10.36,10.36,11.5,-1.14,-9.91,6678.0,7007.9288
000570.SZ,19980814,12.43,12.43,11.5,11.5,12.42,-0.92,-7.41,9023.0,10666.054
000570.SZ,19980813,12.67,12.77,12.02,12.42,12.57,-0.15,-1.19,4173.0,5161.5451
000570.SZ,19980812,13.1,13.1,12.0,12.57,13.18,-0.61,-4.63,4486.0,5636.8918
000570.SZ,19980811,12.81,13.2,12.58,13.18,12.95,0.23,1.78,6861.0,8784.3718
000570.SZ,19980810,13.51,13.51,12.87,12.95,13.82,-0.87,-6.3,5826.0,7645.7987
000570.SZ,19980807,14.08,14.2,13.8,13.82,14.18,-0.36,-2.54,4454.0,6234.2405
000570.SZ,19980806,14.37,14.49,14.15,14.18,14.37,-0.19,-1.32,2159.0,3085.4569
000570.SZ,19980805,14.46,14.46,14.25,14.37,14.37,0.0,0.0,2295.0,3279.4258
000570.SZ,19980804,14.22,14.6,14.15,14.37,14.31,0.06,0.42,2380.0,3394.4558
000570.SZ,19980803,14.58,14.58,14.3,14.31,14.65,-0.34,-2.32,3095.0,4446.5122
000570.SZ,19980731,14.9,15.03,14.6,14.65,14.88,-0.23,-1.55,2715.0,3997.324
000570.SZ,19980730,14.32,15.1,14.31,14.88,14.42,0.46,3.19,4290.0,6306.9601
000570.SZ,19980729,14.6,14.75,14.4,14.42,14.71,-0.29,-1.97,3294.0,4788.2233
000570.SZ,19980728,15.24,15.24,14.61,14.71,15.08,-0.37,-2.45,3110.0,4596.5871
000570.SZ,19980727,14.84,15.1,14.76,15.08,14.89,0.19,1.28,5384.0,8038.5894
000570.SZ,19980724,14.6,15.15,14.6,14.89,14.56,0.33,2.27,6903.0,10299.3844
000570.SZ,19980723,14.4,14.71,14.27,14.56,14.41,0.15,1.04,3598.0,5211.2854
000570.SZ,19980722,14.7,14.9,14.4,14.41,14.76,-0.35,-2.37,5319.0,7767.6255
000570.SZ,19980721,14.1,15.38,14.0,14.76,14.19,0.57,4.02,6439.0,9370.7388
000570.SZ,19980720,15.0,15.0,14.0,14.19,15.06,-0.87,-5.78,9191.0,13187.1072
000570.SZ,19980717,15.1,15.4,15.0,15.06,15.37,-0.31,-2.02,4662.0,7051.242
000570.SZ,19980716,15.09,15.6,14.99,15.37,15.1,0.27,1.79,5723.0,8746.0861
000570.SZ,19980715,15.02,15.21,14.96,15.1,15.21,-0.11,-0.72,9210.0,13859.2574
000570.SZ,19980714,15.67,15.7,15.2,15.21,15.67,-0.46,-2.94,8575.0,13210.6507
000570.SZ,19980713,16.15,16.15,15.62,15.67,16.18,-0.51,-3.15,7039.0,11093.143
000570.SZ,19980710,15.79,16.22,15.65,16.18,15.84,0.34,2.15,6563.0,10446.0008
000570.SZ,19980709,15.69,15.99,15.4,15.84,15.69,0.15,0.96,7197.0,11283.5109
000570.SZ,19980708,15.56,15.8,15.5,15.69,15.53,0.16,1.03,7510.0,11733.4585
000570.SZ,19980707,15.9,16.0,15.3,15.53,16.01,-0.48,-3.0,12322.0,19196.5178
000570.SZ,19980706,16.72,16.72,15.98,16.01,16.77,-0.76,-4.53,10408.0,16887.2437
000570.SZ,19980703,16.5,16.97,16.2,16.77,16.49,0.28,1.7,16954.0,28043.4262
000570.SZ,19980702,16.98,17.2,15.99,16.49,17.77,-1.28,-7.2,19633.0,32186.589
000570.SZ,19980629,18.66,18.67,17.66,17.77,18.54,-0.77,-4.15,13037.0,23427.3681
000570.SZ,19980626,18.71,18.9,18.5,18.54,18.65,-0.11,-0.59,10617.0,19846.7902
000570.SZ,19980625,18.71,19.02,18.53,18.65,18.68,-0.03,-0.16,14474.0,27193.0736
000570.SZ,19980624,18.8,19.18,18.6,18.68,18.8,-0.12,-0.64,18226.0,34420.2817
000570.SZ,19980623,18.9,19.0,18.6,18.8,18.99,-0.19,-1.0,14407.0,27041.4061
000570.SZ,19980622,19.09,19.44,18.88,18.99,19.03,-0.04,-0.21,27905.0,53383.5671
000570.SZ,19980619,18.18,19.2,17.9,19.03,17.93,1.1,6.14,52970.0,99305.6896
000570.SZ,19980618,18.0,18.2,17.86,17.93,17.88,0.05,0.28,10562.0,18990.4878
000570.SZ,19980617,18.25,18.43,17.85,17.88,18.25,-0.37,-2.03,14556.0,26259.7057
000570.SZ,19980616,18.37,18.48,17.52,18.25,18.39,-0.14,-0.76,27877.0,50169.9945
000570.SZ,19980615,18.75,18.8,18.03,18.39,18.66,-0.27,-1.45,66407.0,121324.9071
000570.SZ,19980612,18.0,18.82,17.7,18.66,17.69,0.97,5.48,89059.0,163377.3363
000570.SZ,19980611,17.28,17.95,17.28,17.69,17.12,0.57,3.33,38459.0,68119.1345
000570.SZ,19980610,16.7,17.18,16.7,17.12,16.88,0.24,1.42,3990.0,6772.77
000570.SZ,19980609,17.35,17.4,16.7,16.88,17.34,-0.46,-2.65,3788.0,6426.4301
000570.SZ,19980608,17.1,17.5,16.95,17.34,16.98,0.36,2.12,4818.0,8294.4192
000570.SZ,19980605,16.7,17.05,16.6,16.98,16.72,0.26,1.56,4091.0,6923.2731
000570.SZ,19980604,16.98,16.98,16.68,16.72,16.98,-0.26,-1.53,4513.0,7557.0584
000570.SZ,19980603,17.2,17.2,16.85,16.98,17.26,-0.28,-1.62,5186.0,8820.2871
000570.SZ,19980602,17.36,17.6,17.0,17.26,17.36,-0.1,-0.58,5474.0,9508.5802
000570.SZ,19980601,17.15,17.55,16.9,17.36,17.1,0.26,1.52,11608.0,19979.5019
000570.SZ,19980529,16.6,17.3,16.6,17.1,16.58,0.52,3.14,5686.0,9580.9374
000570.SZ,19980528,16.83,16.85,16.52,16.58,16.84,-0.26,-1.54,4266.0,7079.9416
000570.SZ,19980527,17.19,17.3,16.78,16.84,17.12,-0.28,-1.64,3620.0,6139.6119
000570.SZ,19980526,16.8,17.45,16.78,17.12,16.79,0.33,1.97,7801.0,13372.0965
000570.SZ,19980525,16.62,16.8,16.3,16.79,16.62,0.17,1.02,8779.0,14413.1635
000570.SZ,19980522,16.88,16.88,16.55,16.62,16.76,-0.14,-0.84,7109.0,11816.9364
000570.SZ,19980521,16.6,16.88,16.52,16.76,16.7,0.06,0.36,5761.0,9591.2612
000570.SZ,19980520,17.03,17.18,16.6,16.7,17.01,-0.31,-1.82,6715.0,11254.3786
000570.SZ,19980519,17.32,17.38,16.98,17.01,17.34,-0.33,-1.9,5175.0,8843.774
000570.SZ,19980518,17.45,17.58,17.25,17.34,17.33,0.01,0.06,3283.0,5703.9299
000570.SZ,19980515,17.35,17.65,17.25,17.33,17.3,0.03,0.17,3514.0,6143.9837
000570.SZ,19980514,17.75,17.75,17.21,17.3,17.5,-0.2,-1.14,4513.0,7812.2156
000570.SZ,19980513,17.3,17.79,17.18,17.5,17.22,0.28,1.63,6787.0,11750.56
000570.SZ,19980512,17.4,17.68,17.2,17.22,17.38,-0.16,-0.92,5489.0,9489.0102
000570.SZ,19980511,17.7,17.8,17.31,17.38,17.68,-0.3,-1.7,7267.0,12641.4569
000570.SZ,19980508,17.4,17.85,17.35,17.68,17.47,0.21,1.2,5829.0,10247.2502
000570.SZ,19980507,17.7,17.82,17.46,17.47,17.7,-0.23,-1.3,6021.0,10576.6045
000570.SZ,19980506,17.88,18.0,17.63,17.7,17.88,-0.18,-1.01,4919.0,8727.9977
000570.SZ,19980505,18.25,18.25,17.84,17.88,18.22,-0.34,-1.87,5933.0,10670.1233
000570.SZ,19980504,18.4,18.52,18.06,18.22,18.33,-0.11,-0.6,7866.0,14324.098
000570.SZ,19980430,18.6,18.68,18.1,18.33,18.29,0.04,0.22,13448.0,24631.205
000570.SZ,19980429,17.95,18.3,17.4,18.29,17.84,0.45,2.52,20090.0,35700.8042
000570.SZ,19980428,17.6,18.15,17.6,17.84,17.6,0.24,1.36,7665.0,13683.0195
000570.SZ,19980427,17.61,17.9,17.48,17.6,17.6,0.0,0.0,4651.0,8187.9707
000570.SZ,19980424,17.5,17.98,17.5,17.6,17.51,0.09,0.51,3817.0,6761.3058
000570.SZ,19980423,17.68,17.9,17.47,17.51,17.6,-0.09,-0.51,3503.0,6153.6885
000570.SZ,19980422,17.46,17.76,17.45,17.6,17.45,0.15,0.86,4397.0,7712.557
000570.SZ,19980421,17.36,17.76,17.31,17.45,17.36,0.09,0.52,3454.0,6034.4873
000570.SZ,19980420,17.55,18.0,17.3,17.36,17.89,-0.53,-2.96,5448.0,9568.7601
000570.SZ,19980417,18.75,18.98,17.75,17.89,18.66,-0.77,-4.13,7045.0,12700.2325
000570.SZ,19980416,18.66,18.96,18.5,18.66,18.67,-0.01,-0.05,2992.0,5581.8075
000570.SZ,19980415,18.4,18.8,18.0,18.67,18.4,0.27,1.47,7568.0,13783.7615
000570.SZ,19980414,18.88,18.88,18.3,18.4,18.92,-0.52,-2.75,2403.0,4447.6597
000570.SZ,19980413,18.8,19.3,18.61,18.92,18.7,0.22,1.18,7239.0,13745.1605
000570.SZ,19980410,18.4,18.75,18.3,18.7,18.2,0.5,2.75,5099.0,9484.0014
000570.SZ,19980409,18.4,18.6,18.05,18.2,18.3,-0.1,-0.55,3489.0,6348.0409
000570.SZ,19980408,18.6,18.6,18.16,18.3,18.41,-0.11,-0.6,3059.0,5584.0877
000570.SZ,19980407,18.0,18.68,17.95,18.41,18.12,0.29,1.6,2389.0,4378.438
000570.SZ,19980406,18.38,18.45,18.02,18.12,18.24,-0.12,-0.66,4776.0,8652.5515
000570.SZ,19980403,18.02,18.6,18.02,18.24,18.58,-0.34,-1.83,5528.0,10062.4816
000570.SZ,19980402,18.59,18.96,18.49,18.58,18.74,-0.16,-0.85,3797.0,7062.0765
000570.SZ,19980401,18.8,18.88,18.25,18.74,18.8,-0.06,-0.32,2498.0,4603.108
000570.SZ,19980331,18.99,18.99,18.3,18.8,18.95,-0.15,-0.79,2765.0,5124.1933
000570.SZ,19980330,19.2,19.8,18.8,18.95,19.04,-0.09,-0.47,2547.0,4885.4652
000570.SZ,19980327,18.99,19.25,18.52,19.04,19.3,-0.26,-1.35,6873.0,13104.4817
000570.SZ,19980326,18.97,19.32,18.8,19.3,18.97,0.33,1.74,8942.0,17160.3806
000570.SZ,19980325,18.0,19.1,17.7,18.97,17.64,1.33,7.54,10327.0,19334.2903
000570.SZ,19980324,17.84,17.88,17.55,17.64,17.81,-0.17,-0.95,3091.0,5461.9751
000570.SZ,19980323,18.06,18.8,17.7,17.81,18.18,-0.37,-2.04,2914.0,5236.1477
000570.SZ,19980320,18.5,18.5,18.11,18.18,18.23,-0.05,-0.27,1520.0,2771.917
000570.SZ,19980319,18.7,18.7,18.2,18.23,18.55,-0.32,-1.73,2341.0,4296.4167
000570.SZ,19980318,18.5,18.8,18.5,18.55,18.8,-0.25,-1.33,2032.0,3778.9696
000570.SZ,19980317,18.68,19.0,18.66,18.8,18.7,0.1,0.53,2018.0,3786.8749
000570.SZ,19980316,19.0,19.05,18.01,18.7,18.98,-0.28,-1.48,4468.0,8211.9665
000570.SZ,19980313,19.01,19.3,18.0,18.98,19.0,-0.02,-0.11,4340.0,8183.6812
000570.SZ,19980312,19.0,19.3,18.91,19.0,19.34,-0.34,-1.76,1949.0,3717.36
000570.SZ,19980311,19.01,19.7,18.9,19.34,19.09,0.25,1.31,4340.0,8439.7764
000570.SZ,19980310,19.0,19.4,18.9,19.09,19.29,-0.2,-1.04,2248.0,4291.7477
000570.SZ,19980309,19.0,19.5,19.0,19.29,19.11,0.18,0.94,2456.0,4727.4352
000570.SZ,19980306,18.69,19.3,18.6,19.11,18.9,0.21,1.11,3688.0,7032.7795
000570.SZ,19980305,19.15,19.15,18.82,18.9,19.18,-0.28,-1.46,1962.0,3721.3197
000570.SZ,19980304,19.01,19.18,18.6,19.18,19.0,0.18,0.95,2223.0,4204.819
000570.SZ,19980303,18.1,19.06,18.0,19.0,18.16,0.84,4.63,2759.0,5091.829
000570.SZ,19980302,19.01,19.01,18.0,18.16,19.01,-0.85,-4.47,3077.0,5640.7217
000570.SZ,19980227,19.28,19.28,18.95,19.01,19.2,-0.19,-0.99,1118.0,2129.586
000570.SZ,19980226,18.8,19.45,18.64,19.2,18.84,0.36,1.91,2389.0,4531.0118
000570.SZ,19980225,19.1,19.38,18.8,18.84,19.1,-0.26,-1.36,2779.0,5307.3559
000570.SZ,19980224,19.2,19.35,19.08,19.1,19.37,-0.27,-1.39,1930.0,3714.3125
000570.SZ,19980223,19.49,19.65,17.96,19.37,19.68,-0.31,-1.58,2255.0,4344.7149
000570.SZ,19980220,20.2,20.35,19.55,19.68,20.15,-0.47,-2.33,2440.0,4852.7749
000570.SZ,19980219,19.5,20.15,19.5,20.15,19.19,0.96,5.0,4262.0,8507.6291
000570.SZ,19980218,19.18,19.5,19.17,19.19,19.36,-0.17,-0.88,2567.0,4938.805
000570.SZ,19980217,19.6,19.6,19.3,19.36,19.6,-0.24,-1.22,1908.0,3708.1836
000570.SZ,19980216,19.91,20.0,19.5,19.6,19.87,-0.27,-1.36,3140.0,6173.0
000570.SZ,19980213,19.6,20.1,19.6,19.87,19.65,0.22,1.12,3319.0,6557.76
000570.SZ,19980212,19.91,19.91,19.55,19.65,19.86,-0.21,-1.06,3462.0,6797.8655
000570.SZ,19980211,19.9,20.1,19.7,19.86,19.92,-0.06,-0.3,2772.0,5498.3177
000570.SZ,19980210,20.15,20.29,19.9,19.92,20.36,-0.44,-2.16,3428.0,6864.9835
000570.SZ,19980209,20.6,21.5,20.3,20.36,20.56,-0.2,-0.97,3492.0,7140.1636
000570.SZ,19980123,20.2,20.7,20.2,20.56,20.18,0.38,1.88,2397.0,4916.6336
000570.SZ,19980122,20.1,20.5,20.0,20.18,20.3,-0.12,-0.59,3794.0,7652.585
000570.SZ,19980121,20.76,20.76,20.25,20.3,20.76,-0.46,-2.22,2533.0,5165.7759
000570.SZ,19980120,21.15,21.2,20.6,20.76,21.14,-0.38,-1.8,2529.0,5262.9953
000570.SZ,19980119,21.2,21.5,21.0,21.14,21.17,-0.03,-0.14,3164.0,6726.254
000570.SZ,19980116,21.1,21.5,21.0,21.17,21.12,0.05,0.24,4396.0,9378.0944
000570.SZ,19980115,21.59,21.59,20.9,21.12,21.29,-0.17,-0.8,5043.0,10700.6881
000570.SZ,19980114,20.55,21.3,20.45,21.29,20.47,0.82,4.01,9833.0,20583.1925
000570.SZ,19980113,21.5,21.5,19.76,20.47,21.95,-1.48,-6.74,11253.0,23064.9672
000570.SZ,19980112,21.58,22.6,21.58,21.95,21.43,0.52,2.43,17681.0,39287.1463
000570.SZ,19980109,20.8,21.5,20.7,21.43,20.96,0.47,2.24,5860.0,12365.5026
000570.SZ,19980108,21.3,21.3,20.8,20.96,21.3,-0.34,-1.6,7965.0,16737.8854
000570.SZ,19980107,21.72,21.72,21.2,21.3,21.65,-0.35,-1.62,4667.0,9954.5219
000570.SZ,19980106,21.36,21.79,21.0,21.65,21.34,0.31,1.45,9233.0,19849.0347
000570.SZ,19980105,21.2,21.64,20.8,21.34,20.85,0.49,2.35,7059.0,15081.6095
000570.SZ,19971231,20.64,21.0,20.62,20.85,20.64,0.21,1.02,2442.0,5083.8546
000570.SZ,19971230,21.0,21.11,20.56,20.64,21.11,-0.47,-2.23,3563.0,7409.825
000570.SZ,19971229,20.7,21.58,20.6,21.11,20.5,0.61,2.98,11468.0,24162.6465
000570.SZ,19971226,20.43,21.0,20.3,20.5,20.4,0.1,0.49,8716.0,17874.8059
000570.SZ,19971225,20.5,20.75,20.38,20.4,20.55,-0.15,-0.73,6786.0,13916.8196
000570.SZ,19971224,21.0,21.29,20.51,20.55,21.16,-0.61,-2.88,5852.0,12092.209
000570.SZ,19971223,21.75,21.75,20.97,21.16,21.42,-0.26,-1.21,4487.0,9538.7213
000570.SZ,19971222,20.86,21.6,20.75,21.42,20.86,0.56,2.68,8510.0,18114.888
000570.SZ,19971219,21.16,21.4,20.7,20.86,21.17,-0.31,-1.46,3326.0,6977.121
000570.SZ,19971218,20.99,21.49,20.5,21.17,21.05,0.12,0.57,8515.0,17988.7321
000570.SZ,19971217,20.66,22.4,20.0,21.05,20.67,0.38,1.84,11427.0,23813.687
000570.SZ,19971216,20.32,20.68,20.19,20.67,20.32,0.35,1.72,6227.0,12750.7846
000570.SZ,19971215,20.35,20.5,20.13,20.32,20.32,0.0,0.0,2824.0,5742.5404
000570.SZ,19971212,20.7,20.8,20.3,20.32,20.59,-0.27,-1.31,3818.0,7850.3756
000570.SZ,19971211,20.0,20.78,19.78,20.59,19.85,0.74,3.73,6873.0,14033.5664
000570.SZ,19971210,20.0,20.11,19.85,19.85,19.9,-0.05,-0.25,3032.0,6047.4598
000570.SZ,19971209,20.0,20.0,19.82,19.9,19.9,0.0,0.0,2451.0,4878.233
000570.SZ,19971208,20.0,20.49,19.86,19.9,20.0,-0.1,-0.5,3750.0,7514.8118
000570.SZ,19971205,19.69,20.36,19.4,20.0,19.5,0.5,2.56,11536.0,22910.8881
000570.SZ,19971204,19.1,19.7,19.0,19.5,19.01,0.49,2.58,2578.0,4985.6676
000570.SZ,19971203,19.2,19.25,18.9,19.01,19.2,-0.19,-0.99,1153.0,2198.5374
000570.SZ,19971202,19.31,19.5,19.15,19.2,19.22,-0.02,-0.1,1358.0,2623.8323
000570.SZ,19971201,19.12,19.37,19.12,19.22,19.32,-0.1,-0.52,979.0,1884.1172
000570.SZ,19971128,19.0,19.35,18.8,19.32,19.22,0.1,0.52,2633.0,5019.2301
000570.SZ,19971127,19.51,19.52,19.1,19.22,19.51,-0.29,-1.49,1859.0,3590.1073
000570.SZ,19971126,19.7,19.8,19.5,19.51,19.65,-0.14,-0.71,1874.0,3678.834
000570.SZ,19971125,19.3,19.69,19.3,19.65,19.43,0.22,1.13,2562.0,5007.925
000570.SZ,19971124,19.3,19.65,19.0,19.43,19.79,-0.36,-1.82,4232.0,8154.2304
000570.SZ,19971121,20.0,20.2,19.7,19.79,20.29,-0.5,-2.46,3536.0,7050.8849
000570.SZ,19971120,20.99,20.99,20.2,20.29,20.8,-0.51,-2.45,2363.0,4841.4976
000570.SZ,19971119,21.0,21.15,20.7,20.8,21.1,-0.3,-1.42,2241.0,4675.7151
000570.SZ,19971118,21.25,21.78,21.0,21.1,21.38,-0.28,-1.31,1486.0,3160.948
000570.SZ,19971117,22.07,22.07,21.35,21.38,21.65,-0.27,-1.25,3132.0,6736.1937
000570.SZ,19971114,21.8,21.85,21.1,21.65,21.9,-0.25,-1.14,3706.0,7981.065
000570.SZ,19971113,21.8,21.9,20.7,21.9,21.53,0.37,1.72,4019.0,8496.6805
000570.SZ,19971112,22.0,22.2,21.4,21.53,22.09,-0.56,-2.54,5951.0,12958.2015
000570.SZ,19971111,22.5,22.5,21.7,22.09,22.5,-0.41,-1.82,5445.0,11949.0721
000570.SZ,19971110,22.5,23.48,22.0,22.5,22.39,0.11,0.49,13389.0,30649.2738
000570.SZ,19971107,22.3,22.99,22.3,22.39,22.22,0.17,0.77,7808.0,17703.0073
000570.SZ,19971105,22.1,22.4,21.98,22.22,22.0,0.22,1.0,8363.0,18514.385
000570.SZ,19971104,21.8,22.15,21.8,22.0,21.88,0.12,0.55,5740.0,12646.3433
000570.SZ,19971103,22.11,22.5,21.86,21.88,21.7,0.18,0.83,5818.0,12787.974
000570.SZ,19971031,21.5,21.98,21.25,21.7,21.82,-0.12,-0.55,4082.0,8819.1446
000570.SZ,19971030,21.8,22.85,21.7,21.82,21.4,0.42,1.96,13565.0,30289.5748
000570.SZ,19971029,21.19,21.42,20.9,21.4,21.3,0.1,0.47,6785.0,14439.4638
000570.SZ,19971028,22.2,22.38,20.8,21.3,21.82,-0.52,-2.38,8631.0,18663.0243
000570.SZ,19971027,21.7,22.5,21.7,21.82,21.55,0.27,1.25,9639.0,21227.8294
000570.SZ,19971024,21.5,21.7,20.95,21.55,21.3,0.25,1.17,5914.0,12585.5973
000570.SZ,19971023,21.27,21.5,20.8,21.3,20.98,0.32,1.53,5888.0,12484.6642
000570.SZ,19971022,21.8,22.1,20.91,20.98,21.65,-0.67,-3.09,11476.0,24680.797
000570.SZ,19971021,21.21,22.0,21.0,21.65,21.49,0.16,0.74,4636.0,9913.7504
000570.SZ,19971020,21.51,21.68,21.11,21.49,21.4,0.09,0.42,7830.0,16750.3624
000570.SZ,19971017,20.8,21.8,20.5,21.4,20.49,0.91,4.44,12728.0,26855.9382
000570.SZ,19971016,19.49,20.6,19.33,20.49,19.33,1.16,6.0,8294.0,16860.3096
000570.SZ,19971015,18.81,19.5,18.81,19.33,19.14,0.19,0.99,2850.0,5514.7868
000570.SZ,19971014,18.6,19.14,18.6,19.14,19.03,0.11,0.58,1207.0,2275.5189
000570.SZ,19971013,19.3,19.37,19.0,19.03,19.1,-0.07,-0.37,957.0,1829.755
000570.SZ,19971010,19.01,19.35,19.0,19.1,19.18,-0.08,-0.42,1196.0,2294.4502
000570.SZ,19971009,18.8,19.58,18.8,19.18,19.29,-0.11,-0.57,1447.0,2797.6428
000570.SZ,19971008,19.0,19.5,18.6,19.29,18.99,0.3,1.58,2871.0,5503.83
000570.SZ,19971007,18.89,19.0,18.8,18.99,19.1,-0.11,-0.58,671.0,1269.9589
000570.SZ,19971006,18.8,19.69,18.8,19.1,19.6,-0.5,-2.55,691.0,1319.077
000570.SZ,19970930,18.5,19.6,18.5,19.6,19.0,0.6,3.16,5113.0,9810.8855
000570.SZ,19970929,18.8,19.0,18.48,19.0,19.08,-0.08,-0.42,4153.0,7785.5852
000570.SZ,19970926,19.5,19.5,18.88,19.08,19.4,-0.32,-1.65,2242.0,4260.8115
000570.SZ,19970925,19.55,19.6,18.9,19.4,19.29,0.11,0.57,8223.0,15839.5784
000570.SZ,19970924,18.56,19.4,18.56,19.29,18.45,0.84,4.55,7290.0,13985.9014
000570.SZ,19970923,18.01,19.25,18.01,18.45,18.71,-0.26,-1.39,9093.0,16822.0429
000570.SZ,19970922,20.5,20.5,18.7,18.71,20.78,-2.07,-9.96,3082.0,6043.3393
000570.SZ,19970919,20.8,20.8,20.38,20.78,20.7,0.08,0.39,1885.0,3862.6603
000570.SZ,19970918,20.7,20.85,20.45,20.7,20.7,0.0,0.0,1684.0,3471.416
000570.SZ,19970917,20.4,21.5,20.4,20.7,20.93,-0.23,-1.1,1532.0,3173.6241
000570.SZ,19970916,21.1,21.1,20.6,20.93,20.8,0.13,0.63,3605.0,7499.5094
000570.SZ,19970915,21.35,21.75,20.78,20.8,21.48,-0.68,-3.17,2801.0,5913.2608
000570.SZ,19970912,22.0,22.0,21.2,21.48,21.9,-0.42,-1.92,3518.0,7600.0875
000570.SZ,19970911,21.46,22.5,21.08,21.9,21.46,0.44,2.05,14860.0,32814.3346
000570.SZ,19970910,21.99,21.99,21.3,21.46,21.99,-0.53,-2.41,2779.0,5974.8379
000570.SZ,19970909,21.39,22.0,21.1,21.99,21.5,0.49,2.28,7019.0,15232.4875
000570.SZ,19970908,21.86,21.95,21.0,21.5,21.8,-0.3,-1.38,7588.0,16131.2598
000570.SZ,19970905,22.0,22.09,21.78,21.8,21.96,-0.16,-0.73,4509.0,9867.411
000570.SZ,19970904,22.15,22.32,21.81,21.96,22.14,-0.18,-0.81,6192.0,13595.7813
000570.SZ,19970903,21.85,22.2,21.85,22.14,21.87,0.27,1.23,5963.0,13166.9604
000570.SZ,19970902,21.9,22.5,20.0,21.87,21.89,-0.02,-0.09,6079.0,13215.9368
000570.SZ,19970901,22.5,22.89,21.8,21.89,22.1,-0.21,-0.95,7381.0,16342.274
000570.SZ,19970829,22.6,22.6,21.72,22.1,22.54,-0.44,-1.95,6385.0,14060.3245
000570.SZ,19970828,22.84,22.84,22.25,22.54,22.93,-0.39,-1.7,7419.0,16669.0582
000570.SZ,19970827,23.0,23.08,22.35,22.93,23.2,-0.27,-1.16,19540.0,44310.1624
000570.SZ,19970826,24.7,24.7,22.5,23.2,24.8,-1.6,-6.45,37417.0,88521.2064
000570.SZ,19970825,23.29,24.85,23.29,24.8,23.23,1.57,6.76,10271.0,24858.5904
000570.SZ,19970822,22.7,23.55,22.7,23.23,23.11,0.12,0.52,5239.0,12234.383
000570.SZ,19970821,22.9,23.23,22.59,23.11,22.87,0.24,1.05,10330.0,23787.0599
000570.SZ,19970820,22.28,22.98,21.5,22.87,22.45,0.42,1.87,13224.0,29346.784
000570.SZ,19970819,22.2,23.0,22.2,22.45,22.58,-0.13,-0.58,2995.0,6717.502
000570.SZ,19970818,22.9,22.98,22.3,22.58,23.2,-0.62,-2.67,2194.0,4961.3525
000570.SZ,19970815,23.8,24.25,23.0,23.2,23.9,-0.7,-2.93,4282.0,10052.7635
000570.SZ,19970814,22.01,23.98,22.01,23.9,22.3,1.6,7.17,11724.0,26822.9496
000570.SZ,19970813,23.0,23.68,22.3,22.3,23.08,-0.78,-3.38,6176.0,14110.9065
000570.SZ,19970812,24.3,24.6,23.0,23.08,24.39,-1.31,-5.37,5683.0,13515.9065
000570.SZ,19970811,25.6,25.7,24.0,24.39,25.58,-1.19,-4.65,8134.0,20251.001
000570.SZ,19970808,24.8,25.9,24.78,25.58,24.78,0.8,3.23,11005.0,27602.0899
000570.SZ,19970807,24.68,25.07,24.51,24.78,24.78,0.0,0.0,5109.0,12647.4408
000570.SZ,19970806,24.98,25.0,24.5,24.78,24.69,0.09,0.36,3356.0,8285.095
000570.SZ,19970805,24.6,24.88,24.2,24.69,24.56,0.13,0.53,5441.0,13353.0083
000570.SZ,19970804,25.1,25.1,24.56,24.56,25.48,-0.92,-3.61,4728.0,11704.9746
000570.SZ,19970801,25.2,25.58,24.4,25.48,25.2,0.28,1.11,7240.0,17968.4695
000570.SZ,19970731,25.35,25.8,25.0,25.2,25.31,-0.11,-0.43,3471.0,8786.8445
000570.SZ,19970730,25.6,25.6,24.8,25.31,25.26,0.05,0.2,4456.0,11211.157
000570.SZ,19970729,25.3,25.98,24.3,25.26,24.51,0.75,3.06,13553.0,34184.3877
000570.SZ,19970728,25.3,25.78,24.51,24.51,25.52,-1.01,-3.96,7998.0,19880.543
000570.SZ,19970725,25.1,26.25,25.0,25.88,25.5,0.38,1.49,11135.0,28709.2216
000570.SZ,19970724,26.5,26.55,25.45,25.5,26.49,-0.99,-3.74,6878.0,17962.4043
000570.SZ,19970723,27.2,27.3,26.1,26.49,26.98,-0.49,-1.82,10772.0,28678.5717
000570.SZ,19970722,26.5,27.0,25.88,26.98,26.41,0.57,2.16,12142.0,32127.8302
000570.SZ,19970721,27.0,27.4,26.1,26.41,26.89,-0.48,-1.79,8730.0,23298.6974
000570.SZ,19970718,26.8,27.05,26.41,26.89,26.92,-0.03,-0.11,10786.0,28824.3047
000570.SZ,19970717,27.0,27.5,26.5,26.92,27.18,-0.26,-0.96,13264.0,36036.3281
000570.SZ,19970716,26.25,27.38,26.2,27.18,26.14,1.04,3.98,40147.0,108338.0986
000570.SZ,19970715,26.2,26.5,25.38,26.14,26.15,-0.01,-0.04,10736.0,27861.1969
000570.SZ,19970714,26.5,26.8,25.8,26.15,25.94,0.21,0.81,17455.0,45853.8254
000570.SZ,19970711,24.5,26.0,24.5,25.94,24.45,1.49,6.09,9553.0,24086.565
000570.SZ,19970710,24.6,25.3,24.35,24.45,24.48,-0.03,-0.12,7198.0,17891.9649
000570.SZ,19970709,24.88,24.9,24.2,24.48,24.63,-0.15,-0.61,8903.0,21846.2746
000570.SZ,19970708,24.29,25.15,23.2,24.63,24.3,0.33,1.36,13214.0,32024.6343
000570.SZ,19970707,26.3,26.3,23.76,24.3,25.75,-1.45,-5.63,14288.0,35758.4516
000570.SZ,19970704,25.6,26.48,25.18,25.75,25.58,0.17,0.66,11227.0,29046.571
000570.SZ,19970703,26.8,27.0,25.31,25.58,26.9,-1.32,-4.91,13163.0,34210.6255
000570.SZ,19970702,27.9,27.9,25.2,26.9,27.45,-0.55,-2.0,14859.0,40096.8455
000570.SZ,19970627,27.5,28.4,27.3,27.45,27.42,0.03,0.11,23783.0,66244.5828
000570.SZ,19970626,27.36,27.8,27.0,27.42,27.47,-0.05,-0.18,12969.0,35714.6093
000570.SZ,19970625,28.0,28.0,27.22,27.47,27.6,-0.13,-0.47,13526.0,37132.8926
000570.SZ,19970624,27.08,27.8,27.08,27.6,27.01,0.59,2.18,23973.0,65739.3217
000570.SZ,19970623,28.0,28.32,26.0,27.01,27.29,-0.28,-1.03,53516.0,145947.3442
000570.SZ,19970620,26.0,27.5,25.6,27.29,25.53,1.76,6.89,55440.0,148181.6984
000570.SZ,19970619,25.4,26.37,25.0,25.53,25.8,-0.27,-1.05,17249.0,44481.2564
000570.SZ,19970617,26.0,26.49,25.4,25.8,26.26,-0.46,-1.75,23465.0,60857.7095
000570.SZ,19970616,26.0,26.92,26.0,26.26,25.8,0.46,1.78,31540.0,83943.6614
000570.SZ,19970613,22.5,25.9,22.5,25.8,23.98,1.82,7.59,38402.0,95759.5058
000570.SZ,19970612,23.98,24.4,23.51,23.98,24.02,-0.04,-0.17,18323.0,44066.7048
000570.SZ,19970611,24.0,24.28,22.0,24.02,23.8,0.22,0.92,20477.0,46986.7567
000570.SZ,19970610,25.0,25.28,23.58,23.8,25.23,-1.43,-5.67,20933.0,51116.4198
000570.SZ,19970609,24.0,25.27,24.0,25.23,24.69,0.54,2.19,21015.0,51700.0908
000570.SZ,19970606,25.1,25.98,24.1,24.69,26.4,-1.71,-6.48,68320.0,170246.1102
000570.SZ,19970605,25.0,26.5,24.3,26.4,25.07,1.33,5.31,68347.0,174663.4638
000570.SZ,19970604,25.0,25.1,24.59,25.07,25.16,-0.09,-0.36,24693.0,61478.6458
000570.SZ,19970603,24.8,25.18,24.0,25.16,24.7,0.46,1.86,45249.0,111021.8926
000570.SZ,19970602,24.5,25.48,24.5,24.7,24.08,0.62,2.57,42483.0,105893.0383
000570.SZ,19970530,24.0,24.2,23.15,24.08,23.41,0.67,2.86,22007.0,52361.7758
000570.SZ,19970529,22.88,24.1,22.8,23.41,22.9,0.51,2.23,27765.0,65301.4566
000570.SZ,19970528,22.6,23.15,22.3,22.9,22.7,0.2,0.88,32303.0,74188.563
000570.SZ,19970527,22.48,23.19,22.0,22.7,21.9,0.8,3.65,34106.0,77697.1438
000570.SZ,19970526,20.45,21.95,19.9,21.9,20.11,1.79,8.9,29286.0,61646.4021
000570.SZ,19970523,19.3,20.58,19.25,20.11,19.34,0.77,3.98,22469.0,45072.8807
000570.SZ,19970522,19.34,20.68,19.33,19.34,21.48,-2.14,-9.96,33175.0,65305.2511
000570.SZ,19970521,22.78,22.95,21.2,21.48,22.75,-1.27,-5.58,23975.0,52434.064
000570.SZ,19970520,21.35,22.8,21.3,22.75,21.4,1.35,6.31,32622.0,72798.3937
000570.SZ,19970519,21.0,22.79,21.0,21.4,22.09,-0.69,-3.12,23455.0,50683.9545
000570.SZ,19970516,22.09,23.6,22.09,22.09,24.55,-2.46,-10.02,61447.0,139212.658
000570.SZ,19970515,22.53,24.85,22.4,24.55,23.03,1.52,6.6,46017.0,109703.6152
000570.SZ,19970514,24.5,24.5,22.8,23.03,24.85,-1.82,-7.32,36712.0,86605.6469
000570.SZ,19970513,25.99,26.0,24.0,24.85,25.99,-1.14,-4.39,37489.0,93007.7667
000570.SZ,19970512,25.0,26.15,24.8,25.99,23.77,2.22,9.34,78007.0,201289.4978
000570.SZ,19970509,22.55,23.9,22.4,23.77,22.95,0.82,3.57,53269.0,123294.0783
000570.SZ,19970508,23.5,24.65,22.5,22.95,23.59,-0.64,-2.71,79435.0,188317.8591
000570.SZ,19970507,23.0,23.65,22.0,23.59,22.88,0.71,3.1,87547.0,203363.8551
000570.SZ,19970506,21.8,23.3,21.61,22.88,21.61,1.27,5.88,91017.0,202576.7973
000570.SZ,19970505,19.9,21.7,19.53,21.61,19.91,1.7,8.54,90464.0,187823.7936
000570.SZ,19970430,19.79,20.7,19.26,19.91,21.2,-1.29,-6.08,77979.0,154962.4997
000570.SZ,19970429,23.18,23.35,20.5,21.2,21.23,-0.03,-0.14,97397.0,217815.3466
000570.SZ,19970428,19.88,21.23,19.88,21.23,19.3,1.93,10.0,37595.0,78720.5271
000570.SZ,19970425,18.21,19.5,18.1,19.3,18.18,1.12,6.16,56667.0,107070.6467
000570.SZ,19970424,18.45,18.5,18.0,18.18,18.55,-0.37,-1.99,26588.0,48274.835
000570.SZ,19970423,18.86,19.0,18.45,18.55,18.8,-0.25,-1.33,24196.0,45139.1017
000570.SZ,19970422,18.5,18.85,18.4,18.8,18.44,0.36,1.95,17272.0,32155.0381
000570.SZ,19970421,18.21,19.2,18.21,18.44,18.06,0.38,2.1,22438.0,41791.4634
000570.SZ,19970418,18.16,18.2,17.88,18.06,17.98,0.08,0.44,12396.0,22313.8088
000570.SZ,19970417,18.18,18.2,17.85,17.98,18.14,-0.16,-0.88,14095.0,25334.8296
000570.SZ,19970416,18.27,18.52,18.02,18.14,18.25,-0.11,-0.6,11779.0,21448.4967
000570.SZ,19970415,18.1,18.28,18.0,18.25,18.16,0.09,0.5,12435.0,22494.2374
000570.SZ,19970414,18.2,18.69,18.05,18.16,18.19,-0.03,-0.16,17904.0,32705.0823
000570.SZ,19970411,18.5,18.54,17.85,18.19,18.69,-0.5,-2.68,31829.0,57463.963
000570.SZ,19970410,19.3,19.45,18.5,18.69,19.16,-0.47,-2.45,23276.0,44105.9622
000570.SZ,19970409,18.7,19.65,18.6,19.16,18.8,0.36,1.91,30092.0,57780.793
000570.SZ,19970408,19.9,19.9,18.5,18.8,19.84,-1.04,-5.24,41364.0,79114.7701
000570.SZ,19970407,19.0,20.0,18.98,19.84,18.82,1.02,5.42,66130.0,130664.589
000570.SZ,19970404,18.31,19.1,18.0,18.82,18.19,0.63,3.46,79294.0,148778.9633
000570.SZ,19970403,17.4,18.36,17.08,18.19,17.32,0.87,5.02,19006.0,33263.5304
000570.SZ,19970402,17.55,17.7,17.3,17.32,17.55,-0.23,-1.31,17304.0,30227.547
000570.SZ,19970401,17.95,17.98,17.48,17.55,17.84,-0.29,-1.63,15852.0,27918.5725
000570.SZ,19970331,17.82,18.18,17.71,17.84,17.62,0.22,1.25,14596.0,26017.703
000570.SZ,19970328,17.73,18.0,17.6,17.62,17.82,-0.2,-1.12,20751.0,36798.7161
000570.SZ,19970327,18.2,18.48,17.76,17.82,18.24,-0.42,-2.3,27099.0,48809.4376
000570.SZ,19970326,17.9,18.8,17.88,18.24,17.76,0.48,2.7,44448.0,81593.5495
000570.SZ,19970325,17.21,18.0,17.21,17.76,17.2,0.56,3.26,52158.0,92696.3409
000570.SZ,19970324,17.45,17.65,17.09,17.2,17.25,-0.05,-0.29,24889.0,42935.9155
000570.SZ,19970321,16.7,17.3,16.6,17.25,16.97,0.28,1.65,21476.0,36595.44
000570.SZ,19970320,17.15,18.05,15.8,16.97,17.09,-0.12,-0.7,37998.0,66424.4541
000570.SZ,19970319,17.2,17.22,16.88,17.09,17.23,-0.14,-0.81,21218.0,36201.9225
000570.SZ,19970318,17.8,17.85,17.0,17.23,17.62,-0.39,-2.21,34908.0,60843.1591
000570.SZ,19970317,16.95,17.9,16.75,17.62,16.52,1.1,6.66,64278.0,110974.4297
000570.SZ,19970314,16.1,16.6,15.9,16.52,16.2,0.32,1.98,23863.0,38635.5231
000570.SZ,19970313,16.5,16.6,16.0,16.2,16.41,-0.21,-1.28,22125.0,35962.3338
000570.SZ,19970312,15.9,16.76,15.82,16.41,15.8,0.61,3.86,38068.0,62249.9724
000570.SZ,19970311,15.8,15.85,15.5,15.8,15.72,0.08,0.51,13980.0,21953.6952
000570.SZ,19970310,15.56,15.82,15.56,15.72,15.65,0.07,0.45,10154.0,15970.9144
000570.SZ,19970307,15.38,16.05,15.1,15.65,15.39,0.26,1.69,17894.0,28067.1729
000570.SZ,19970306,15.15,15.62,15.0,15.39,15.33,0.06,0.39,9087.0,13929.159
000570.SZ,19970305,15.68,15.79,15.31,15.33,15.68,-0.35,-2.23,10758.0,16746.3622
000570.SZ,19970304,15.79,15.95,15.5,15.68,15.89,-0.21,-1.32,15364.0,24160.8781
000570.SZ,19970303,15.41,16.0,15.38,15.89,15.33,0.56,3.65,21401.0,33633.4973
000570.SZ,19970228,15.35,15.5,15.0,15.33,15.38,-0.05,-0.33,9413.0,14356.1418
000570.SZ,19970227,15.53,15.6,15.35,15.38,15.46,-0.08,-0.52,12113.0,18728.7462
000570.SZ,19970226,15.2,15.6,15.17,15.46,15.19,0.27,1.78,8832.0,13574.8497
000570.SZ,19970225,15.0,15.19,14.9,15.19,14.9,0.29,1.95,9227.0,13915.0934
000570.SZ,19970224,14.97,15.18,14.84,14.9,14.9,0.0,0.0,8478.0,12662.5449
000570.SZ,19970221,14.63,14.98,14.6,14.9,14.64,0.26,1.78,7454.0,11053.6551
000570.SZ,19970220,13.49,14.8,13.49,14.64,14.99,-0.35,-2.33,18395.0,26328.2021
000570.SZ,19970219,14.51,15.19,14.51,14.99,14.18,0.81,5.71,12634.0,18670.7003
000570.SZ,19970218,15.75,15.75,14.18,14.18,15.75,-1.57,-9.97,19782.0,29217.2942
000570.SZ,19970217,15.88,16.0,15.68,15.75,15.89,-0.14,-0.88,9120.0,14401.7832
000570.SZ,19970131,15.8,16.0,15.69,15.89,15.72,0.17,1.08,18063.0,28728.5866
000570.SZ,19970130,15.6,15.8,15.5,15.72,15.67,0.05,0.32,9316.0,14651.445
000570.SZ,19970129,15.5,15.82,15.47,15.67,15.57,0.1,0.64,10341.0,16226.0331
000570.SZ,19970128,15.7,15.76,15.45,15.57,15.7,-0.13,-0.83,14020.0,21792.3939
000570.SZ,19970127,15.73,16.0,15.6,15.7,15.7,0.0,0.0,15509.0,24447.1555
000570.SZ,19970124,15.88,15.95,15.41,15.7,15.85,-0.15,-0.95,17288.0,26951.3564
000570.SZ,19970123,15.62,16.09,15.45,15.85,15.53,0.32,2.06,31804.0,50306.9939
000570.SZ,19970122,15.18,15.78,15.11,15.53,15.01,0.52,3.46,26012.0,40523.8155
000570.SZ,19970121,15.1,15.18,15.0,15.01,15.1,-0.09,-0.6,9084.0,13671.485
000570.SZ,19970120,15.2,15.28,15.0,15.1,15.13,-0.03,-0.2,9719.0,14674.5929
000570.SZ,19970117,14.78,15.19,14.7,15.13,14.83,0.3,2.02,16092.0,24183.9979
000570.SZ,19970116,14.6,15.1,14.48,14.83,14.55,0.28,1.92,9609.0,14198.4163
000570.SZ,19970115,14.66,14.68,14.45,14.55,14.59,-0.04,-0.27,7349.0,10696.8293
000570.SZ,19970114,14.9,14.91,14.51,14.59,14.84,-0.25,-1.68,4440.0,6502.1651
000570.SZ,19970113,14.85,15.01,14.8,14.84,14.75,0.09,0.61,4860.0,7220.1907
000570.SZ,19970110,14.81,14.85,14.65,14.75,14.68,0.07,0.48,3686.0,5419.1841
000570.SZ,19970109,14.59,14.79,14.51,14.68,14.6,0.08,0.55,3880.0,5697.2845
000570.SZ,19970108,14.75,14.8,14.39,14.6,14.71,-0.11,-0.75,5053.0,7339.8975
000570.SZ,19970107,14.38,14.99,14.18,14.71,14.5,0.21,1.45,7762.0,11316.5066
000570.SZ,19970106,14.85,14.85,14.5,14.5,14.95,-0.45,-3.01,6450.0,9420.7367
000570.SZ,19970103,15.3,15.3,14.88,14.95,15.1,-0.15,-0.99,9716.0,14605.3688
000570.SZ,19970102,15.08,15.3,15.0,15.1,15.1,0.0,0.0,7833.0,11831.9507
000570.SZ,19961231,15.6,15.6,15.0,15.1,15.66,-0.56,-3.58,11064.0,16850.8542
000570.SZ,19961230,15.3,15.7,15.1,15.66,15.3,0.36,2.35,22644.0,34966.3434
000570.SZ,19961227,15.2,15.4,14.85,15.3,14.96,0.34,2.27,20000.0,30151.616
000570.SZ,19961226,15.25,15.3,14.85,14.96,15.1,-0.14,-0.93,6438.0,9699.9135
000570.SZ,19961225,14.7,15.2,14.2,15.1,14.8,0.3,2.03,17379.0,25692.0262
000570.SZ,19961224,15.5,15.58,14.8,14.8,15.4,-0.6,-3.9,15518.0,23393.8596
000570.SZ,19961223,15.6,15.8,15.1,15.4,15.0,0.4,2.67,17844.0,27518.2298
000570.SZ,19961220,14.9,15.6,14.5,15.0,15.0,0.0,0.0,23273.0,34722.2266
000570.SZ,19961219,16.0,16.68,14.4,15.0,15.4,-0.4,-2.6,48967.0,77554.0585
000570.SZ,19961218,13.65,15.4,13.65,15.4,14.0,1.4,10.0,40848.0,60624.768
000570.SZ,19961217,14.0,15.53,14.0,14.0,15.56,-1.56,-10.03,30831.0,43831.3845
000570.SZ,19961216,15.56,15.56,15.56,15.56,17.28,-1.72,-9.95,3226.0,5019.656
000570.SZ,19961213,18.0,18.3,17.28,17.28,18.3,-1.02,-5.57,26816.0,47632.6699
000570.SZ,19961212,18.55,19.5,17.85,18.3,18.25,0.05,0.27,59046.0,110789.4857
000570.SZ,19961211,16.98,18.3,16.9,18.25,16.98,1.27,7.48,60582.0,108500.4604
000570.SZ,19961210,17.33,17.38,16.82,16.98,17.3,-0.32,-1.85,23489.0,40003.1701
000570.SZ,19961209,17.5,17.6,17.05,17.3,17.29,0.01,0.06,25436.0,43951.134
000570.SZ,19961206,17.15,17.6,17.1,17.29,17.0,0.29,1.71,42732.0,74131.4401
000570.SZ,19961205,16.93,17.3,16.81,17.0,16.92,0.08,0.47,24823.0,42243.1658
000570.SZ,19961204,17.2,17.38,16.8,16.92,16.9,0.02,0.12,45791.0,78314.0312
000570.SZ,19961203,16.16,16.9,16.11,16.9,16.35,0.55,3.36,26436.0,43951.987
000570.SZ,19961202,16.5,16.66,16.1,16.35,16.0,0.35,2.19,21895.0,35760.4555
000570.SZ,19961129,15.9,16.14,15.7,16.0,15.9,0.1,0.63,14326.0,22780.0445
000570.SZ,19961128,16.0,16.15,15.68,15.9,16.16,-0.26,-1.61,16563.0,26374.6971
000570.SZ,19961127,16.98,16.99,16.1,16.16,16.9,-0.74,-4.38,26335.0,43349.1753
000570.SZ,19961126,16.3,17.48,16.25,16.9,15.99,0.91,5.69,79888.0,135917.708
000570.SZ,19961125,15.88,16.0,15.29,15.99,15.85,0.14,0.88,28670.0,44992.3776
000570.SZ,19961122,15.39,15.85,15.0,15.85,15.6,0.25,1.6,21974.0,33682.5261
000570.SZ,19961121,16.6,16.8,15.6,15.6,16.6,-1.0,-6.02,44700.0,73262.2602
000570.SZ,19961120,16.5,16.84,16.3,16.6,16.51,0.09,0.55,47049.0,78087.5387
000570.SZ,19961119,16.8,16.95,16.33,16.51,16.6,-0.09,-0.54,41821.0,69325.0357
000570.SZ,19961118,16.71,16.99,16.38,16.6,16.36,0.24,1.47,63144.0,105337.9525
000570.SZ,19961115,16.0,16.7,15.93,16.36,16.27,0.09,0.55,49600.0,81091.7133
000570.SZ,19961114,15.8,16.4,15.62,16.27,15.7,0.57,3.63,71763.0,115573.3358
000570.SZ,19961113,15.7,15.8,15.5,15.7,15.64,0.06,0.38,27956.0,43765.1329
000570.SZ,19961112,15.8,15.98,15.38,15.64,15.75,-0.11,-0.7,20689.0,32146.5037
000570.SZ,19961111,15.6,16.1,15.5,15.75,15.27,0.48,3.14,53289.0,84420.6827
000570.SZ,19961108,14.8,15.27,14.66,15.27,14.65,0.62,4.23,18441.0,27542.4397
000570.SZ,19961107,14.5,14.79,14.39,14.65,14.45,0.2,1.38,8962.0,13084.4567
000570.SZ,19961106,14.96,15.0,14.3,14.45,14.88,-0.43,-2.89,12242.0,17796.3607
000570.SZ,19961105,15.0,15.15,14.75,14.88,14.9,-0.02,-0.13,12954.0,19396.195
000570.SZ,19961104,14.62,15.0,14.56,14.9,14.8,0.1,0.68,12757.0,18888.0004
000570.SZ,19961101,15.0,15.3,14.51,14.8,15.3,-0.5,-3.27,17705.0,26355.8895
000570.SZ,19961031,15.15,15.3,14.9,15.3,15.15,0.15,0.99,20178.0,30578.7566
000570.SZ,19961030,15.7,15.94,15.0,15.15,15.6,-0.45,-2.88,26330.0,40538.8719
000570.SZ,19961029,15.49,16.2,15.25,15.6,15.3,0.3,1.96,66908.0,106454.5266
000570.SZ,19961028,14.8,15.3,14.8,15.3,14.96,0.34,2.27,21980.0,33308.7518
000570.SZ,19961025,15.1,15.32,14.86,14.96,15.11,-0.15,-0.99,12150.0,18279.4129
000570.SZ,19961024,15.6,15.8,15.0,15.11,15.55,-0.44,-2.83,17934.0,27625.829
000570.SZ,19961023,14.95,15.55,14.71,15.55,14.9,0.65,4.36,26428.0,39873.2892
000570.SZ,19961022,15.2,15.3,14.8,14.9,15.39,-0.49,-3.18,17111.0,25722.6217
000570.SZ,19961021,14.98,15.5,14.8,15.39,15.7,-0.31,-1.97,26907.0,40981.4791
000570.SZ,19961017,15.6,15.86,15.5,15.7,15.7,0.0,0.0,23003.0,35960.8389
000570.SZ,19961016,15.6,16.45,15.38,15.7,15.45,0.25,1.62,38532.0,61694.7587
000570.SZ,19961015,15.28,15.5,14.85,15.45,15.27,0.18,1.18,21964.0,33359.1402
000570.SZ,19961014,15.26,15.4,15.12,15.27,15.1,0.17,1.13,24614.0,37518.8015
000570.SZ,19961011,15.0,15.18,14.9,15.1,14.99,0.11,0.73,22018.0,33033.8784
000570.SZ,19961010,14.71,14.99,14.48,14.99,14.75,0.24,1.63,13417.0,19692.9826
000570.SZ,19961009,14.94,15.43,14.7,14.75,14.7,0.05,0.34,40817.0,61908.2174
000570.SZ,19961008,14.7,14.78,14.48,14.7,14.5,0.2,1.38,14936.0,21764.7885
000570.SZ,19961007,14.3,14.58,14.25,14.5,14.3,0.2,1.4,11445.0,16466.1806
000570.SZ,19961004,14.58,14.58,14.26,14.3,14.65,-0.35,-2.39,10313.0,14816.2767
000570.SZ,19961003,15.0,15.2,14.6,14.65,14.69,-0.04,-0.27,14412.0,21474.3671
000570.SZ,19960927,14.4,14.8,14.3,14.69,14.18,0.51,3.6,20208.0,29405.6779
000570.SZ,19960926,14.2,14.25,14.0,14.18,14.12,0.06,0.42,8298.0,11752.8027
000570.SZ,19960925,14.6,14.68,13.98,14.12,14.45,-0.33,-2.28,11048.0,15798.4432
000570.SZ,19960924,14.1,14.65,14.08,14.45,14.06,0.39,2.77,15745.0,22720.3031
000570.SZ,19960923,14.1,14.3,13.86,14.06,14.0,0.06,0.43,10006.0,14104.9229
000570.SZ,19960920,13.61,14.4,13.6,14.0,13.38,0.62,4.63,11854.0,16616.4122
000570.SZ,19960919,13.5,13.5,13.2,13.38,13.65,-0.27,-1.98,11154.0,14848.1144
000570.SZ,19960918,14.26,14.45,13.6,13.65,14.25,-0.6,-4.21,10311.0,14349.0405
000570.SZ,19960917,14.5,14.5,13.9,14.25,14.1,0.15,1.06,12815.0,18172.0632
000570.SZ,19960916,14.4,14.45,13.68,14.1,14.32,-0.22,-1.54,8792.0,12315.0322
000570.SZ,19960913,13.8,14.38,13.6,14.32,13.8,0.52,3.77,11031.0,15341.7213
000570.SZ,19960912,14.45,14.6,13.7,13.8,14.5,-0.7,-4.83,12139.0,17160.4701
000570.SZ,19960911,14.38,14.78,14.1,14.5,14.5,0.0,0.0,13595.0,19543.1074
000570.SZ,19960910,14.7,15.15,14.48,14.5,15.0,-0.5,-3.33,10619.0,15627.5835
000570.SZ,19960909,15.1,15.15,14.79,15.0,15.18,-0.18,-1.19,10237.0,15259.0653
000570.SZ,19960906,15.3,15.58,15.09,15.18,15.4,-0.22,-1.43,14404.0,22032.7879
000570.SZ,19960905,16.1,16.3,15.3,15.4,16.08,-0.68,-4.23,21280.0,33695.7745
000570.SZ,19960904,15.95,16.12,15.75,16.08,16.0,0.08,0.5,17793.0,28258.4657
000570.SZ,19960903,16.0,16.28,15.85,16.0,16.28,-0.28,-1.72,24013.0,38414.845
000570.SZ,19960902,16.5,16.8,16.0,16.28,16.32,-0.04,-0.25,35484.0,58144.3321
000570.SZ,19960830,16.18,16.5,16.01,16.32,16.12,0.2,1.24,58983.0,96416.5931
000570.SZ,19960829,15.8,16.12,15.65,16.12,16.1,0.02,0.12,18269.0,28980.9314
000570.SZ,19960828,15.8,16.18,15.3,16.1,15.78,0.32,2.03,28313.0,45175.2381
000570.SZ,19960827,15.5,15.8,15.38,15.78,15.55,0.23,1.48,10964.0,17171.9485
000570.SZ,19960826,15.5,15.9,15.3,15.55,15.69,-0.14,-0.89,15987.0,24939.2848
000570.SZ,19960823,15.48,15.8,14.8,15.69,15.48,0.21,1.36,30575.0,46842.3344
000570.SZ,19960822,16.0,16.1,15.35,15.48,15.97,-0.49,-3.07,21052.0,32906.6729
000570.SZ,19960821,15.55,16.15,15.55,15.97,15.45,0.52,3.37,33899.0,54028.8028
000570.SZ,19960820,16.0,16.0,15.26,15.45,15.85,-0.4,-2.52,18632.0,29160.3239
000570.SZ,19960819,16.2,16.4,15.68,15.85,16.21,-0.36,-2.22,22776.0,36730.1594
000570.SZ,19960816,15.99,16.42,15.45,16.21,16.15,0.06,0.37,35811.0,56713.0194
000570.SZ,19960815,16.5,16.94,16.0,16.15,16.65,-0.5,-3.0,26065.0,42805.0404
000570.SZ,19960814,17.46,17.6,16.65,16.65,16.75,-0.1,-0.6,46367.0,79102.0
000570.SZ,19960813,16.5,17.18,16.46,16.75,16.22,0.53,3.27,61762.0,104381.5076
000570.SZ,19960812,15.5,16.5,15.45,16.22,15.39,0.83,5.39,48148.0,77170.7032
000570.SZ,19960809,15.5,15.6,15.0,15.39,15.4,-0.01,-0.06,22898.0,34888.0199
000570.SZ,19960808,15.4,15.68,15.3,15.4,15.33,0.07,0.46,30106.0,46689.1847
000570.SZ,19960807,15.0,15.57,14.9,15.33,14.9,0.43,2.89,78176.0,120141.9732
000570.SZ,19960806,14.6,15.2,14.45,14.9,14.65,0.25,1.71,23097.0,34448.6485
000570.SZ,19960805,14.2,14.7,14.05,14.65,14.31,0.34,2.38,13515.0,19472.343
000570.SZ,19960802,14.65,14.8,14.06,14.31,14.68,-0.37,-2.52,15483.0,22260.4039
000570.SZ,19960801,14.59,14.84,14.45,14.68,14.8,-0.12,-0.81,10966.0,16040.404
000570.SZ,19960731,14.95,15.0,14.4,14.8,15.05,-0.25,-1.66,21608.0,31741.1882
000570.SZ,19960730,15.31,15.7,14.8,15.05,15.23,-0.18,-1.18,49246.0,75656.2759
000570.SZ,19960729,14.2,15.23,14.1,15.23,14.33,0.9,6.28,32152.0,47938.5051
000570.SZ,19960726,14.4,14.84,13.6,14.33,14.48,-0.15,-1.04,31414.0,45211.0773
000570.SZ,19960725,15.0,15.1,14.38,14.48,15.08,-0.6,-3.98,31291.0,46370.2418
000570.SZ,19960724,15.0,15.6,14.7,15.08,14.9,0.18,1.21,48410.0,73799.6646
000570.SZ,19960723,14.45,15.2,14.3,14.9,14.44,0.46,3.19,48406.0,71748.6302
000570.SZ,19960722,14.7,14.78,14.28,14.44,14.6,-0.16,-1.1,30708.0,44322.0
000570.SZ,19960719,15.0,15.04,14.4,14.6,14.95,-0.35,-2.34,35189.0,51532.2474
000570.SZ,19960718,14.38,15.0,14.35,14.95,14.42,0.53,3.68,39752.0,58616.5064
000570.SZ,19960717,14.18,15.35,14.08,14.42,14.07,0.35,2.49,80751.0,118391.5323
000570.SZ,19960716,14.0,14.2,13.86,14.07,14.0,0.07,0.5,38445.0,53891.812
000570.SZ,19960715,14.43,14.5,13.6,14.0,14.2,-0.2,-1.41,52084.0,73239.2376
000570.SZ,19960712,13.35,14.2,13.3,14.2,13.66,0.54,3.95,52473.0,72801.3659
000570.SZ,19960711,14.0,14.45,13.61,13.66,13.97,-0.31,-2.22,66904.0,94576.2304
000570.SZ,19960710,14.0,14.2,13.7,13.97,13.93,0.04,0.29,58379.0,81054.046
000570.SZ,19960709,13.8,14.2,13.35,13.93,13.77,0.16,1.16,56340.0,77688.9894
000570.SZ,19960708,13.39,13.88,13.3,13.77,13.15,0.62,4.71,63094.0,85722.0
000570.SZ,19960705,12.5,13.49,12.35,13.15,12.35,0.8,6.48,121939.0,159126.0769
000570.SZ,19960704,12.2,12.43,11.9,12.35,11.99,0.36,3.0,31692.0,38561.8678
000570.SZ,19960703,11.6,12.07,11.6,11.99,11.57,0.42,3.63,23083.0,27458.8085
000570.SZ,19960702,11.32,11.6,11.3,11.57,11.52,0.05,0.43,11336.0,12997.6907
000570.SZ,19960701,11.8,11.89,11.3,11.52,12.07,-0.55,-4.56,21231.0,24564.8028
000570.SZ,19960628,12.42,12.42,12.0,12.07,12.47,-0.4,-3.21,24915.0,30396.4686
000570.SZ,19960627,12.25,12.8,12.23,12.47,12.19,0.28,2.3,37668.0,47247.3653
000570.SZ,19960626,12.11,12.3,12.09,12.19,12.19,0.0,0.0,21955.0,26741.6984
000570.SZ,19960625,12.85,12.97,12.1,12.19,12.33,-0.14,-1.14,32833.0,40704.2664
000570.SZ,19960621,12.62,12.75,12.25,12.33,12.54,-0.21,-1.67,30798.0,38367.3511
000570.SZ,19960620,12.4,12.78,12.35,12.54,12.47,0.07,0.56,43048.0,54263.5576
000570.SZ,19960619,12.1,13.0,12.1,12.47,11.88,0.59,4.97,83979.0,105723.5724
000570.SZ,19960618,11.45,11.9,11.4,11.88,11.5,0.38,3.3,22874.0,26690.8021
000570.SZ,19960617,11.45,11.89,11.25,11.5,11.49,0.01,0.09,28732.0,33357.4983
000570.SZ,19960614,11.88,11.9,11.41,11.49,11.88,-0.39,-3.28,36957.0,42713.2091
000570.SZ,19960613,12.0,12.18,11.8,11.88,11.89,-0.01,-0.08,48871.0,58257.7463
000570.SZ,19960612,12.05,12.26,11.55,11.89,11.7,0.19,1.62,57093.0,68569.6583
000570.SZ,19960611,11.1,11.89,11.1,11.7,11.2,0.5,4.46,58369.0,68310.7093
000570.SZ,19960610,11.4,11.55,11.08,11.2,11.73,-0.53,-4.52,48339.0,54453.5709
000570.SZ,19960607,11.9,12.18,11.5,11.73,12.11,-0.38,-3.14,77513.0,90833.6443
000570.SZ,19960606,11.9,12.3,10.98,12.11,12.08,0.03,0.25,62171.0,72870.7854
000570.SZ,19960605,13.18,13.55,11.9,12.08,12.37,-0.29,-2.34,112656.0,142025.4673
000570.SZ,19960604,18.0,19.0,17.25,18.95,17.91,1.04,5.81,109576.0,198455.4549
000570.SZ,19960603,15.0,18.0,15.0,17.91,14.5,3.41,23.52,159564.0,263816.4414
000570.SZ,19960531,13.97,14.63,13.97,14.5,13.92,0.58,4.17,55837.0,80513.8935
000570.SZ,19960530,14.0,14.35,13.7,13.92,13.6,0.32,2.35,51717.0,72365.9326
000570.SZ,19960529,13.16,13.65,13.16,13.6,13.15,0.45,3.42,10757.0,14393.1621
000570.SZ,19960528,13.0,13.2,12.98,13.15,13.05,0.1,0.77,5237.0,6860.0294
000570.SZ,19960527,13.05,13.25,12.95,13.05,12.93,0.12,0.93,9267.0,12123.0642
000570.SZ,19960524,12.81,13.25,12.7,12.93,12.97,-0.04,-0.31,14380.0,18712.2576
000570.SZ,19960523,13.8,13.88,12.7,12.97,13.59,-0.62,-4.56,28448.0,37509.8604
000570.SZ,19960522,13.09,13.6,13.09,13.59,13.2,0.39,2.95,29292.0,39208.3873
000570.SZ,19960521,14.2,14.51,13.18,13.2,14.5,-1.3,-8.97,32497.0,44817.0
000570.SZ,19960520,15.08,15.35,14.0,14.5,14.6,-0.1,-0.68,41819.0,62505.4156
000570.SZ,19960517,13.7,15.8,13.58,14.6,13.7,0.9,6.57,48197.0,68302.6741
000570.SZ,19960516,13.8,13.98,13.49,13.7,13.53,0.17,1.26,45317.0,62391.4846
000570.SZ,19960515,12.78,13.55,12.68,13.53,12.85,0.68,5.29,24670.0,32575.784
000570.SZ,19960514,13.25,13.34,12.8,12.85,13.08,-0.23,-1.76,21180.0,27759.6371
000570.SZ,19960513,12.75,13.4,12.5,13.08,12.45,0.63,5.06,27542.0,35785.5294
000570.SZ,19960510,12.48,12.5,12.03,12.45,12.66,-0.21,-1.66,15010.0,18410.3919
000570.SZ,19960509,12.85,13.08,12.5,12.66,12.96,-0.3,-2.31,12907.0,16650.8779
000570.SZ,19960508,13.35,13.35,12.81,12.96,13.35,-0.39,-2.92,23199.0,30140.1935
000570.SZ,19960507,13.5,14.1,13.05,13.35,12.95,0.4,3.09,26740.0,36049.3663
000570.SZ,19960503,12.39,13.08,12.39,12.95,12.2,0.75,6.15,27981.0,35779.0729
000570.SZ,19960502,13.3,13.97,11.96,12.2,12.89,-0.69,-5.35,27267.0,34218.2258
000570.SZ,19960430,14.29,14.3,12.4,12.89,14.51,-1.62,-11.16,30156.0,40134.4906
000570.SZ,19960429,12.35,14.55,11.95,14.51,11.7,2.81,24.02,43692.0,55508.8742
000570.SZ,19960426,10.8,12.0,10.8,11.7,10.79,0.91,8.43,26372.0,30349.2358
000570.SZ,19960425,11.33,12.0,10.7,10.79,11.22,-0.43,-3.83,21300.0,24140.8202
000570.SZ,19960424,10.35,11.3,10.33,11.22,10.13,1.09,10.76,25132.0,27138.4349
000570.SZ,19960423,9.95,10.18,9.91,10.13,9.98,0.15,1.5,10823.0,10858.8239
000570.SZ,19960422,9.8,10.4,9.75,9.98,9.76,0.22,2.25,16771.0,16821.1706
000570.SZ,19960419,9.76,9.95,9.69,9.76,9.78,-0.02,-0.2,12343.0,12114.2518
000570.SZ,19960418,9.46,9.8,9.46,9.78,9.46,0.32,3.38,9468.0,9124.6407
000570.SZ,19960417,9.46,9.6,9.39,9.46,9.44,0.02,0.21,9568.0,9063.5368
000570.SZ,19960416,9.4,9.47,9.35,9.44,9.37,0.07,0.75,6109.0,5743.3289
000570.SZ,19960415,9.4,9.49,9.35,9.37,9.43,-0.06,-0.64,8417.0,7914.51
000570.SZ,19960412,9.6,9.65,9.41,9.43,9.49,-0.06,-0.63,13414.0,12825.5991
000570.SZ,19960411,9.28,9.53,9.22,9.49,9.28,0.21,2.26,10765.0,10142.0747
000570.SZ,19960410,9.28,9.38,9.2,9.28,9.25,0.03,0.32,5573.0,5182.7258
000570.SZ,19960409,9.26,9.37,9.23,9.25,9.37,-0.12,-1.28,8115.0,7534.5784
000570.SZ,19960408,9.35,9.4,9.27,9.37,9.39,-0.02,-0.21,8415.0,7851.3354
000570.SZ,19960405,9.29,9.42,9.22,9.39,9.29,0.1,1.08,12039.0,11244.9608
000570.SZ,19960404,9.23,9.35,8.51,9.29,8.97,0.32,3.57,12613.0,11571.0
000570.SZ,19960403,8.9,9.12,8.9,8.97,8.96,0.01,0.11,3055.0,2759.9781
000570.SZ,19960402,9.01,9.04,8.9,8.96,9.08,-0.12,-1.32,3087.0,2765.6916
000570.SZ,19960401,9.28,9.28,9.0,9.08,9.01,0.07,0.78,8230.11,7496.5436
000570.SZ,19960329,8.95,9.03,8.78,9.01,8.91,0.1,1.12,3822.0,3386.1084
000570.SZ,19960328,9.04,9.13,8.88,8.91,9.04,-0.13,-1.44,5173.0,4647.8778
000570.SZ,19960327,8.9,9.05,8.81,9.04,8.96,0.08,0.89,7337.0,6529.3766
000570.SZ,19960326,9.2,9.27,8.92,8.96,9.22,-0.26,-2.82,11400.0,10389.7501
000570.SZ,19960325,9.3,9.52,9.15,9.22,9.23,-0.01,-0.11,17616.0,16470.12
000570.SZ,19960322,8.93,9.24,8.88,9.23,8.9,0.33,3.71,13478.0,12214.8049
000570.SZ,19960321,8.65,9.05,8.65,8.9,8.68,0.22,2.53,12990.0,11583.3196
000570.SZ,19960320,8.59,8.69,8.56,8.68,8.56,0.12,1.4,2495.0,2158.4256
000570.SZ,19960319,8.6,8.65,8.55,8.56,8.6,-0.04,-0.47,1832.0,1573.9414
000570.SZ,19960318,8.4,8.62,8.4,8.6,8.54,0.06,0.7,2869.0,2450.6876
000570.SZ,19960315,8.47,8.55,8.42,8.54,8.54,0.0,0.0,2648.0,2248.0985
000570.SZ,19960314,8.55,8.77,8.51,8.54,8.5,0.04,0.47,8874.0,7667.161
000570.SZ,19960313,8.48,8.5,8.39,8.5,8.48,0.02,0.24,3434.0,2903.1575
000570.SZ,19960312,8.58,8.62,8.31,8.48,8.6,-0.12,-1.4,3872.0,3272.9726
000570.SZ,19960311,8.71,8.8,8.57,8.6,8.68,-0.08,-0.92,5210.0,4526.5537
000570.SZ,19960308,8.79,8.79,8.62,8.68,8.72,-0.04,-0.46,6250.0,5411.8897
000570.SZ,19960307,8.55,8.75,8.55,8.72,8.55,0.17,1.99,4314.0,3738.0047
000570.SZ,19960306,8.68,8.84,8.5,8.55,8.85,-0.3,-3.39,4692.0,4079.5144
000570.SZ,19960305,9.01,9.16,8.7,8.85,9.12,-0.27,-2.96,9959.0,8944.9762
000570.SZ,19960304,8.81,9.19,8.57,9.12,8.6,0.52,6.05,14476.0,12907.4856
000570.SZ,19960216,8.46,8.65,8.46,8.6,8.45,0.15,1.78,8008.0,6867.3557
000570.SZ,19960215,8.25,8.48,8.25,8.45,8.3,0.15,1.81,5196.0,4354.2166
000570.SZ,19960214,8.36,8.46,8.28,8.3,8.36,-0.06,-0.72,3934.0,3288.4767
000570.SZ,19960213,8.18,8.4,8.13,8.36,8.17,0.19,2.33,5046.0,4190.911
000570.SZ,19960212,8.18,8.24,8.13,8.17,8.15,0.02,0.25,1882.0,1542.4804
000570.SZ,19960209,8.1,8.27,8.1,8.15,8.12,0.03,0.37,2174.0,1786.9443
000570.SZ,19960208,8.08,8.28,8.07,8.12,8.1,0.02,0.25,2633.0,2158.2299
000570.SZ,19960207,8.01,8.15,8.01,8.1,8.04,0.06,0.75,2486.0,2016.87
000570.SZ,19960206,8.01,8.3,8.01,8.04,8.16,-0.12,-1.47,2955.0,2390.2846
000570.SZ,19960205,8.21,8.43,8.15,8.16,8.18,-0.02,-0.24,4494.0,3715.1087
000570.SZ,19960202,8.51,8.51,8.14,8.18,8.52,-0.34,-3.99,5321.0,4393.7494
000570.SZ,19960201,8.72,8.79,8.51,8.52,8.68,-0.16,-1.84,3591.0,3093.4476
000570.SZ,19960131,8.59,8.8,8.51,8.68,8.64,0.04,0.46,7596.0,6588.1785
000570.SZ,19960130,8.6,8.8,8.51,8.64,8.73,-0.09,-1.03,6796.0,5852.1087
000570.SZ,19960129,8.3,8.8,8.3,8.73,8.65,0.08,0.92,11033.0,9499.3468
000570.SZ,19960126,7.68,8.7,7.55,8.65,7.83,0.82,10.47,19027.0,16015.3281
000570.SZ,19960125,7.51,8.2,7.5,7.83,7.58,0.25,3.3,12271.0,9760.0259
000570.SZ,19960124,7.22,7.68,7.22,7.58,7.25,0.33,4.55,2439.0,1825.773
000570.SZ,19960123,7.22,7.34,7.06,7.25,7.2,0.05,0.69,624.0,450.7405
000570.SZ,19960122,7.2,7.25,7.15,7.2,7.26,-0.06,-0.83,672.0,484.0937
000570.SZ,19960119,7.06,7.3,7.06,7.26,7.35,-0.09,-1.22,522.0,378.6366
000570.SZ,19960118,7.4,7.45,7.25,7.35,7.47,-0.12,-1.61,1457.0,1067.8534
000570.SZ,19960117,7.42,7.5,7.42,7.47,7.51,-0.04,-0.53,429.0,321.0
000570.SZ,19960116,7.5,7.54,7.5,7.51,7.5,0.01,0.13,876.0,658.3887
000570.SZ,19960115,7.56,7.56,7.45,7.5,7.48,0.02,0.27,946.0,710.6745
000570.SZ,19960112,7.5,7.55,7.42,7.48,7.45,0.03,0.4,679.0,508.1314
000570.SZ,19960111,7.48,7.55,7.4,7.45,7.49,-0.04,-0.53,815.0,609.5138
000570.SZ,19960110,7.63,7.63,7.45,7.49,7.64,-0.15,-1.96,741.0,557.092
000570.SZ,19960109,7.45,7.68,7.42,7.64,7.42,0.22,2.97,1929.0,1455.3342
000570.SZ,19960108,7.31,7.47,7.31,7.42,7.4,0.02,0.27,759.0,562.146
000570.SZ,19960105,7.58,7.6,7.4,7.4,7.55,-0.15,-1.99,1994.0,1499.1954
000570.SZ,19960104,7.4,7.55,7.4,7.55,7.43,0.12,1.62,1290.0,966.3389
000570.SZ,19960103,7.4,7.5,7.31,7.43,7.37,0.06,0.81,1011.0,748.7971
000570.SZ,19960102,7.4,7.49,7.37,7.37,7.8,-0.43,-5.51,906.0,672.3359
000570.SZ,19951229,7.6,7.8,7.31,7.8,7.5,0.3,4.0,5107.0,3831.4837
000570.SZ,19951228,7.45,7.55,7.4,7.5,7.58,-0.08,-1.06,2049.0,1527.5915
000570.SZ,19951227,7.5,7.58,7.39,7.58,7.48,0.1,1.34,2112.0,1578.4998
000570.SZ,19951226,7.6,7.6,7.38,7.48,7.56,-0.08,-1.06,1764.0,1317.4378
000570.SZ,19951225,7.65,7.75,7.53,7.56,7.87,-0.31,-3.94,1686.0,1282.4504
000570.SZ,19951222,8.05,8.05,7.81,7.87,8.0,-0.13,-1.63,8065.0,6392.9439
000570.SZ,19951221,8.08,8.08,7.85,8.0,8.06,-0.06,-0.74,2998.0,2400.6171
000570.SZ,19951220,8.15,8.15,7.99,8.06,8.1,-0.04,-0.49,2913.0,2338.5851
000570.SZ,19951219,8.02,8.17,8.02,8.1,8.2,-0.1,-1.22,1165.0,945.261
000570.SZ,19951218,8.15,8.25,8.05,8.2,8.3,-0.1,-1.2,1674.0,1353.6196
000570.SZ,19951215,8.5,8.5,8.05,8.3,8.25,0.05,0.61,4806.0,3992.2316
000570.SZ,19951214,8.15,8.29,8.15,8.25,8.29,-0.04,-0.48,1831.0,1502.2626
000570.SZ,19951213,8.5,8.5,8.21,8.29,8.51,-0.22,-2.59,2298.0,1920.671
000570.SZ,19951212,8.4,8.6,8.1,8.51,8.45,0.06,0.71,8971.0,7469.6382
000570.SZ,19951211,8.78,8.78,8.35,8.45,8.77,-0.32,-3.65,2871.0,2449.2786
000570.SZ,19951208,8.8,8.84,8.7,8.77,8.75,0.02,0.23,2520.0,2208.2616
000570.SZ,19951207,8.9,8.95,8.71,8.75,8.88,-0.13,-1.46,2710.0,2383.223
000570.SZ,19951206,8.9,9.15,8.87,8.88,8.9,-0.02,-0.22,3813.0,3417.362
000570.SZ,19951205,9.0,9.03,8.9,8.9,9.0,-0.1,-1.11,2173.0,1947.6986
000570.SZ,19951204,8.99,9.06,8.96,9.0,9.14,-0.14,-1.53,1340.0,1208.1602
000570.SZ,19951201,9.02,9.14,8.99,9.14,9.16,-0.02,-0.22,1302.0,1178.8825
000570.SZ,19951130,9.1,9.2,9.0,9.16,9.2,-0.04,-0.43,1681.0,1527.7482
000570.SZ,19951129,9.18,9.25,8.96,9.2,9.3,-0.1,-1.08,4993.0,4531.0683
000570.SZ,19951128,10.83,10.85,9.8,10.75,10.73,0.02,0.19,14092.0,14416.5676
000570.SZ,19951127,11.4,11.4,10.7,10.73,11.39,-0.66,-5.79,7666.0,8409.5799
000570.SZ,19951124,11.4,11.5,11.2,11.39,11.4,-0.01,-0.09,4553.0,5139.349
000570.SZ,19951123,11.48,11.9,11.4,11.4,11.52,-0.12,-1.04,5878.0,6814.411
000570.SZ,19951122,11.49,11.68,11.4,11.52,11.6,-0.08,-0.69,12601.0,14519.905
000570.SZ,19951121,11.8,11.8,11.45,11.6,11.75,-0.15,-1.28,5390.0,6264.378
000570.SZ,19951120,11.29,11.78,11.29,11.75,11.44,0.31,2.71,7304.0,8496.403
000570.SZ,19951117,11.18,11.6,11.18,11.44,11.22,0.22,1.96,7424.0,8502.64
000570.SZ,19951116,11.25,11.3,11.06,11.22,11.25,-0.03,-0.27,1886.0,2113.209
000570.SZ,19951115,11.15,11.25,11.13,11.25,11.18,0.07,0.63,1820.0,2036.068
000570.SZ,19951114,11.1,11.38,11.04,11.18,11.13,0.05,0.45,1782.0,1984.297
000570.SZ,19951113,11.3,11.3,11.06,11.13,11.39,-0.26,-2.28,4549.0,5094.416
000570.SZ,19951110,11.32,11.57,11.32,11.39,11.42,-0.03,-0.26,2926.0,3347.015
000570.SZ,19951109,11.59,11.59,11.19,11.42,11.6,-0.18,-1.55,5111.0,5807.982
000570.SZ,19951108,11.85,11.85,11.45,11.6,11.83,-0.23,-1.94,4426.0,5138.957
000570.SZ,19951107,12.1,12.11,11.73,11.83,12.09,-0.26,-2.15,3099.0,3672.264
000570.SZ,19951106,11.97,12.2,11.9,12.09,11.9,0.19,1.6,7306.0,8795.284
000570.SZ,19951103,11.4,12.4,11.4,11.9,11.45,0.45,3.93,14104.0,16638.157
000570.SZ,19951102,11.38,11.55,11.3,11.45,11.37,0.08,0.7,3223.0,3682.093
000570.SZ,19951101,11.38,11.58,11.0,11.37,11.35,0.02,0.18,8498.0,9656.543
000570.SZ,19951031,11.31,11.69,11.1,11.35,11.22,0.13,1.16,12660.0,14520.949
000570.SZ,19951030,11.58,11.58,11.01,11.22,11.48,-0.26,-2.26,11704.0,13206.726
000570.SZ,19951027,12.15,12.18,11.31,11.48,12.18,-0.7,-5.75,17123.0,19783.209
000570.SZ,19951026,11.9,12.45,11.61,12.18,12.0,0.18,1.5,24923.0,30095.664
000570.SZ,19951025,10.91,12.26,10.68,12.0,10.54,1.46,13.85,39533.0,44356.326
000570.SZ,19951024,9.8,10.88,9.7,10.54,9.85,0.69,7.01,21012.0,21478.978
000570.SZ,19951023,9.67,9.85,9.49,9.85,9.68,0.17,1.76,9283.0,8956.681
000570.SZ,19951020,9.15,9.8,9.15,9.68,9.18,0.5,5.45,4756.0,4492.285
000570.SZ,19951019,9.41,9.41,9.17,9.18,9.38,-0.2,-2.13,2392.0,2212.98
000570.SZ,19951018,9.32,9.4,9.24,9.38,9.3,0.08,0.86,2132.0,1980.618
000570.SZ,19951017,9.3,9.4,9.28,9.3,9.28,0.02,0.22,870.0,809.743
000570.SZ,19951016,9.45,9.45,9.26,9.28,9.33,-0.05,-0.54,1924.0,1788.626
000570.SZ,19951013,9.18,9.44,9.0,9.33,9.29,0.04,0.43,2255.0,2100.624
000570.SZ,19951012,9.32,9.45,9.2,9.29,9.29,0.0,0.0,3218.0,2986.147
000570.SZ,19951011,9.29,9.35,9.25,9.29,9.31,-0.02,-0.21,1712.0,1590.798
000570.SZ,19951010,9.35,9.45,9.3,9.31,9.35,-0.04,-0.43,1175.0,1099.66
000570.SZ,19951009,9.4,9.49,9.3,9.35,9.46,-0.11,-1.16,3483.0,3263.159
000570.SZ,19951006,9.65,9.65,9.4,9.46,9.63,-0.17,-1.77,2605.0,2466.062
000570.SZ,19951005,9.8,9.8,9.54,9.63,9.7,-0.07,-0.72,1488.0,1432.684
000570.SZ,19951004,9.75,9.75,9.5,9.7,9.78,-0.08,-0.82,3073.0,2965.863
000570.SZ,19950929,9.4,9.8,9.4,9.78,9.5,0.28,2.95,6317.0,6036.091
000570.SZ,19950928,9.33,9.58,9.3,9.5,9.4,0.1,1.06,2442.0,2300.921
000570.SZ,19950927,9.61,9.61,9.3,9.4,9.53,-0.13,-1.36,2443.0,2305.725
000570.SZ,19950926,9.35,9.6,9.33,9.53,9.35,0.18,1.93,4304.0,4082.101
000570.SZ,19950925,9.3,9.41,9.3,9.35,9.4,-0.05,-0.53,2872.0,2684.851
000570.SZ,19950922,9.5,9.52,9.3,9.4,9.45,-0.05,-0.53,4593.0,4319.942
000570.SZ,19950921,9.45,9.55,9.4,9.45,9.4,0.05,0.53,2713.0,2575.081
000570.SZ,19950920,9.22,9.45,9.22,9.4,9.3,0.1,1.08,2644.0,2452.294
000570.SZ,19950919,9.55,9.62,9.3,9.3,9.6,-0.3,-3.13,3657.0,3451.719
000570.SZ,19950918,9.45,9.65,9.45,9.6,9.5,0.1,1.05,2064.0,1977.093
000570.SZ,19950915,9.56,9.58,9.4,9.5,9.58,-0.08,-0.84,3700.0,3516.891
000570.SZ,19950914,9.46,9.7,9.4,9.58,9.44,0.14,1.48,9453.0,9062.931
000570.SZ,19950913,9.31,9.55,9.31,9.44,9.2,0.24,2.61,4394.0,4146.478
000570.SZ,19950912,9.52,9.65,9.2,9.2,9.5,-0.3,-3.16,9492.0,9013.628
000570.SZ,19950911,9.6,9.6,9.4,9.5,9.5,0.0,0.0,7268.0,6890.344
000570.SZ,19950908,9.6,9.75,9.4,9.5,9.75,-0.25,-2.56,4139.0,3954.664
000570.SZ,19950907,9.76,9.98,9.75,9.75,9.69,0.06,0.62,11112.0,10955.479
000570.SZ,19950906,9.74,9.77,9.65,9.69,9.74,-0.05,-0.51,6528.0,6335.446
000570.SZ,19950905,9.48,9.78,9.46,9.74,9.42,0.32,3.4,14325.0,13828.575
000570.SZ,19950904,9.28,9.5,9.2,9.42,9.13,0.29,3.18,15837.0,14809.48
000570.SZ,19950831,9.25,9.25,9.08,9.13,9.21,-0.08,-0.87,3602.0,3298.11
000570.SZ,19950830,9.2,9.44,9.16,9.21,9.29,-0.08,-0.86,5417.0,5017.966
000570.SZ,19950829,9.35,9.58,9.25,9.29,9.25,0.04,0.43,8254.0,7797.0
000570.SZ,19950828,9.3,9.35,9.2,9.25,9.35,-0.1,-1.07,5689.0,5284.567
000570.SZ,19950825,9.36,9.56,9.0,9.35,9.32,0.03,0.32,16878.0,15920.384
000570.SZ,19950824,9.37,9.41,9.2,9.32,9.36,-0.04,-0.43,13584.0,12644.059
000570.SZ,19950823,10.48,10.54,9.95,10.45,10.31,0.14,1.36,16953.0,17373.756
000570.SZ,19950822,10.5,10.7,10.25,10.31,10.5,-0.19,-1.81,20573.0,21633.42
000570.SZ,19950821,10.0,10.52,9.88,10.5,9.82,0.68,6.92,38360.0,39479.438
000570.SZ,19950818,9.7,10.1,9.7,9.82,9.7,0.12,1.24,44125.0,43609.315
000570.SZ,19950817,9.3,9.73,9.25,9.7,9.2,0.5,5.43,35715.0,34200.352
000570.SZ,19950816,9.45,9.45,9.1,9.2,9.2,0.0,0.0,5035.0,4633.813
000570.SZ,19950815,9.55,9.55,9.2,9.2,9.49,-0.29,-3.06,5567.0,5185.777
000570.SZ,19950814,9.6,9.7,9.2,9.49,9.52,-0.03,-0.32,16053.0,14988.956
000570.SZ,19950811,9.88,11.49,9.4,9.52,9.4,0.12,1.28,35424.0,34842.744
000570.SZ,19950810,9.38,9.42,9.25,9.4,9.25,0.15,1.62,12725.0,11918.77
000570.SZ,19950809,9.0,9.25,8.99,9.25,8.95,0.3,3.35,3478.0,3155.377
000570.SZ,19950808,9.25,9.35,8.95,8.95,9.25,-0.3,-3.24,5542.0,5043.602
000570.SZ,19950807,9.1,9.35,9.05,9.25,9.14,0.11,1.2,2150.0,1990.207
000570.SZ,19950803,9.1,9.22,9.09,9.14,9.15,-0.01,-0.11,1749.0,1596.241
000570.SZ,19950802,9.36,9.39,9.0,9.15,9.36,-0.21,-2.24,3096.0,2838.577
000570.SZ,19950801,9.14,9.38,9.04,9.36,9.14,0.22,2.41,4989.0,4625.923
000570.SZ,19950731,9.34,9.34,8.98,9.14,9.34,-0.2,-2.14,5484.0,4960.404
000570.SZ,19950728,9.68,9.7,9.28,9.34,9.68,-0.34,-3.51,7254.0,6828.725
000570.SZ,19950727,9.1,9.83,9.05,9.68,9.1,0.58,6.37,10500.0,10108.642
000570.SZ,19950726,9.21,9.25,9.02,9.1,9.21,-0.11,-1.19,3271.0,2986.063
000570.SZ,19950725,9.1,9.23,9.05,9.21,9.3,-0.09,-0.97,1957.0,1790.495
000570.SZ,19950724,9.35,9.35,8.98,9.3,9.25,0.05,0.54,4484.0,4067.894
000570.SZ,19950721,9.31,9.37,9.06,9.25,9.4,-0.15,-1.6,4170.0,3833.177
000570.SZ,19950720,9.01,9.6,9.0,9.4,9.5,-0.1,-1.05,6663.0,6173.762
000570.SZ,19950719,10.8,10.9,9.1,9.5,10.73,-1.23,-11.46,25443.0,25093.293
000570.SZ,19950718,10.8,11.03,10.52,10.73,11.27,-0.54,-4.79,8527.0,9156.187
000570.SZ,19950717,10.8,11.27,10.65,11.27,10.7,0.57,5.33,20179.0,22114.791
000570.SZ,19950714,11.35,11.35,10.61,10.7,11.35,-0.65,-5.73,16080.0,17448.186
000570.SZ,19950713,10.9,11.56,10.75,11.35,10.9,0.45,4.13,14543.0,16194.995
000570.SZ,19950712,9.9,10.9,9.9,10.9,9.95,0.95,9.55,15871.0,16576.081
000570.SZ,19950711,10.3,10.58,9.95,9.95,10.26,-0.31,-3.02,11148.0,11262.601
000570.SZ,19950710,9.82,10.52,9.82,10.26,10.1,0.16,1.58,8224.0,8336.716
000570.SZ,19950707,8.85,10.1,8.77,10.1,8.85,1.25,14.12,14100.0,13317.533
000570.SZ,19950706,9.09,9.15,8.81,8.85,9.09,-0.24,-2.64,6015.0,5422.496
000570.SZ,19950705,8.5,9.09,8.41,9.09,8.5,0.59,6.94,13745.0,11905.975
000570.SZ,19950704,8.09,8.57,7.97,8.5,8.08,0.42,5.2,6378.0,5321.794
000570.SZ,19950703,7.99,8.15,7.97,8.08,8.02,0.06,0.75,4568.0,3660.079
000570.SZ,19950630,7.95,8.15,7.95,8.02,7.97,0.05,0.63,6331.0,5074.0
000570.SZ,19950629,8.0,8.2,7.91,7.97,8.06,-0.09,-1.12,7124.0,5705.817
000570.SZ,19950628,7.83,8.19,7.82,8.06,7.93,0.13,1.64,11403.0,9127.846
000570.SZ,19950627,8.2,8.2,7.79,7.93,8.2,-0.27,-3.29,33446.0,26424.847
000570.SZ,19950626,7.86,8.23,7.86,8.2,7.9,0.3,3.8,13532.0,11029.567
000570.SZ,19950623,7.35,7.91,7.35,7.9,7.43,0.47,6.33,26428.0,20618.84
000570.SZ,19950622,7.1,7.53,7.0,7.43,7.06,0.37,5.24,24035.0,17612.268
000570.SZ,19950621,6.85,7.11,6.85,7.06,7.08,-0.02,-0.28,18271.0,12866.753
000570.SZ,19950620,7.0,7.3,6.88,7.08,7.04,0.04,0.57,29238.0,20836.398
000570.SZ,19950619,6.65,7.1,6.61,7.04,6.76,0.28,4.14,33278.0,23039.306
000570.SZ,19950616,6.34,6.85,6.21,6.76,6.34,0.42,6.62,27017.0,17793.991
000570.SZ,19950615,6.25,6.4,6.14,6.34,6.35,-0.01,-0.16,36170.0,22604.802
000570.SZ,19950614,6.3,6.4,6.19,6.35,6.33,0.02,0.32,21924.0,13826.043
000570.SZ,19950613,6.05,6.35,5.96,6.33,6.05,0.28,4.63,24553.0,15292.298
000570.SZ,19950612,5.9,6.06,5.84,6.05,5.96,0.09,1.51,5670.0,3415.801
000570.SZ,19950609,5.85,6.0,5.8,5.96,5.85,0.11,1.88,15916.0,9397.088
000570.SZ,19950608,6.05,6.08,5.85,5.85,6.08,-0.23,-3.78,6758.0,4075.772
000570.SZ,19950607,5.86,6.1,5.8,6.08,5.85,0.23,3.93,6954.0,4101.334
000570.SZ,19950606,5.95,5.98,5.78,5.85,6.05,-0.2,-3.31,11910.0,6943.285
000570.SZ,19950605,6.16,6.16,6.0,6.05,6.16,-0.11,-1.79,1942.0,1178.229
000570.SZ,19950602,6.11,6.26,6.1,6.16,6.18,-0.02,-0.32,4144.0,2568.81
000570.SZ,19950601,6.1,6.2,6.02,6.18,6.07,0.11,1.81,2136.0,1309.896
000570.SZ,19950531,6.14,6.14,5.98,6.07,6.14,-0.07,-1.14,2970.0,1793.0
000570.SZ,19950530,6.2,6.25,6.07,6.14,6.18,-0.04,-0.65,3180.0,1955.43
000570.SZ,19950529,6.3,6.3,6.1,6.18,6.26,-0.08,-1.28,3074.0,1895.0
000570.SZ,19950526,6.0,6.85,5.96,6.26,6.16,0.1,1.62,14211.0,8998.945
000570.SZ,19950525,6.36,6.5,6.11,6.16,6.29,-0.13,-2.07,18240.0,11621.44
000570.SZ,19950524,6.06,6.46,6.06,6.29,6.18,0.11,1.78,17400.0,10937.067
000570.SZ,19950523,7.0,7.0,6.1,6.18,7.69,-1.51,-19.64,29712.0,19548.482
000570.SZ,19950522,7.89,8.2,7.48,7.69,7.85,-0.16,-2.04,38898.0,30269.109
000570.SZ,19950519,7.0,7.85,7.0,7.85,7.42,0.43,5.8,39159.0,29818.023
000570.SZ,19950518,6.0,7.55,6.0,7.42,5.28,2.14,40.53,55625.0,40054.524
000570.SZ,19950517,5.2,5.29,5.19,5.28,5.2,0.08,1.54,1146.0,598.663
000570.SZ,19950516,5.22,5.28,5.16,5.2,5.24,-0.04,-0.76,689.0,359.657
000570.SZ,19950515,5.3,5.3,5.2,5.24,5.26,-0.02,-0.38,1047.0,548.01
000570.SZ,19950512,5.1,5.4,5.08,5.26,5.09,0.17,3.34,6196.0,3288.3
000570.SZ,19950511,5.2,5.2,5.05,5.09,5.06,0.03,0.59,1881.0,961.104
000570.SZ,19950510,5.21,5.4,5.0,5.06,5.34,-0.28,-5.24,4780.0,2446.872
000570.SZ,19950509,5.1,5.34,5.03,5.34,5.1,0.24,4.71,6557.0,3447.535
000570.SZ,19950508,4.94,5.1,4.85,5.1,4.9,0.2,4.08,3019.0,1508.946
000570.SZ,19950505,4.88,4.97,4.73,4.9,4.88,0.02,0.41,2657.0,1297.378
000570.SZ,19950504,4.9,4.9,4.8,4.88,4.89,-0.01,-0.2,1435.0,694.828
000570.SZ,19950503,4.9,4.99,4.88,4.89,4.89,0.0,0.0,1309.0,645.893
000570.SZ,19950502,4.95,5.04,4.8,4.89,4.9,-0.01,-0.2,2465.0,1204.967
000570.SZ,19950427,5.12,5.25,4.61,4.9,5.2,-0.3,-5.77,10041.0,4938.866
000570.SZ,19950426,5.33,5.33,5.0,5.2,5.26,-0.06,-1.14,3653.0,1885.073
000570.SZ,19950425,5.33,5.33,5.1,5.26,5.35,-0.09,-1.68,4395.0,2291.993
000570.SZ,19950424,5.3,5.5,5.3,5.35,5.5,-0.15,-2.73,3154.0,1699.036
000570.SZ,19950421,5.68,5.68,5.45,5.5,5.68,-0.18,-3.17,3664.0,2022.866
000570.SZ,19950420,5.84,6.08,5.53,5.68,5.84,-0.16,-2.74,2150.0,1220.834
000570.SZ,19950419,5.8,5.86,5.8,5.84,5.8,0.04,0.69,682.0,398.0
000570.SZ,19950418,5.86,5.9,5.8,5.8,5.84,-0.04,-0.68,2048.0,1193.845
000570.SZ,19950417,5.95,5.95,5.8,5.84,5.87,-0.03,-0.51,1538.0,900.536
000570.SZ,19950414,5.78,5.95,5.78,5.87,5.83,0.04,0.69,1576.0,928.044
000570.SZ,19950413,5.98,5.98,5.8,5.83,5.92,-0.09,-1.52,1755.0,1033.615
000570.SZ,19950412,5.85,5.96,5.85,5.92,5.9,0.02,0.34,2768.0,1632.992
000570.SZ,19950411,6.02,6.06,5.9,5.9,6.05,-0.15,-2.48,9330.0,5587.608
000570.SZ,19950410,6.08,6.18,6.0,6.05,6.08,-0.03,-0.49,11777.0,7178.911
000570.SZ,19950407,6.0,6.16,5.95,6.08,5.96,0.12,2.01,10529.0,6383.747
000570.SZ,19950406,5.9,5.97,5.85,5.96,5.85,0.11,1.88,5811.0,3435.46
000570.SZ,19950405,6.0,6.02,5.85,5.85,6.06,-0.21,-3.47,6046.0,3596.725
000570.SZ,19950404,6.06,6.08,5.95,6.06,6.11,-0.05,-0.82,12521.0,7495.947
000570.SZ,19950403,6.1,6.2,6.01,6.11,6.25,-0.14,-2.24,26667.0,16209.734
000570.SZ,19950331,6.0,6.3,5.98,6.25,5.98,0.27,4.52,15670.0,9673.03
000570.SZ,19950330,6.0,6.09,5.9,5.98,5.94,0.04,0.67,10350.0,6229.439
000570.SZ,19950329,5.83,5.95,5.76,5.94,5.85,0.09,1.54,2508.0,1460.109
000570.SZ,19950328,5.9,5.9,5.8,5.85,5.9,-0.05,-0.85,2380.0,1390.957
000570.SZ,19950327,5.91,5.98,5.8,5.9,5.91,-0.01,-0.17,4586.0,2711.753
000570.SZ,19950324,5.83,5.93,5.76,5.91,5.83,0.08,1.37,2388.0,1390.758
000570.SZ,19950323,5.98,6.0,5.72,5.83,5.95,-0.12,-2.02,7160.0,4196.092
000570.SZ,19950322,5.7,5.99,5.65,5.95,5.7,0.25,4.39,10201.0,5993.039
000570.SZ,19950321,5.55,5.8,5.51,5.7,5.55,0.15,2.7,8276.0,4622.551
000570.SZ,19950320,5.8,5.84,5.53,5.55,5.75,-0.2,-3.48,5452.0,3119.443
000570.SZ,19950317,5.56,5.8,5.51,5.75,5.58,0.17,3.05,5999.0,3402.581
000570.SZ,19950316,5.4,5.6,5.31,5.58,5.36,0.22,4.1,3881.0,2110.798
000570.SZ,19950315,5.6,5.75,5.36,5.36,5.65,-0.29,-5.13,4483.0,2449.229
000570.SZ,19950314,5.75,5.78,5.65,5.65,5.65,0.0,0.0,2030.0,1155.047
000570.SZ,19950313,5.76,5.9,5.56,5.65,5.76,-0.11,-1.91,3780.0,2158.131
000570.SZ,19950310,5.9,5.92,5.75,5.76,5.92,-0.16,-2.7,8154.0,4740.039
000570.SZ,19950309,6.13,6.15,5.91,5.92,6.2,-0.28,-4.52,9596.0,5806.606
000570.SZ,19950308,6.2,6.25,6.0,6.2,6.25,-0.05,-0.8,15462.0,9474.474
000570.SZ,19950307,5.96,6.35,5.7,6.25,5.86,0.39,6.66,32033.0,19159.382
000570.SZ,19950306,5.7,5.91,5.61,5.86,5.72,0.14,2.45,21887.0,12644.195
000570.SZ,19950303,5.28,5.8,5.25,5.72,5.28,0.44,8.33,21547.0,12051.199
000570.SZ,19950302,5.2,5.31,5.1,5.28,5.22,0.06,1.15,5333.0,2807.111
000570.SZ,19950301,5.05,5.23,5.05,5.22,5.03,0.19,3.78,2505.0,1288.261
000570.SZ,19950228,5.03,5.06,5.0,5.03,5.05,-0.02,-0.4,1670.0,840.0
000570.SZ,19950227,5.07,5.35,5.04,5.05,5.07,-0.02,-0.39,4886.0,2520.303
000570.SZ,19950224,5.35,5.35,5.05,5.07,5.35,-0.28,-5.23,5514.0,2815.399
000570.SZ,19950223,5.41,5.45,5.1,5.35,5.42,-0.07,-1.29,14312.0,7587.123
000570.SZ,19950222,4.85,5.5,4.82,5.42,4.86,0.56,11.52,9783.0,5207.256
000570.SZ,19950221,4.8,4.86,4.8,4.86,4.8,0.06,1.25,277.0,133.54
000570.SZ,19950220,4.85,4.87,4.8,4.8,4.85,-0.05,-1.03,587.0,283.195
000570.SZ,19950217,4.8,4.86,4.78,4.85,4.8,0.05,1.04,367.0,176.881
000570.SZ,19950216,4.79,4.85,4.75,4.8,4.76,0.04,0.84,303.0,145.562
000570.SZ,19950215,4.8,4.87,4.76,4.76,4.81,-0.05,-1.04,435.0,208.87
000570.SZ,19950214,4.9,4.9,4.75,4.81,4.86,-0.05,-1.03,517.0,247.885
000570.SZ,19950213,4.81,4.88,4.72,4.86,4.9,-0.04,-0.82,851.0,409.38
000570.SZ,19950127,4.85,4.95,4.82,4.9,4.82,0.08,1.66,2610.0,1280.755
000570.SZ,19950126,4.95,4.95,4.8,4.82,4.88,-0.06,-1.23,1317.0,637.005
000570.SZ,19950125,4.8,4.92,4.8,4.88,4.74,0.14,2.95,2624.0,1274.802
000570.SZ,19950124,4.8,4.82,4.73,4.74,4.78,-0.04,-0.84,1344.0,640.357
000570.SZ,19950123,4.8,4.83,4.73,4.78,4.8,-0.02,-0.42,1791.0,852.3
000570.SZ,19950120,4.85,4.9,4.71,4.8,4.85,-0.05,-1.03,4698.0,2263.796
000570.SZ,19950119,5.0,5.05,4.8,4.85,5.05,-0.2,-3.96,4834.0,2365.403
000570.SZ,19950118,4.91,5.07,4.9,5.05,4.95,0.1,2.02,3599.0,1792.161
000570.SZ,19950117,4.87,5.1,4.85,4.95,4.87,0.08,1.64,4403.0,2161.601
000570.SZ,19950116,4.9,4.94,4.85,4.87,4.96,-0.09,-1.81,4997.0,2448.284
000570.SZ,19950113,4.95,5.0,4.9,4.96,5.0,-0.04,-0.8,3961.0,1961.69
000570.SZ,19950112,5.1,5.15,4.96,5.0,5.08,-0.08,-1.57,5409.0,2727.525
000570.SZ,19950111,4.95,5.13,4.95,5.08,5.0,0.08,1.6,7870.0,3946.845
000570.SZ,19950110,5.2,5.26,4.98,5.0,5.29,-0.29,-5.48,13669.0,6934.356
000570.SZ,19950109,5.57,5.57,5.28,5.29,5.62,-0.33,-5.87,4457.0,2415.869
000570.SZ,19950106,5.76,5.79,5.6,5.62,5.79,-0.17,-2.94,5722.0,3255.793
000570.SZ,19950105,6.1,6.13,5.76,5.79,6.1,-0.31,-5.08,10373.0,6166.053
000570.SZ,19950104,6.1,6.15,5.93,6.1,6.1,0.0,0.0,9495.0,5729.926
000570.SZ,19950103,5.9,6.1,5.5,6.1,5.84,0.26,4.45,7471.0,4391.363
000570.SZ,19941230,5.5,5.88,5.5,5.84,5.48,0.36,6.57,20954.0,12127.866
000570.SZ,19941229,5.4,5.6,5.4,5.48,5.4,0.08,1.48,6928.0,3821.399
000570.SZ,19941228,5.2,5.5,5.16,5.4,5.12,0.28,5.47,4400.0,2348.977
000570.SZ,19941227,5.1,5.17,5.08,5.12,5.12,0.0,0.0,672.0,343.844
000570.SZ,19941226,5.13,5.25,5.1,5.12,5.2,-0.08,-1.54,1164.0,597.325
000570.SZ,19941223,5.3,5.35,5.15,5.2,5.25,-0.05,-0.95,1908.0,998.891
000570.SZ,19941222,5.35,5.4,5.08,5.25,5.35,-0.1,-1.87,2614.0,1357.41
000570.SZ,19941221,5.45,5.6,5.25,5.35,5.45,-0.1,-1.83,3892.0,2123.964
000570.SZ,19941220,5.3,5.5,5.25,5.45,5.3,0.15,2.83,4699.0,2523.278
000570.SZ,19941219,5.55,5.65,5.28,5.3,5.53,-0.23,-4.16,6544.0,3589.978
000570.SZ,19941216,5.65,5.9,5.27,5.53,5.55,-0.02,-0.36,21259.0,12009.451
000570.SZ,19941215,4.93,5.65,4.93,5.55,4.95,0.6,12.12,10050.0,5365.43
000570.SZ,19941214,5.1,5.15,4.9,4.95,5.1,-0.15,-2.94,3656.0,1821.625
000570.SZ,19941213,5.02,5.2,4.95,5.1,5.02,0.08,1.59,5801.0,2936.567
000570.SZ,19941212,5.1,5.1,5.02,5.02,5.2,-0.18,-3.46,1247.0,634.211
000570.SZ,19941209,5.25,5.35,5.15,5.2,5.3,-0.1,-1.89,1983.0,1036.167
000570.SZ,19941208,5.51,5.51,5.3,5.3,5.45,-0.15,-2.75,1317.0,710.725
000570.SZ,19941207,5.45,5.55,5.35,5.45,5.55,-0.1,-1.8,510.0,279.449
000570.SZ,19941206,5.61,5.67,5.35,5.55,5.67,-0.12,-2.12,1858.0,1022.016
000570.SZ,19941205,5.63,5.74,5.63,5.67,5.8,-0.13,-2.24,619.0,350.556
000570.SZ,19941202,5.75,5.83,5.7,5.8,5.75,0.05,0.87,474.0,270.807
000570.SZ,19941201,5.75,5.82,5.7,5.75,5.76,-0.01,-0.17,390.0,224.199
000570.SZ,19941130,5.86,5.9,5.72,5.76,5.85,-0.09,-1.54,413.0,240.039
000570.SZ,19941129,5.66,5.85,5.66,5.85,5.77,0.08,1.39,461.0,264.638
000570.SZ,19941128,5.82,5.82,5.68,5.77,5.79,-0.02,-0.35,280.0,161.142
000570.SZ,19941125,5.65,5.97,5.65,5.79,5.68,0.11,1.94,1720.0,1000.829
000570.SZ,19941124,5.67,5.75,5.62,5.68,5.67,0.01,0.18,982.0,556.395
000570.SZ,19941123,5.76,5.76,5.66,5.67,5.78,-0.11,-1.9,1327.0,757.265
000570.SZ,19941122,5.8,5.9,5.76,5.78,5.8,-0.02,-0.34,700.0,405.762
000570.SZ,19941121,5.98,5.98,5.8,5.8,5.83,-0.03,-0.51,904.0,529.15
000570.SZ,19941118,5.8,5.9,5.79,5.83,5.84,-0.01,-0.17,2784.0,1617.686
000570.SZ,19941117,5.95,5.95,5.84,5.84,5.95,-0.11,-1.85,1032.0,606.766
000570.SZ,19941116,5.87,5.95,5.85,5.95,5.89,0.06,1.02,1202.0,708.274
000570.SZ,19941115,6.0,6.0,5.86,5.89,6.06,-0.17,-2.81,3601.0,2134.675
000570.SZ,19941114,6.07,6.13,5.99,6.06,6.02,0.04,0.66,6261.0,3804.975
000570.SZ,19941111,5.81,6.02,5.81,6.02,5.81,0.21,3.61,5193.0,3083.646
000570.SZ,19941110,6.05,6.2,5.8,5.81,6.0,-0.19,-3.17,8903.0,5366.73
000570.SZ,19941109,5.92,6.03,5.75,6.0,5.92,0.08,1.35,9274.0,5482.089
000570.SZ,19941108,5.85,6.15,5.8,5.92,5.76,0.16,2.78,13486.0,8036.265
000570.SZ,19941107,5.71,5.85,5.61,5.76,5.8,-0.04,-0.69,2723.0,1554.375
000570.SZ,19941104,6.07,6.16,5.7,5.8,6.0,-0.2,-3.33,6795.0,4022.55
000570.SZ,19941103,5.68,6.48,5.68,6.0,5.68,0.32,5.63,9394.0,5660.371
000570.SZ,19941102,5.7,5.8,5.66,5.68,5.79,-0.11,-1.9,1874.0,1072.749
000570.SZ,19941101,5.78,5.9,5.63,5.79,5.78,0.01,0.17,4231.0,2434.273
000570.SZ,19941031,6.25,6.25,5.7,5.78,6.16,-0.38,-6.17,5947.0,3511.733
000570.SZ,19941028,6.4,6.4,6.05,6.16,6.36,-0.2,-3.14,2710.0,1681.97
000570.SZ,19941027,6.25,6.37,6.22,6.36,6.25,0.11,1.76,2560.0,1611.018
000570.SZ,19941026,6.25,6.49,6.16,6.25,6.32,-0.07,-1.11,6483.0,4069.577
000570.SZ,19941025,6.82,6.88,6.3,6.32,6.72,-0.4,-5.95,17831.0,11740.211
000570.SZ,19941024,6.25,6.75,6.2,6.72,6.35,0.37,5.83,16316.0,10668.95
000570.SZ,19941021,6.55,6.85,5.54,6.35,6.54,-0.19,-2.91,37494.0,24481.941
000570.SZ,19941020,6.48,6.55,6.15,6.54,6.11,0.43,7.04,21496.0,13601.266
000570.SZ,19941019,5.75,6.19,5.7,6.11,5.75,0.36,6.26,16250.0,9782.728
000570.SZ,19941018,5.7,5.9,5.65,5.75,5.8,-0.05,-0.86,3065.0,1769.778
000570.SZ,19941017,6.01,6.01,5.78,5.8,6.25,-0.45,-7.2,4843.0,2862.95
000570.SZ,19941014,5.9,6.45,5.7,6.25,6.03,0.22,3.65,16197.0,9748.107
000570.SZ,19941013,6.69,6.72,6.0,6.03,6.69,-0.66,-9.87,8617.0,5422.451
000570.SZ,19941012,6.5,6.85,6.35,6.69,6.5,0.19,2.92,18217.0,12150.953
000570.SZ,19941011,6.4,6.68,6.33,6.5,6.48,0.02,0.31,5688.0,3715.963
000570.SZ,19941010,6.9,6.9,6.28,6.48,6.9,-0.42,-6.09,22600.0,14713.883
000570.SZ,19941007,5.95,7.15,5.0,6.9,5.95,0.95,15.97,24030.0,14564.711
000570.SZ,19941006,6.21,7.2,5.7,5.95,6.3,-0.35,-5.56,16847.0,10924.0
000570.SZ,19941005,7.1,7.1,6.0,6.3,7.32,-1.02,-13.93,11272.0,7452.407
000570.SZ,19940930,8.0,8.0,7.02,7.32,8.0,-0.68,-8.5,29152.0,21485.408
000570.SZ,19940929,9.5,9.5,7.21,8.0,9.4,-1.4,-14.89,42588.0,36008.271
000570.SZ,19940928,9.45,9.7,8.8,9.4,8.45,0.95,11.24,89013.0,82724.097
000570.SZ,19940927,8.05,8.7,7.82,8.45,8.05,0.4,4.97,72435.0,60727.448
000570.SZ,19940926,7.85,8.14,7.7,8.05,8.0,0.05,0.63,4177.0,3292.08
000570.SZ,19940923,8.18,8.18,7.8,8.0,8.18,-0.18,-2.2,8568.0,6897.194
000570.SZ,19940922,8.45,8.45,8.0,8.18,8.38,-0.2,-2.39,17020.0,13969.442
000570.SZ,19940921,7.93,8.38,7.93,8.38,7.93,0.45,5.67,20210.0,16472.748
000570.SZ,19940920,7.7,8.0,7.7,7.93,7.87,0.06,0.76,13118.0,10355.81
000570.SZ,19940919,8.15,8.15,7.87,7.87,8.15,-0.28,-3.44,14394.0,11410.701
000570.SZ,19940916,8.0,8.4,8.0,8.15,8.05,0.1,1.24,13378.0,10928.029
000570.SZ,19940915,8.0,8.2,7.8,8.05,8.2,-0.15,-1.83,12419.0,9911.031
000570.SZ,19940914,8.5,8.5,7.7,8.2,8.57,-0.37,-4.32,28339.0,22834.379
000570.SZ,19940913,8.55,9.0,8.2,8.57,8.2,0.37,4.51,44606.0,38210.615
000570.SZ,19940912,8.25,8.55,8.0,8.2,8.08,0.12,1.49,27194.0,22572.98
000570.SZ,19940909,9.05,9.05,8.0,8.08,9.2,-1.12,-12.17,41691.0,35485.945
000570.SZ,19940908,7.5,9.3,7.25,9.2,7.62,1.58,20.73,91411.0,78280.425
000570.SZ,19940907,7.3,8.1,6.0,7.62,7.3,0.32,4.38,101030.0,75322.718
000570.SZ,19940906,7.3,7.3,6.65,7.3,6.95,0.35,5.04,57400.0,40576.404
000570.SZ,19940905,5.9,7.23,5.8,6.95,5.64,1.31,23.23,62355.0,39523.615
000570.SZ,19940902,5.43,5.78,5.28,5.64,5.26,0.38,7.22,65815.0,36734.606
000570.SZ,19940901,5.05,5.26,4.9,5.26,5.05,0.21,4.16,65104.0,33670.657
000570.SZ,19940831,4.45,5.26,4.4,5.05,4.4,0.65,14.77,57423.0,27668.714
000570.SZ,19940830,4.14,4.45,4.06,4.4,4.02,0.38,9.45,18985.0,8086.114
000570.SZ,19940829,4.0,4.16,3.95,4.02,4.01,0.01,0.25,9828.0,3983.693
000570.SZ,19940826,4.25,4.26,4.0,4.01,4.11,-0.1,-2.43,10530.0,4307.991
000570.SZ,19940825,4.3,4.33,4.1,4.11,4.3,-0.19,-4.42,7645.0,3226.004
000570.SZ,19940824,4.45,4.5,4.29,4.3,4.42,-0.12,-2.71,13223.0,5824.721
000570.SZ,19940823,4.3,4.42,4.13,4.42,4.2,0.22,5.24,12051.0,5112.314
000570.SZ,19940822,4.38,4.4,4.15,4.2,4.45,-0.25,-5.62,17910.0,7615.28
000570.SZ,19940819,4.68,4.7,4.4,4.45,4.68,-0.23,-4.91,19433.0,8860.09
000570.SZ,19940818,4.65,4.8,4.56,4.68,4.56,0.12,2.63,28106.0,13192.178
000570.SZ,19940817,4.48,4.58,4.43,4.56,4.48,0.08,1.79,10758.0,4845.142
000570.SZ,19940816,4.4,4.69,4.38,4.48,4.45,0.03,0.67,18261.0,8277.122
000570.SZ,19940815,4.46,4.6,4.35,4.45,4.6,-0.15,-3.26,16298.0,7296.216
000570.SZ,19940812,4.5,4.87,4.43,4.6,4.6,0.0,0.0,27513.0,12802.45
000570.SZ,19940811,4.78,5.05,4.4,4.6,4.67,-0.07,-1.5,65243.0,31617.681
000570.SZ,19940810,4.1,4.7,4.0,4.67,4.1,0.57,13.9,54525.0,24029.767
000570.SZ,19940809,4.49,4.49,4.07,4.1,4.49,-0.39,-8.69,35968.0,15177.11
000570.SZ,19940808,4.8,4.85,4.35,4.49,4.54,-0.05,-1.1,56798.0,26117.422
000570.SZ,19940805,3.8,4.6,3.8,4.54,3.75,0.79,21.07,64660.0,27146.556
000570.SZ,19940804,3.8,4.15,3.6,3.75,3.54,0.21,5.93,70542.0,26941.777
000570.SZ,19940803,2.95,3.55,2.9,3.54,2.98,0.56,18.79,46693.0,15010.781
000570.SZ,19940802,3.29,3.5,2.9,2.98,3.15,-0.17,-5.4,42090.0,13988.486
000570.SZ,19940801,2.88,3.3,2.75,3.15,2.26,0.89,39.38,39700.0,11934.983
000570.SZ,19940729,2.25,2.3,2.22,2.26,2.27,-0.01,-0.44,5876.0,1323.973
000570.SZ,19940728,2.49,2.49,2.26,2.27,2.51,-0.24,-9.56,10531.0,2522.23
000570.SZ,19940727,2.68,2.78,2.5,2.51,2.69,-0.18,-6.69,17336.0,4603.354
000570.SZ,19940726,2.55,2.7,2.44,2.69,2.52,0.17,6.75,22955.0,5952.365
000570.SZ,19940725,2.34,2.53,2.33,2.52,2.39,0.13,5.44,9124.0,2254.661
000570.SZ,19940722,2.4,2.5,2.38,2.39,2.42,-0.03,-1.24,4152.0,1010.795
000570.SZ,19940721,2.45,2.48,2.4,2.42,2.48,-0.06,-2.42,2966.0,720.473
000570.SZ,19940720,2.65,2.65,2.48,2.48,2.6,-0.12,-4.62,4808.0,1230.614
000570.SZ,19940719,2.6,2.7,2.48,2.6,2.6,0.0,0.0,5728.0,1474.085
000570.SZ,19940718,2.7,2.7,2.6,2.6,2.81,-0.21,-7.47,3778.0,992.129
000570.SZ,19940715,3.05,3.06,2.8,2.81,3.07,-0.26,-8.47,7714.0,2248.524
000570.SZ,19940714,3.18,3.18,3.06,3.07,3.11,-0.04,-1.29,6667.0,2073.096
000570.SZ,19940713,3.12,3.16,3.08,3.11,3.08,0.03,0.97,4124.0,1286.356
000570.SZ,19940712,3.06,3.13,3.06,3.08,3.1,-0.02,-0.65,6546.0,2024.568
000570.SZ,19940711,3.2,3.22,3.1,3.1,3.22,-0.12,-3.73,30361.0,9615.371
000570.SZ,19940708,3.11,3.29,3.11,3.22,3.34,-0.12,-3.59,47616.0,15246.945
000570.SZ,19940704,3.5,3.5,3.2,3.34,3.51,-0.17,-4.84,45044.0,15018.243
000570.SZ,19940701,4.0,4.0,3.5,3.51,3.9,-0.39,-10.0,120728.0,46269.259
000570.SZ,19940701,4.0,4.0,3.5,3.51,3.9,-0.39,-10.0,120728.0,46269.259
