ts_code,trade_date,open,high,low,close,pre_close,change,pct_chg,vol,amount
002030.SZ,20200110,11.37,11.41,11.2,11.26,11.36,-0.1,-0.8803,56405.77,63638.224
002030.SZ,20200109,11.25,11.43,11.24,11.36,11.12,0.24,2.1583,90988.31,103094.012
002030.SZ,20200108,11.3,11.31,11.12,11.12,11.33,-0.21,-1.8535,82983.23,92917.427
002030.SZ,20200107,11.27,11.42,11.26,11.33,11.32,0.01,0.0883,92799.38,105064.84
002030.SZ,20200106,11.16,11.45,11.11,11.32,11.26,0.06,0.5329,119944.41,135901.977
002030.SZ,20200103,11.36,11.45,11.2,11.26,11.41,-0.15,-1.3146,110918.58,125471.604
002030.SZ,20200102,11.31,11.62,11.22,11.41,11.5,-0.09,-0.7826,211267.66,240634.98
002030.SZ,20191231,10.79,11.79,10.76,11.5,10.72,0.78,7.2761,293950.84,335063.103
002030.SZ,20191230,10.69,10.72,10.45,10.72,10.7,0.02,0.1869,47557.31,50474.591
002030.SZ,20191227,10.68,10.77,10.66,10.7,10.68,0.02,0.1873,47540.24,50907.037
002030.SZ,20191226,10.63,10.69,10.58,10.68,10.63,0.05,0.4704,30823.53,32756.978
002030.SZ,20191225,10.59,10.67,10.54,10.63,10.64,-0.01,-0.094,33925.16,36003.266
002030.SZ,20191224,10.52,10.66,10.5,10.64,10.52,0.12,1.1407,28827.21,30465.311
002030.SZ,20191223,10.8,10.82,10.5,10.52,10.78,-0.26,-2.4119,46541.95,49621.059
002030.SZ,20191220,11.02,11.04,10.76,10.78,11.02,-0.24,-2.1779,51837.17,56402.633
002030.SZ,20191219,10.85,11.09,10.82,11.02,10.74,0.28,2.6071,90562.13,99266.203
002030.SZ,20191218,10.85,10.88,10.73,10.74,10.85,-0.11,-1.0138,59433.34,64186.514
002030.SZ,20191217,10.75,10.92,10.71,10.85,10.75,0.1,0.9302,74845.34,80881.192
002030.SZ,20191216,10.59,10.75,10.51,10.75,10.57,0.18,1.7029,73500.7,78128.762
002030.SZ,20191213,10.48,10.6,10.42,10.57,10.4,0.17,1.6346,61250.02,64462.141
002030.SZ,20191212,10.4,10.48,10.35,10.4,10.4,0.0,0.0,34180.27,35601.495
002030.SZ,20191211,10.35,10.41,10.3,10.4,10.35,0.05,0.4831,40221.74,41604.854
002030.SZ,20191210,10.35,10.37,10.27,10.35,10.37,-0.02,-0.1929,41422.49,42737.17
002030.SZ,20191209,10.4,10.45,10.31,10.37,10.4,-0.03,-0.2885,41104.95,42612.568
002030.SZ,20191206,10.47,10.5,10.34,10.4,10.44,-0.04,-0.3831,31222.65,32461.776
002030.SZ,20191205,10.37,10.48,10.33,10.44,10.37,0.07,0.675,35784.06,37239.773
002030.SZ,20191204,10.27,10.39,10.26,10.37,10.36,0.01,0.0965,26116.98,27005.445
002030.SZ,20191203,10.43,10.49,10.26,10.36,10.43,-0.07,-0.6711,27879.87,28811.097
002030.SZ,20191202,10.46,10.57,10.4,10.43,10.48,-0.05,-0.4771,20847.64,21853.1
002030.SZ,20191129,10.4,10.49,10.27,10.48,10.4,0.08,0.7692,28210.85,29317.463
002030.SZ,20191128,10.24,10.4,10.22,10.4,10.24,0.16,1.5625,25240.75,26000.309
002030.SZ,20191127,10.23,10.28,10.14,10.24,10.24,0.0,0.0,19909.25,20353.997
002030.SZ,20191126,10.19,10.27,10.16,10.24,10.2,0.04,0.3922,20166.21,20620.889
002030.SZ,20191125,10.33,10.4,10.04,10.2,10.37,-0.17,-1.6393,40676.22,41393.564
002030.SZ,20191122,10.57,10.68,10.33,10.37,10.57,-0.2,-1.8921,43482.19,45552.658
002030.SZ,20191121,10.59,10.66,10.5,10.57,10.59,-0.02,-0.1889,27025.97,28591.335
002030.SZ,20191120,10.58,10.75,10.55,10.59,10.64,-0.05,-0.4699,40198.62,42797.213
002030.SZ,20191119,10.57,10.64,10.49,10.64,10.54,0.1,0.9488,37370.0,39564.571
002030.SZ,20191118,10.49,10.54,10.4,10.54,10.44,0.1,0.9579,25340.6,26558.861
002030.SZ,20191115,10.57,10.58,10.35,10.44,10.57,-0.13,-1.2299,30031.82,31448.496
002030.SZ,20191114,10.57,10.68,10.5,10.57,10.59,-0.02,-0.1889,33917.94,35937.399
002030.SZ,20191113,10.35,10.63,10.3,10.59,10.39,0.2,1.9249,45980.4,48287.907
002030.SZ,20191112,10.4,10.46,10.26,10.39,10.37,0.02,0.1929,28896.59,29898.831
002030.SZ,20191111,10.83,10.83,10.29,10.37,10.8,-0.43,-3.9815,53133.93,55634.892
002030.SZ,20191108,10.97,10.98,10.75,10.8,10.9,-0.1,-0.9174,42308.35,45874.708
002030.SZ,20191107,10.78,10.97,10.7,10.9,10.81,0.09,0.8326,39155.16,42501.013
002030.SZ,20191106,11.03,11.03,10.71,10.81,10.96,-0.15,-1.3686,49260.75,53472.326
002030.SZ,20191105,10.88,11.09,10.77,10.96,10.88,0.08,0.7353,59241.47,64828.506
002030.SZ,20191104,10.84,11.1,10.81,10.88,10.77,0.11,1.0214,81065.45,88997.17
002030.SZ,20191101,10.6,10.82,10.43,10.77,10.55,0.22,2.0853,57371.38,61297.69
002030.SZ,20191031,10.61,10.78,10.51,10.55,10.6,-0.05,-0.4717,49346.21,52638.038
002030.SZ,20191030,10.77,10.77,10.55,10.6,10.74,-0.14,-1.3035,46648.9,49607.166
002030.SZ,20191029,11.3,11.33,10.68,10.74,11.24,-0.5,-4.4484,146855.26,160817.256
002030.SZ,20191028,11.1,11.36,11.08,11.24,11.18,0.06,0.5367,97967.07,110380.14
002030.SZ,20191025,11.22,11.29,11.07,11.18,11.28,-0.1,-0.8865,69108.6,77236.858
002030.SZ,20191024,11.23,11.33,11.01,11.28,11.43,-0.15,-1.3123,145139.35,161818.135
002030.SZ,20191023,11.74,12.07,11.41,11.43,11.76,-0.33,-2.8061,187968.75,219628.81
002030.SZ,20191022,11.65,11.98,11.51,11.76,11.79,-0.03,-0.2545,145602.16,170799.274
002030.SZ,20191021,11.58,12.11,11.5,11.79,11.82,-0.03,-0.2538,192003.74,226262.445
002030.SZ,20191018,11.33,11.88,11.15,11.82,11.4,0.42,3.6842,235060.3,272213.529
002030.SZ,20191017,11.28,11.45,11.1,11.4,11.37,0.03,0.2639,92814.61,104237.959
002030.SZ,20191016,11.28,11.65,11.25,11.37,11.24,0.13,1.1566,114071.79,130272.445
002030.SZ,20191015,11.16,11.55,11.16,11.24,11.44,-0.2,-1.7483,145989.15,165239.284
002030.SZ,20191014,11.51,11.88,11.28,11.44,11.41,0.03,0.2629,369809.98,428526.581
002030.SZ,20191011,10.4,11.41,10.31,11.41,10.37,1.04,10.0289,236454.02,267788.175
002030.SZ,20191010,10.34,10.42,10.2,10.37,10.31,0.06,0.582,29014.04,30015.641
002030.SZ,20191009,10.2,10.38,10.16,10.31,10.25,0.06,0.5854,26859.69,27603.386
002030.SZ,20191008,10.18,10.38,10.12,10.25,10.1,0.15,1.4851,30985.58,31791.517
002030.SZ,20190930,10.16,10.24,10.08,10.1,10.18,-0.08,-0.7859,25238.36,25613.401
002030.SZ,20190927,10.24,10.34,10.12,10.18,10.25,-0.07,-0.6829,45801.7,46670.252
002030.SZ,20190926,10.5,10.54,10.21,10.25,10.47,-0.22,-2.1012,33894.68,35051.707
002030.SZ,20190925,10.75,10.75,10.45,10.47,10.8,-0.33,-3.0556,42889.92,45337.969
002030.SZ,20190924,10.7,10.93,10.7,10.8,10.68,0.12,1.1236,42566.76,46152.006
002030.SZ,20190923,10.81,10.82,10.62,10.68,10.87,-0.19,-1.7479,30748.93,32830.308
002030.SZ,20190920,10.79,10.93,10.75,10.87,10.78,0.09,0.8349,38939.03,42265.727
002030.SZ,20190919,10.76,10.82,10.65,10.78,10.69,0.09,0.8419,29549.47,31709.012
002030.SZ,20190918,10.74,10.84,10.68,10.69,10.73,-0.04,-0.3728,29488.09,31705.469
002030.SZ,20190917,11.02,11.05,10.67,10.73,11.06,-0.33,-2.9837,55686.67,60157.037
002030.SZ,20190916,11.09,11.28,10.98,11.06,11.04,0.02,0.1812,73874.96,82138.231
002030.SZ,20190912,10.92,11.08,10.88,11.04,10.96,0.08,0.7299,51052.25,56166.526
002030.SZ,20190911,11.08,11.14,10.91,10.96,11.04,-0.08,-0.7246,58743.06,64705.817
002030.SZ,20190910,11.15,11.15,10.88,11.04,11.1,-0.06,-0.5405,82893.22,91197.21
002030.SZ,20190909,10.93,11.15,10.83,11.1,10.81,0.29,2.6827,95223.63,104985.067
002030.SZ,20190906,10.82,10.89,10.74,10.81,10.8,0.01,0.0926,46869.77,50688.893
002030.SZ,20190905,10.88,10.97,10.78,10.8,10.77,0.03,0.2786,68884.24,74926.248
002030.SZ,20190904,10.61,10.98,10.61,10.77,10.66,0.11,1.0319,65938.15,71084.56
002030.SZ,20190903,10.72,10.79,10.6,10.66,10.7,-0.04,-0.3738,35862.64,38240.487
002030.SZ,20190902,10.32,10.75,10.32,10.7,10.32,0.38,3.6822,69505.73,73809.806
002030.SZ,20190830,10.63,10.69,10.21,10.32,10.57,-0.25,-2.3652,47632.4,49947.108
002030.SZ,20190829,10.56,10.68,10.52,10.57,10.55,0.02,0.1896,33857.74,35795.554
002030.SZ,20190828,10.76,10.76,10.52,10.55,10.7,-0.15,-1.4019,45340.74,48036.131
002030.SZ,20190827,10.35,10.77,10.32,10.7,10.32,0.38,3.6822,75668.23,80434.875
002030.SZ,20190826,10.18,10.48,10.11,10.32,10.38,-0.06,-0.578,41501.97,42840.893
002030.SZ,20190823,10.31,10.49,10.3,10.38,10.33,0.05,0.484,44008.64,45759.362
002030.SZ,20190822,10.4,10.43,10.28,10.33,10.5,-0.17,-1.619,39479.45,40826.701
002030.SZ,20190821,10.23,10.69,10.16,10.5,10.23,0.27,2.6393,67281.23,70099.758
002030.SZ,20190820,10.3,10.36,10.22,10.23,10.33,-0.1,-0.9681,32795.99,33741.001
002030.SZ,20190819,10.19,10.34,10.08,10.33,9.99,0.34,3.4034,47471.06,48493.444
002030.SZ,20190816,9.9,10.07,9.87,9.99,9.93,0.06,0.6042,37125.66,37081.943
002030.SZ,20190815,9.65,9.99,9.58,9.93,9.94,-0.01,-0.1006,28230.81,27750.954
002030.SZ,20190814,10.0,10.03,9.9,9.94,9.84,0.1,1.0163,21182.96,21099.002
002030.SZ,20190813,9.94,9.97,9.81,9.84,9.97,-0.13,-1.3039,17972.76,17740.582
002030.SZ,20190812,9.83,9.97,9.81,9.97,9.82,0.15,1.5275,17877.83,17707.151
002030.SZ,20190809,9.91,10.04,9.8,9.82,9.9,-0.08,-0.8081,27215.99,27011.503
002030.SZ,20190808,9.9,9.98,9.87,9.9,9.88,0.02,0.2024,23031.35,22849.127
002030.SZ,20190807,9.9,10.0,9.88,9.88,9.89,-0.01,-0.1011,19975.71,19863.167
002030.SZ,20190806,10.05,10.06,9.74,9.89,10.24,-0.35,-3.418,48933.46,48528.268
002030.SZ,20190805,10.34,10.38,10.23,10.24,10.35,-0.11,-1.0628,29855.28,30725.465
002030.SZ,20190802,10.53,10.56,10.26,10.35,10.67,-0.32,-2.9991,53267.39,55340.15
002030.SZ,20190801,10.68,10.77,10.63,10.67,10.78,-0.11,-1.0204,30177.34,32218.599
002030.SZ,20190731,10.83,10.89,10.66,10.78,10.88,-0.1,-0.9191,46113.31,49544.787
002030.SZ,20190730,10.95,11.09,10.84,10.88,10.91,-0.03,-0.275,58240.94,63838.023
002030.SZ,20190729,11.0,11.02,10.84,10.91,11.04,-0.13,-1.1775,43282.13,47260.208
002030.SZ,20190726,10.96,11.17,10.91,11.04,11.06,-0.02,-0.1808,73525.42,81198.785
002030.SZ,20190725,10.67,11.16,10.67,11.06,10.61,0.45,4.2413,138227.15,151954.21
002030.SZ,20190724,10.6,10.73,10.59,10.61,10.6,0.01,0.0943,30313.78,32324.458
002030.SZ,20190723,10.5,10.65,10.46,10.6,10.52,0.08,0.7605,26158.08,27640.009
002030.SZ,20190722,10.9,10.9,10.51,10.52,10.74,-0.22,-2.0484,41373.23,43884.368
002030.SZ,20190719,10.62,10.89,10.62,10.74,10.62,0.12,1.1299,28808.31,31090.179
002030.SZ,20190718,10.93,10.95,10.62,10.62,10.91,-0.29,-2.6581,37543.03,40432.485
002030.SZ,20190717,10.89,10.97,10.82,10.91,10.89,0.02,0.1837,28514.2,31127.243
002030.SZ,20190716,10.84,11.06,10.82,10.89,10.82,0.07,0.647,42240.14,46212.721
002030.SZ,20190715,10.58,10.86,10.46,10.82,10.63,0.19,1.7874,36298.18,38864.903
002030.SZ,20190712,10.51,10.67,10.45,10.63,10.51,0.12,1.1418,23633.81,25052.802
002030.SZ,20190711,10.57,10.67,10.48,10.51,10.52,-0.01,-0.0951,21872.46,23141.322
002030.SZ,20190710,10.49,10.6,10.47,10.52,10.53,-0.01,-0.095,17759.36,18693.706
002030.SZ,20190709,10.62,10.68,10.42,10.53,10.61,-0.08,-0.754,26560.45,27970.187
002030.SZ,20190708,10.98,10.98,10.56,10.61,10.97,-0.36,-3.2817,45937.11,49074.7
002030.SZ,20190705,10.87,11.02,10.85,10.97,10.87,0.1,0.92,26003.61,28438.076
002030.SZ,20190704,10.93,10.99,10.84,10.87,10.91,-0.04,-0.3666,30511.79,33258.72
002030.SZ,20190703,11.03,11.03,10.89,10.91,11.04,-0.13,-1.1775,32125.58,35111.344
002030.SZ,20190702,11.07,11.09,10.98,11.04,11.07,-0.03,-0.271,41069.1,45289.719
002030.SZ,20190701,10.9,11.1,10.88,11.07,10.73,0.34,3.1687,54003.54,59486.324
002030.SZ,20190628,10.96,10.96,10.7,10.73,10.92,-0.19,-1.7399,28140.19,30321.956
002030.SZ,20190627,10.97,10.98,10.85,10.92,10.88,0.04,0.3676,33901.96,37014.253
002030.SZ,20190626,10.76,10.96,10.63,10.88,10.7,0.18,1.6822,43732.92,47436.592
002030.SZ,20190625,11.0,11.0,10.57,10.7,10.94,-0.24,-2.1938,51526.14,55165.264
002030.SZ,20190624,11.1,11.16,10.91,10.94,11.07,-0.13,-1.1743,36198.22,39697.172
002030.SZ,20190621,10.9,11.09,10.89,11.07,10.85,0.22,2.0276,57253.54,63055.6
002030.SZ,20190620,10.69,10.9,10.63,10.85,10.67,0.18,1.687,49352.21,53371.498
002030.SZ,20190619,10.7,10.82,10.66,10.67,10.55,0.12,1.1374,41430.62,44568.182
002030.SZ,20190618,10.65,10.65,10.49,10.55,10.61,-0.06,-0.5655,17934.74,18955.666
002030.SZ,20190617,10.5,10.72,10.47,10.61,10.44,0.17,1.6284,33625.62,35710.782
002030.SZ,20190614,10.74,10.74,10.42,10.48,10.66,-0.18,-1.6886,32709.25,34601.33
002030.SZ,20190613,10.52,10.75,10.5,10.66,10.62,0.04,0.3766,34956.0,37073.139
002030.SZ,20190612,10.64,10.75,10.61,10.62,10.71,-0.09,-0.8403,31889.48,33978.416
002030.SZ,20190611,10.37,10.73,10.34,10.71,10.34,0.37,3.5783,45163.91,48004.656
002030.SZ,20190610,10.31,10.46,10.23,10.34,10.31,0.03,0.291,18219.57,18849.401
002030.SZ,20190606,10.68,10.7,10.19,10.31,10.63,-0.32,-3.0103,37872.03,39280.0
002030.SZ,20190605,10.75,10.85,10.61,10.63,10.69,-0.06,-0.5613,23474.57,25112.741
002030.SZ,20190604,10.63,10.85,10.56,10.69,10.63,0.06,0.5644,40021.71,42783.158
002030.SZ,20190603,10.79,10.87,10.54,10.63,10.8,-0.17,-1.5741,37625.91,40135.606
002030.SZ,20190531,10.77,10.94,10.74,10.8,10.82,-0.02,-0.1848,30369.11,32889.463
002030.SZ,20190530,11.1,11.1,10.74,10.82,11.11,-0.29,-2.6103,71588.01,77603.435
002030.SZ,20190529,11.19,11.21,11.09,11.11,11.23,-0.12,-1.0686,53301.91,59379.11
002030.SZ,20190528,11.36,11.38,11.2,11.23,11.31,-0.08,-0.7073,58906.19,66568.645
002030.SZ,20190527,11.12,11.31,10.95,11.31,11.06,0.25,2.2604,50948.03,57077.122
002030.SZ,20190524,11.08,11.25,11.02,11.06,11.11,-0.05,-0.45,40960.04,45582.915
002030.SZ,20190523,11.18,11.31,11.05,11.11,11.18,-0.07,-0.6261,52274.77,58352.888
002030.SZ,20190522,11.25,11.34,11.08,11.18,11.4,-0.22,-1.9298,72166.47,80794.531
002030.SZ,20190521,10.83,11.55,10.83,11.4,10.79,0.61,5.6534,122067.21,138696.795
002030.SZ,20190520,10.89,10.89,10.54,10.79,10.83,-0.04,-0.3693,39361.99,42143.053
002030.SZ,20190517,11.23,11.26,10.8,10.83,11.22,-0.39,-3.4759,64678.83,71184.408
002030.SZ,20190516,11.13,11.24,11.04,11.22,11.1,0.12,1.0811,57730.21,64409.722
002030.SZ,20190515,11.04,11.12,10.98,11.1,10.92,0.18,1.6484,42426.66,46946.406
002030.SZ,20190514,10.79,11.05,10.71,10.92,11.0,-0.08,-0.7273,40874.6,44745.712
002030.SZ,20190513,11.06,11.15,10.95,11.0,11.09,-0.09,-0.8115,42801.8,47327.565
002030.SZ,20190510,10.96,11.13,10.63,11.09,10.84,0.25,2.3063,58962.96,64915.339
002030.SZ,20190509,11.0,11.09,10.82,10.84,11.11,-0.27,-2.4302,48529.87,53073.191
002030.SZ,20190508,10.73,11.18,10.6,11.11,10.96,0.15,1.3686,68663.72,75717.387
002030.SZ,20190507,10.61,11.14,10.61,10.96,10.66,0.3,2.8143,84370.24,92037.197
002030.SZ,20190506,11.0,11.59,10.56,10.66,11.67,-1.01,-8.6547,92479.9,101346.627
002030.SZ,20190430,11.35,11.75,11.35,11.67,11.32,0.35,3.0919,56360.12,65457.861
002030.SZ,20190429,11.81,11.92,11.21,11.32,11.82,-0.5,-4.2301,84018.25,96852.068
002030.SZ,20190426,12.05,12.1,11.82,11.82,12.02,-0.2,-1.6639,62652.29,74882.813
002030.SZ,20190425,12.61,12.62,12.0,12.02,12.6,-0.58,-4.6032,88618.01,108738.447
002030.SZ,20190424,12.53,12.61,12.28,12.6,12.49,0.11,0.8807,64678.28,80627.616
002030.SZ,20190423,12.86,12.86,12.39,12.49,12.8,-0.31,-2.4219,88372.11,110821.059
002030.SZ,20190422,13.02,13.07,12.76,12.8,13.01,-0.21,-1.6141,72973.39,93697.657
002030.SZ,20190419,12.97,13.08,12.84,13.01,12.81,0.2,1.5613,73851.56,95813.766
002030.SZ,20190418,13.15,13.15,12.8,12.81,13.05,-0.24,-1.8391,77958.98,100729.539
002030.SZ,20190417,13.1,13.16,12.92,13.05,13.06,-0.01,-0.0766,97812.4,127446.575
002030.SZ,20190416,12.75,13.08,12.7,13.06,12.84,0.22,1.7134,90001.33,116037.953
002030.SZ,20190415,13.14,13.33,12.81,12.84,13.08,-0.24,-1.8349,115983.31,151797.712
002030.SZ,20190412,13.08,13.3,12.71,13.08,13.53,-0.45,-3.3259,166503.67,217861.236
002030.SZ,20190411,14.53,14.59,13.51,13.53,14.2,-0.67,-4.7183,314018.09,438645.442
002030.SZ,20190410,13.31,14.3,13.28,14.2,13.28,0.92,6.9277,391130.17,547265.046
002030.SZ,20190409,13.1,13.35,13.0,13.28,13.19,0.09,0.6823,105482.36,139740.999
002030.SZ,20190408,13.68,13.71,12.95,13.19,13.55,-0.36,-2.6568,183624.96,243914.541
002030.SZ,20190404,13.78,13.84,13.41,13.55,13.79,-0.24,-1.7404,174927.03,238009.519
002030.SZ,20190403,13.64,13.84,13.54,13.79,13.72,0.07,0.5102,143090.81,195917.713
002030.SZ,20190402,14.03,14.03,13.65,13.72,13.82,-0.1,-0.7236,196373.32,270920.323
002030.SZ,20190401,13.37,13.86,13.36,13.82,13.3,0.52,3.9098,218618.07,299345.641
002030.SZ,20190329,13.26,13.38,12.65,13.3,13.28,0.02,0.1506,242319.92,317839.74
002030.SZ,20190328,13.68,13.97,13.25,13.28,13.81,-0.53,-3.8378,166263.58,225587.3
002030.SZ,20190327,13.96,14.05,13.5,13.81,13.79,0.02,0.145,166723.78,229014.182
002030.SZ,20190326,14.66,15.08,13.75,13.79,14.56,-0.77,-5.2885,307897.58,441189.736
002030.SZ,20190325,14.05,15.55,13.93,14.56,14.46,0.1,0.6916,385997.3,570319.879
002030.SZ,20190322,13.57,14.5,13.28,14.46,13.56,0.9,6.6372,373459.8,519005.073
002030.SZ,20190321,13.18,13.77,13.05,13.56,13.04,0.52,3.9877,293851.86,395824.767
002030.SZ,20190320,13.14,13.39,12.8,13.04,13.14,-0.1,-0.761,156530.31,205074.162
002030.SZ,20190319,12.95,13.32,12.88,13.14,12.86,0.28,2.1773,184405.15,241730.364
002030.SZ,20190318,12.62,12.9,12.56,12.86,12.56,0.3,2.3885,145617.17,186121.848
002030.SZ,20190315,12.56,12.84,12.43,12.56,12.49,0.07,0.5604,160095.8,202237.96
002030.SZ,20190314,13.0,13.19,12.21,12.49,13.29,-0.8,-6.0196,232339.19,294110.466
002030.SZ,20190313,13.55,13.96,13.12,13.29,13.55,-0.26,-1.9188,270447.35,367837.709
002030.SZ,20190312,13.94,14.0,13.26,13.55,13.69,-0.14,-1.0226,293129.74,398708.058
002030.SZ,20190311,12.75,13.7,12.75,13.69,12.64,1.05,8.307,309421.11,410257.557
002030.SZ,20190308,12.58,13.37,12.36,12.64,12.96,-0.32,-2.4691,285610.01,368090.669
002030.SZ,20190307,13.15,13.25,12.76,12.96,13.17,-0.21,-1.5945,302809.24,392971.168
002030.SZ,20190306,12.8,13.45,12.8,13.17,12.8,0.37,2.8906,299263.64,392580.887
002030.SZ,20190305,12.6,12.93,12.28,12.8,12.5,0.3,2.4,293032.85,371141.238
002030.SZ,20190304,11.86,12.88,11.86,12.5,11.71,0.79,6.7464,357802.0,441462.099
002030.SZ,20190301,11.98,11.98,11.5,11.71,11.88,-0.17,-1.431,163978.56,190823.159
002030.SZ,20190228,11.58,12.39,11.56,11.88,11.34,0.54,4.7619,261999.44,311627.761
002030.SZ,20190227,11.37,11.67,11.19,11.34,11.45,-0.11,-0.9607,164225.28,188431.273
002030.SZ,20190226,11.39,11.94,11.31,11.45,11.3,0.15,1.3274,274184.12,319991.906
002030.SZ,20190225,10.85,11.35,10.71,11.3,10.63,0.67,6.3029,245362.68,271017.351
002030.SZ,20190222,10.48,10.64,10.32,10.63,10.58,0.05,0.4726,125350.54,131498.831
002030.SZ,20190221,10.5,10.65,10.37,10.58,10.49,0.09,0.858,134563.36,141868.138
002030.SZ,20190220,10.7,10.7,10.4,10.49,10.69,-0.2,-1.8709,83538.3,88033.901
002030.SZ,20190219,10.91,10.96,10.42,10.69,10.57,0.12,1.1353,159714.41,170629.069
002030.SZ,20190218,10.2,10.63,10.2,10.57,10.19,0.38,3.7291,123353.66,129570.784
002030.SZ,20190215,10.23,10.37,10.15,10.19,10.27,-0.08,-0.779,78911.82,81058.196
002030.SZ,20190214,10.14,10.34,10.1,10.27,10.17,0.1,0.9833,87018.58,89180.861
002030.SZ,20190213,10.13,10.25,9.9,10.17,10.05,0.12,1.194,103986.61,105159.094
002030.SZ,20190212,9.75,10.2,9.7,10.05,9.75,0.3,3.0769,98565.79,98973.939
002030.SZ,20190211,9.72,9.76,9.48,9.75,9.35,0.4,4.2781,68753.83,66353.998
002030.SZ,20190201,9.04,9.46,9.03,9.35,8.96,0.39,4.3527,55221.84,51215.554
002030.SZ,20190131,9.13,9.24,8.75,8.96,9.12,-0.16,-1.7544,63212.71,57040.626
002030.SZ,20190130,9.26,9.36,9.09,9.12,9.29,-0.17,-1.8299,41469.11,38247.436
002030.SZ,20190129,9.79,9.79,9.1,9.29,9.75,-0.46,-4.7179,64978.18,60918.998
002030.SZ,20190128,9.99,10.0,9.73,9.75,9.87,-0.12,-1.2158,49010.79,48350.363
002030.SZ,20190125,10.0,10.02,9.85,9.87,10.05,-0.18,-1.791,53965.67,53501.22
002030.SZ,20190124,9.93,10.15,9.82,10.05,9.91,0.14,1.4127,54517.27,54369.992
002030.SZ,20190123,9.98,10.02,9.91,9.91,9.97,-0.06,-0.6018,30647.48,30519.553
002030.SZ,20190122,10.22,10.23,9.94,9.97,10.17,-0.2,-1.9666,45806.01,46112.619
002030.SZ,20190121,10.1,10.27,10.05,10.17,10.03,0.14,1.3958,57359.11,58426.527
002030.SZ,20190118,9.87,10.09,9.87,10.03,9.87,0.16,1.6211,57155.11,57062.975
002030.SZ,20190117,10.13,10.19,9.83,9.87,10.12,-0.25,-2.4704,68739.18,68734.555
002030.SZ,20190116,10.2,10.24,10.09,10.12,10.19,-0.07,-0.6869,49937.3,50720.649
002030.SZ,20190115,10.11,10.2,9.96,10.19,10.18,0.01,0.0982,65439.77,66119.515
002030.SZ,20190114,10.1,10.28,10.05,10.18,10.16,0.02,0.1969,58469.33,59391.307
002030.SZ,20190111,10.16,10.21,10.03,10.16,10.25,-0.09,-0.878,67387.26,68156.267
002030.SZ,20190110,10.15,10.54,10.1,10.25,10.15,0.1,0.9852,94893.51,97965.186
002030.SZ,20190109,10.15,10.35,10.11,10.15,10.12,0.03,0.2964,84516.54,86550.202
002030.SZ,20190108,10.2,10.22,10.08,10.12,10.19,-0.07,-0.6869,53866.09,54660.929
002030.SZ,20190107,10.19,10.29,10.13,10.19,10.1,0.09,0.8911,77123.94,78728.507
002030.SZ,20190104,9.65,10.13,9.65,10.1,9.86,0.24,2.4341,92616.83,92578.604
002030.SZ,20190103,9.95,10.25,9.75,9.86,9.99,-0.13,-1.3013,80830.82,80683.996
002030.SZ,20190102,10.11,10.39,9.9,9.99,10.16,-0.17,-1.6732,107397.07,108337.293
002030.SZ,20181228,9.71,10.31,9.59,10.16,9.51,0.65,6.8349,166436.99,165881.953
002030.SZ,20181227,10.36,10.39,9.5,9.51,10.2,-0.69,-6.7647,121368.24,120045.217
002030.SZ,20181226,10.33,10.43,10.2,10.2,10.34,-0.14,-1.354,40431.14,41530.201
002030.SZ,20181225,10.95,10.95,10.05,10.34,11.05,-0.71,-6.4253,115854.8,119460.742
002030.SZ,20181224,11.08,11.1,11.0,11.05,11.03,0.02,0.1813,43096.94,47618.295
002030.SZ,20181221,11.12,11.22,10.95,11.03,11.19,-0.16,-1.4298,48810.19,54017.472
002030.SZ,20181220,11.14,11.25,11.01,11.19,11.2,-0.01,-0.0893,44285.63,49441.65
002030.SZ,20181219,11.4,11.4,11.12,11.2,11.39,-0.19,-1.6681,43123.8,48382.37
002030.SZ,20181218,11.2,11.47,11.16,11.39,11.29,0.1,0.8857,44988.75,51071.652
002030.SZ,20181217,11.23,11.36,11.1,11.29,11.32,-0.03,-0.265,36472.98,40999.93
002030.SZ,20181214,11.66,11.66,11.27,11.32,11.65,-0.33,-2.8326,71992.09,82136.75
002030.SZ,20181213,11.6,11.74,11.43,11.65,11.59,0.06,0.5177,56699.1,65967.422
002030.SZ,20181212,11.7,11.72,11.54,11.59,11.64,-0.05,-0.4296,33832.43,39257.292
002030.SZ,20181211,11.58,11.65,11.51,11.64,11.5,0.14,1.2174,46672.62,54114.99
002030.SZ,20181210,11.68,11.68,11.42,11.5,11.74,-0.24,-2.0443,52658.74,60684.43
002030.SZ,20181207,11.88,12.0,11.61,11.74,11.88,-0.14,-1.1785,73531.21,86219.747
002030.SZ,20181206,12.1,12.38,11.84,11.88,12.21,-0.33,-2.7027,102838.11,123991.908
002030.SZ,20181205,11.88,12.43,11.8,12.21,12.15,0.06,0.4938,105396.88,128243.692
002030.SZ,20181204,11.93,12.26,11.89,12.15,11.97,0.18,1.5038,108372.07,131299.826
002030.SZ,20181203,11.8,11.97,11.62,11.97,11.53,0.44,3.8161,146363.35,173282.36
002030.SZ,20181130,11.89,11.98,11.33,11.53,11.89,-0.36,-3.0278,144049.15,166683.696
002030.SZ,20181129,12.31,12.53,11.8,11.89,12.28,-0.39,-3.1759,108504.32,133042.381
002030.SZ,20181128,12.45,12.58,12.04,12.28,12.56,-0.28,-2.2293,115341.02,141189.03
002030.SZ,20181127,12.78,12.78,12.43,12.56,12.66,-0.1,-0.7899,80183.44,100874.835
002030.SZ,20181126,12.35,12.77,12.33,12.66,12.54,0.12,0.9569,92232.04,115862.851
002030.SZ,20181123,13.2,13.23,12.36,12.54,12.97,-0.43,-3.3153,153282.93,195646.251
002030.SZ,20181122,12.94,13.44,12.9,12.97,13.0,-0.03,-0.2308,174058.62,227854.931
002030.SZ,20181121,12.19,13.07,12.16,13.0,12.47,0.53,4.2502,214945.29,274973.486
002030.SZ,20181120,12.83,12.94,12.45,12.47,13.0,-0.53,-4.0769,146959.75,185626.376
002030.SZ,20181119,13.45,13.59,12.87,13.0,13.22,-0.22,-1.6641,163574.89,213818.671
002030.SZ,20181116,12.94,13.45,12.85,13.22,12.84,0.38,2.9595,236332.55,310737.844
002030.SZ,20181115,12.54,13.2,12.41,12.84,12.54,0.3,2.3923,182268.13,232347.588
002030.SZ,20181114,12.53,12.86,12.42,12.54,12.52,0.02,0.1597,170818.05,215769.075
002030.SZ,20181113,12.13,12.53,12.01,12.52,12.29,0.23,1.8714,166915.48,205151.401
002030.SZ,20181112,12.14,12.29,11.87,12.29,12.15,0.14,1.1523,119171.15,144040.84
002030.SZ,20181109,12.35,12.4,12.08,12.15,12.51,-0.36,-2.8777,128729.18,157388.258
002030.SZ,20181108,12.13,12.78,12.06,12.51,11.98,0.53,4.424,239566.2,298930.456
002030.SZ,20181107,12.02,12.16,11.93,11.98,12.05,-0.07,-0.5809,88287.55,106353.162
002030.SZ,20181106,12.15,12.2,11.81,12.05,12.13,-0.08,-0.6595,85746.79,102616.616
002030.SZ,20181105,11.9,12.19,11.77,12.13,11.9,0.23,1.9328,148091.46,177748.332
002030.SZ,20181102,11.72,11.95,11.56,11.9,11.56,0.34,2.9412,151253.47,177636.233
002030.SZ,20181101,11.57,11.98,11.41,11.56,11.42,0.14,1.2259,171134.12,199237.172
002030.SZ,20181031,11.4,11.59,11.26,11.42,11.3,0.12,1.0619,97527.68,111096.783
002030.SZ,20181030,11.65,11.7,10.95,11.3,11.65,-0.35,-3.0043,112908.48,127341.977
002030.SZ,20181029,11.93,12.08,11.51,11.65,11.79,-0.14,-1.1874,78838.61,92843.834
002030.SZ,20181026,12.32,12.45,11.75,11.79,12.14,-0.35,-2.883,96446.68,115858.375
002030.SZ,20181025,12.12,12.33,11.97,12.14,12.6,-0.46,-3.6508,82204.68,99931.777
002030.SZ,20181024,13.11,13.2,12.42,12.6,13.3,-0.7,-5.2632,134473.02,171016.405
002030.SZ,20181023,13.92,14.0,13.1,13.3,13.91,-0.61,-4.3853,66518.38,89243.121
002030.SZ,20181022,13.65,14.22,13.65,13.91,13.55,0.36,2.6568,89479.09,124782.509
002030.SZ,20181019,12.99,13.65,12.76,13.55,13.06,0.49,3.7519,46739.83,62587.716
002030.SZ,20181018,13.7,13.7,12.89,13.06,13.7,-0.64,-4.6715,36068.2,48036.244
002030.SZ,20181017,14.21,14.4,13.06,13.7,14.2,-0.5,-3.5211,68130.5,93157.843
002030.SZ,20181016,15.5,15.75,14.2,14.2,15.78,-1.58,-10.0127,93848.53,137424.475
002030.SZ,20181015,16.46,16.81,15.77,15.78,16.8,-1.02,-6.0714,61923.66,100508.917
002030.SZ,20181012,17.93,17.99,16.35,16.8,18.15,-1.35,-7.438,61875.04,106811.087
002030.SZ,20181011,18.07,18.42,17.5,18.15,18.55,-0.4,-2.1563,78501.19,141117.673
002030.SZ,20181010,18.38,18.69,18.29,18.55,18.39,0.16,0.87,36709.68,68095.763
002030.SZ,20181009,18.18,18.46,18.17,18.39,18.32,0.07,0.3821,29653.18,54344.784
002030.SZ,20181008,18.25,18.33,17.81,18.32,18.29,0.03,0.164,49943.04,90665.727
002030.SZ,20180928,18.28,18.34,18.22,18.29,18.3,-0.01,-0.0546,25597.34,46828.385
002030.SZ,20180927,18.3,18.31,18.17,18.3,18.3,0.0,0.0,35833.92,65374.332
002030.SZ,20180926,18.24,18.34,18.15,18.3,18.22,0.08,0.4391,40054.09,73123.304
002030.SZ,20180925,17.96,18.22,17.88,18.22,18.02,0.2,1.1099,44814.02,80928.531
002030.SZ,20180921,17.69,18.05,17.67,18.02,17.84,0.18,1.009,34094.56,60988.375
002030.SZ,20180920,17.74,17.85,17.52,17.84,17.77,0.07,0.3939,49063.62,86683.61
002030.SZ,20180919,17.88,17.95,17.77,17.77,17.89,-0.12,-0.6708,27165.73,48506.172
002030.SZ,20180918,17.75,17.91,17.7,17.89,17.89,0.0,0.0,28095.74,50084.235
002030.SZ,20180917,17.83,17.89,17.42,17.89,17.9,-0.01,-0.0559,51742.28,91470.168
002030.SZ,20180914,17.86,17.93,17.7,17.9,17.95,-0.05,-0.2786,39515.44,70502.184
002030.SZ,20180913,17.89,18.05,17.57,17.95,17.95,0.0,0.0,53987.47,96184.191
002030.SZ,20180912,17.95,18.05,17.8,17.95,17.91,0.04,0.2233,33330.8,59738.775
002030.SZ,20180911,17.82,17.97,17.74,17.91,17.79,0.12,0.6745,43552.69,77789.841
002030.SZ,20180910,17.65,17.88,17.46,17.79,17.7,0.09,0.5085,36826.1,65200.11
002030.SZ,20180907,17.62,17.88,17.35,17.7,17.7,0.0,0.0,46384.35,81638.688
002030.SZ,20180906,17.63,17.73,17.44,17.7,17.7,0.0,0.0,37920.16,66740.579
002030.SZ,20180905,17.6,17.73,17.41,17.7,17.73,-0.03,-0.1692,45218.14,79517.481
002030.SZ,20180904,17.7,17.9,17.38,17.73,17.99,-0.26,-1.4452,38658.86,68432.637
002030.SZ,20180903,17.99,17.99,16.81,17.99,18.08,-0.09,-0.4978,89935.02,156677.007
002030.SZ,20180831,18.18,18.18,17.86,18.08,18.22,-0.14,-0.7684,71657.09,129116.647
002030.SZ,20180830,18.22,18.29,17.84,18.22,18.22,0.0,0.0,67756.6,122511.313
002030.SZ,20180829,17.5,18.74,17.5,18.22,17.63,0.59,3.3466,85110.81,153872.544
002030.SZ,20180828,17.35,17.77,17.26,17.63,17.35,0.28,1.6138,52132.95,91527.693
002030.SZ,20180827,17.17,17.45,17.12,17.35,17.27,0.08,0.4632,24924.81,43318.809
002030.SZ,20180824,17.11,17.32,17.09,17.27,17.17,0.1,0.5824,27890.69,48074.121
002030.SZ,20180823,17.02,17.37,17.02,17.17,17.19,-0.02,-0.1163,37034.03,63912.872
002030.SZ,20180822,17.08,17.3,16.81,17.19,17.15,0.04,0.2332,41384.02,70724.596
002030.SZ,20180821,17.15,17.23,16.96,17.15,17.2,-0.05,-0.2907,33992.5,58115.878
002030.SZ,20180820,17.1,17.24,16.91,17.2,17.1,0.1,0.5848,42368.6,72426.513
002030.SZ,20180817,16.75,17.1,16.63,17.1,16.81,0.29,1.7252,72947.22,123445.172
002030.SZ,20180816,16.33,16.85,16.2,16.81,16.48,0.33,2.0024,55922.8,92943.652
002030.SZ,20180815,16.4,16.48,15.9,16.48,16.28,0.2,1.2285,45331.73,73650.465
002030.SZ,20180814,16.24,16.48,16.23,16.28,16.29,-0.01,-0.0614,14190.5,23161.033
002030.SZ,20180813,16.2,16.42,16.17,16.29,16.3,-0.01,-0.0613,25028.73,40754.696
002030.SZ,20180810,16.45,16.59,16.3,16.3,16.57,-0.27,-1.6295,42748.34,70207.091
002030.SZ,20180809,16.8,16.96,16.5,16.57,16.85,-0.28,-1.6617,40473.45,67987.265
002030.SZ,20180808,16.79,16.85,16.65,16.85,16.81,0.04,0.238,35263.12,59137.622
002030.SZ,20180807,16.58,16.85,16.35,16.81,16.6,0.21,1.2651,51978.4,86550.507
002030.SZ,20180806,16.69,16.7,16.21,16.6,16.54,0.06,0.3628,43178.84,71147.859
002030.SZ,20180803,16.35,16.75,16.3,16.54,16.46,0.08,0.486,45120.93,74529.626
002030.SZ,20180802,16.2,16.47,15.81,16.46,16.25,0.21,1.2923,43939.6,70856.217
002030.SZ,20180801,16.23,16.3,16.04,16.25,16.21,0.04,0.2468,24205.9,39165.439
002030.SZ,20180731,16.07,16.33,15.99,16.21,16.1,0.11,0.6832,27169.94,43943.827
002030.SZ,20180730,16.0,16.15,15.72,16.1,16.06,0.04,0.2491,39229.19,62632.807
002030.SZ,20180727,16.11,16.15,15.93,16.06,16.08,-0.02,-0.1244,28353.06,45421.46
002030.SZ,20180726,16.05,16.1,15.85,16.08,16.08,0.0,0.0,29190.97,46707.681
002030.SZ,20180725,16.0,16.16,15.81,16.08,16.09,-0.01,-0.0622,26791.38,42963.527
002030.SZ,20180724,15.9,16.19,15.61,16.09,16.16,-0.07,-0.4332,51232.72,81960.901
002030.SZ,20180723,15.94,16.23,14.91,16.16,16.2,-0.04,-0.2469,99120.56,152822.708
002030.SZ,20180720,16.1,16.24,16.01,16.2,16.11,0.09,0.5587,20064.52,32434.581
002030.SZ,20180719,16.09,16.35,16.08,16.11,16.03,0.08,0.5,20703.44,33544.77
002030.SZ,20180718,16.35,16.54,16.01,16.03,16.41,-0.38,-2.32,35625.25,57868.816
002030.SZ,20180717,16.45,16.45,16.15,16.41,16.46,-0.05,-0.3,23692.41,38659.831
002030.SZ,20180716,16.26,16.54,16.07,16.46,16.35,0.11,0.67,38449.58,62812.822
002030.SZ,20180713,15.95,16.66,15.9,16.35,15.95,0.4,2.51,65932.45,108023.121
002030.SZ,20180712,15.71,16.08,15.71,15.95,15.83,0.12,0.76,33624.71,53658.292
002030.SZ,20180711,15.81,15.9,15.3,15.83,15.83,0.0,0.0,32083.85,50005.67
002030.SZ,20180710,15.8,15.97,15.72,15.83,15.81,0.02,0.13,17215.71,27285.775
002030.SZ,20180709,15.8,15.92,15.69,15.81,15.73,0.08,0.51,22389.99,35374.158
002030.SZ,20180706,16.03,16.2,15.71,15.73,16.1,-0.37,-2.3,32089.93,51190.251
002030.SZ,20180705,16.04,16.13,15.83,16.1,16.04,0.06,0.37,37323.95,59730.931
002030.SZ,20180704,15.71,16.05,15.4,16.04,15.9,0.14,0.88,43578.11,68684.648
002030.SZ,20180703,15.52,15.93,15.32,15.9,15.66,0.24,1.53,46383.46,72816.889
002030.SZ,20180702,15.39,15.68,15.28,15.66,15.42,0.24,1.56,41843.61,64754.729
002030.SZ,20180629,15.12,15.55,15.07,15.42,15.17,0.25,1.65,35315.94,54134.481
002030.SZ,20180628,15.16,15.23,14.88,15.17,15.16,0.01,0.07,32413.62,48843.155
002030.SZ,20180627,15.12,15.26,15.01,15.16,15.12,0.04,0.26,20776.4,31514.947
002030.SZ,20180626,14.94,15.16,14.81,15.12,15.07,0.05,0.33,29379.81,44246.16
002030.SZ,20180625,15.09,15.25,14.94,15.07,14.9,0.17,1.14,27751.3,41887.854
002030.SZ,20180622,14.65,14.98,14.45,14.9,14.66,0.24,1.64,24831.99,36829.703
002030.SZ,20180621,14.79,14.95,14.41,14.66,14.68,-0.02,-0.14,33517.14,49399.885
002030.SZ,20180620,14.34,14.82,14.06,14.68,14.55,0.13,0.89,38494.26,55859.154
002030.SZ,20180619,15.08,15.08,13.74,14.55,15.27,-0.72,-4.72,70741.72,101073.957
002030.SZ,20180615,15.7,15.7,14.61,15.27,15.5,-0.23,-1.48,51095.85,77094.306
002030.SZ,20180614,16.8,17.47,16.72,17.08,16.8,0.28,1.67,47298.5,81557.865
002030.SZ,20180613,17.25,17.25,16.78,16.8,17.26,-0.46,-2.67,31023.51,52839.854
002030.SZ,20180612,17.01,17.27,17.01,17.26,17.1,0.16,0.94,19435.59,33374.207
002030.SZ,20180611,17.28,17.37,17.09,17.1,17.2,-0.1,-0.58,22928.07,39549.219
002030.SZ,20180608,17.3,17.32,16.95,17.2,17.2,0.0,0.0,35941.7,61552.802
002030.SZ,20180607,17.32,17.4,17.16,17.2,17.31,-0.11,-0.64,26164.91,45136.143
002030.SZ,20180606,17.07,17.32,17.07,17.31,17.21,0.1,0.58,35284.01,60722.533
002030.SZ,20180605,16.69,17.24,16.65,17.21,16.65,0.56,3.36,47217.15,80498.461
002030.SZ,20180604,16.53,16.74,16.53,16.65,16.67,-0.02,-0.12,33151.38,55073.121
002030.SZ,20180601,16.62,16.83,16.25,16.67,16.66,0.01,0.06,31467.49,52077.962
002030.SZ,20180531,16.46,16.9,16.44,16.66,16.37,0.29,1.77,38899.64,64848.917
002030.SZ,20180530,16.53,17.17,16.36,16.37,17.1,-0.73,-4.27,75898.56,127088.826
002030.SZ,20180529,16.54,17.54,16.53,17.1,16.58,0.52,3.14,110318.31,190681.819
002030.SZ,20180528,17.08,17.08,16.55,16.58,17.2,-0.62,-3.6,62546.67,104783.661
002030.SZ,20180525,17.25,17.32,17.12,17.2,17.25,-0.05,-0.29,29994.32,51666.213
002030.SZ,20180524,17.15,17.33,17.07,17.25,17.17,0.08,0.47,30674.2,52877.045
002030.SZ,20180523,17.32,17.51,17.01,17.17,17.42,-0.25,-1.44,57230.78,98435.588
002030.SZ,20180522,17.1,17.43,17.1,17.42,17.16,0.26,1.52,46485.42,80589.556
002030.SZ,20180521,17.19,17.29,17.1,17.16,17.11,0.05,0.29,32423.09,55767.86
002030.SZ,20180518,17.36,17.45,17.01,17.11,17.35,-0.24,-1.38,49910.78,85510.268
002030.SZ,20180517,17.42,17.54,17.23,17.35,17.5,-0.15,-0.86,56292.18,97578.907
002030.SZ,20180516,16.93,17.73,16.87,17.5,16.98,0.52,3.06,118319.71,207032.707
002030.SZ,20180515,16.95,17.08,16.8,16.98,17.0,-0.02,-0.12,57699.07,97736.251
002030.SZ,20180514,17.0,17.25,16.87,17.0,17.2,-0.2,-1.16,43664.75,74562.797
002030.SZ,20180511,17.32,17.78,17.1,17.2,17.34,-0.14,-0.81,74378.14,129697.289
002030.SZ,20180510,17.03,17.34,17.03,17.34,17.1,0.24,1.4,57407.95,98653.84
002030.SZ,20180509,17.28,17.37,16.94,17.1,17.38,-0.28,-1.61,69014.67,118161.41
002030.SZ,20180508,17.4,17.56,17.21,17.38,17.4,-0.02,-0.11,56431.27,98091.319
002030.SZ,20180507,17.1,17.45,17.1,17.4,17.1,0.3,1.75,75582.94,131128.335
002030.SZ,20180504,17.24,17.24,16.91,17.1,17.18,-0.08,-0.47,51806.67,88464.247
002030.SZ,20180503,16.87,17.2,16.7,17.18,17.11,0.07,0.41,75409.78,128259.26
002030.SZ,20180502,16.79,17.29,16.51,17.11,16.71,0.4,2.39,94546.32,160712.927
002030.SZ,20180427,16.39,16.83,16.31,16.71,16.33,0.38,2.33,56579.01,94075.032
002030.SZ,20180426,16.84,16.84,16.33,16.33,16.9,-0.57,-3.37,62804.3,103879.563
002030.SZ,20180425,16.34,17.3,16.26,16.9,16.46,0.44,2.67,94380.89,158971.525
002030.SZ,20180424,16.21,16.54,16.06,16.46,16.22,0.24,1.48,48564.45,79437.665
002030.SZ,20180423,15.81,16.23,15.75,16.22,15.98,0.24,1.5,52281.77,83957.081
002030.SZ,20180420,16.69,16.84,15.95,15.98,16.62,-0.64,-3.85,79997.77,131329.906
002030.SZ,20180419,16.5,16.64,16.28,16.62,16.49,0.13,0.79,68216.27,112406.659
002030.SZ,20180418,16.18,16.49,15.75,16.49,16.1,0.39,2.42,71339.91,115451.621
002030.SZ,20180417,16.29,16.32,16.06,16.1,16.29,-0.19,-1.17,55817.84,90241.989
002030.SZ,20180416,16.1,16.42,15.9,16.29,16.29,0.0,0.0,62102.43,100656.457
002030.SZ,20180413,16.52,16.95,16.21,16.29,16.46,-0.17,-1.03,93269.1,153785.097
002030.SZ,20180412,16.27,16.55,16.13,16.46,16.27,0.19,1.17,91590.12,149946.458
002030.SZ,20180411,16.21,16.48,16.11,16.27,16.2,0.07,0.43,77954.99,126991.795
002030.SZ,20180410,16.27,16.36,15.97,16.2,16.21,-0.01,-0.06,85655.66,138060.343
002030.SZ,20180409,15.75,16.29,15.62,16.21,15.85,0.36,2.27,102154.98,164031.951
002030.SZ,20180404,16.21,16.76,15.79,15.85,16.19,-0.34,-2.1,131079.69,213174.732
002030.SZ,20180403,15.71,16.67,15.63,16.19,16.02,0.17,1.06,161380.78,262694.719
002030.SZ,20180402,16.1,16.32,15.9,16.02,16.17,-0.15,-0.93,97600.54,157326.556
002030.SZ,20180330,15.64,16.37,15.62,16.17,15.81,0.36,2.28,193425.96,311928.598
002030.SZ,20180329,16.41,16.42,15.8,15.81,15.73,0.08,0.51,264456.41,425875.668
002030.SZ,20180328,14.1,15.73,14.08,15.73,14.3,1.43,10.0,86663.76,134280.3
002030.SZ,20180327,14.11,14.46,14.06,14.3,13.9,0.4,2.88,50071.12,71415.342
002030.SZ,20180326,13.61,14.05,13.11,13.9,13.73,0.17,1.24,52374.32,71397.354
002030.SZ,20180323,14.55,14.55,13.56,13.73,14.9,-1.17,-7.85,82664.1,116507.306
002030.SZ,20180322,15.04,15.15,14.85,14.9,15.02,-0.12,-0.8,38889.41,58308.877
002030.SZ,20180321,15.3,15.36,15.01,15.02,15.3,-0.28,-1.83,70011.35,106501.59
002030.SZ,20180320,14.59,15.5,14.4,15.3,14.71,0.59,4.01,110142.74,166613.678
002030.SZ,20180319,14.61,14.88,14.61,14.71,14.65,0.06,0.41,33102.58,48905.337
002030.SZ,20180316,14.67,14.89,14.65,14.65,14.64,0.01,0.07,30983.99,45716.687
002030.SZ,20180315,14.75,14.91,14.44,14.64,14.69,-0.05,-0.34,40267.03,59014.068
002030.SZ,20180314,15.08,15.11,14.67,14.69,15.11,-0.42,-2.78,56365.47,83778.111
002030.SZ,20180313,15.35,15.35,15.1,15.11,15.35,-0.24,-1.56,58289.99,88554.825
002030.SZ,20180312,15.3,15.55,15.16,15.35,15.28,0.07,0.46,82669.7,126824.975
002030.SZ,20180309,14.8,15.37,14.73,15.28,14.84,0.44,2.97,80797.42,121584.261
002030.SZ,20180308,14.67,14.98,14.6,14.84,14.78,0.06,0.41,47843.4,70804.23
002030.SZ,20180307,14.58,15.17,14.56,14.78,14.69,0.09,0.61,77846.79,116317.426
002030.SZ,20180306,14.56,14.8,14.5,14.69,14.55,0.14,0.96,54364.39,79822.057
002030.SZ,20180305,14.5,14.72,14.35,14.55,14.57,-0.02,-0.14,42944.95,62249.228
002030.SZ,20180302,14.64,14.87,14.5,14.57,14.67,-0.1,-0.68,54247.98,79512.328
002030.SZ,20180301,14.29,14.73,14.18,14.67,14.3,0.37,2.59,63398.54,92137.511
002030.SZ,20180228,14.2,14.5,14.03,14.3,14.37,-0.07,-0.49,35909.53,51247.325
002030.SZ,20180227,14.6,14.63,14.32,14.37,14.5,-0.13,-0.9,52098.79,75194.845
002030.SZ,20180226,13.84,14.58,13.84,14.5,13.84,0.66,4.77,68664.7,97807.333
002030.SZ,20180223,13.55,14.18,13.51,13.84,13.54,0.3,2.22,50799.5,70702.572
002030.SZ,20180222,13.56,13.56,13.33,13.54,13.29,0.25,1.88,23511.31,31694.238
002030.SZ,20180214,13.32,13.43,13.24,13.29,13.31,-0.02,-0.15,18006.42,23954.291
002030.SZ,20180213,13.39,13.64,13.31,13.31,13.41,-0.1,-0.75,32091.62,43205.38
002030.SZ,20180212,13.06,13.45,13.06,13.41,13.05,0.36,2.76,34131.27,45572.959
002030.SZ,20180209,13.21,13.5,12.78,13.05,13.55,-0.5,-3.69,51477.28,67741.135
002030.SZ,20180208,12.94,13.62,12.91,13.55,12.95,0.6,4.63,53629.38,71686.218
002030.SZ,20180207,13.2,13.29,12.59,12.95,12.82,0.13,1.01,55805.51,72394.287
002030.SZ,20180206,13.62,14.08,12.82,12.82,13.67,-0.85,-6.22,66393.76,89489.133
002030.SZ,20180205,13.42,13.97,13.42,13.67,13.98,-0.31,-2.22,43478.02,59787.194
002030.SZ,20180202,14.6,14.6,13.21,13.98,14.61,-0.63,-4.31,72444.66,100993.827
002030.SZ,20180201,16.08,16.14,14.56,14.61,16.09,-1.48,-9.2,95732.02,144846.342
002030.SZ,20180131,17.29,17.29,15.96,16.09,17.29,-1.2,-6.94,102941.02,168326.034
002030.SZ,20180130,17.4,17.54,17.26,17.29,17.47,-0.18,-1.03,27886.31,48446.688
002030.SZ,20180129,17.66,17.83,17.45,17.47,17.65,-0.18,-1.02,33362.18,58749.993
002030.SZ,20180126,17.74,17.8,17.63,17.65,17.75,-0.1,-0.56,29009.88,51320.335
002030.SZ,20180125,17.77,17.94,17.69,17.75,17.79,-0.04,-0.22,41654.89,74269.537
002030.SZ,20180124,17.61,17.85,17.56,17.79,17.65,0.14,0.79,41920.07,74347.371
002030.SZ,20180123,17.66,17.83,17.55,17.65,17.62,0.03,0.17,31255.34,55244.084
002030.SZ,20180122,17.58,17.66,17.3,17.62,17.57,0.05,0.28,30346.12,53114.141
002030.SZ,20180119,17.55,17.71,17.52,17.57,17.54,0.03,0.17,30599.28,53899.52
002030.SZ,20180118,17.73,17.77,17.47,17.54,17.77,-0.23,-1.29,35332.72,62306.118
002030.SZ,20180117,18.23,18.26,17.32,17.77,18.29,-0.52,-2.84,70245.98,125160.929
002030.SZ,20180116,18.34,18.35,18.12,18.29,18.5,-0.21,-1.14,47058.34,85801.409
002030.SZ,20180115,18.35,19.25,18.32,18.5,18.28,0.22,1.2,97005.58,182112.879
002030.SZ,20180112,18.44,18.46,18.23,18.28,18.48,-0.2,-1.08,36547.1,67048.657
002030.SZ,20180111,18.4,18.52,18.38,18.48,18.44,0.04,0.22,28798.83,53196.35
002030.SZ,20180110,18.83,18.87,18.37,18.44,18.83,-0.39,-2.07,46629.19,86430.914
002030.SZ,20180109,18.78,18.95,18.72,18.83,18.76,0.07,0.37,56716.81,106930.223
002030.SZ,20180108,18.71,18.79,18.59,18.76,18.68,0.08,0.43,35153.44,65693.19
002030.SZ,20180105,18.85,18.92,18.6,18.68,18.93,-0.25,-1.32,45607.75,85297.891
002030.SZ,20180104,18.88,19.09,18.77,18.93,18.93,0.0,0.0,53808.8,101842.397
002030.SZ,20180103,18.7,18.95,18.63,18.93,18.69,0.24,1.28,53419.48,100274.689
002030.SZ,20180102,18.6,18.74,18.51,18.69,18.58,0.11,0.59,38410.0,71635.128
002030.SZ,20171229,18.72,18.79,18.51,18.58,18.52,0.06,0.32,33934.18,63154.476
002030.SZ,20171228,18.4,18.68,18.27,18.52,18.4,0.12,0.65,33428.03,61750.286
002030.SZ,20171227,18.47,18.71,18.35,18.4,18.46,-0.06,-0.33,27030.76,50067.431
002030.SZ,20171226,18.35,18.48,18.27,18.46,18.33,0.13,0.71,23013.08,42349.507
002030.SZ,20171225,18.24,18.48,18.15,18.33,18.33,0.0,0.0,23249.54,42661.2
002030.SZ,20171222,18.35,18.46,18.21,18.33,18.28,0.05,0.27,25220.92,46313.152
002030.SZ,20171221,18.23,18.42,18.1,18.28,18.21,0.07,0.38,29622.92,54080.543
002030.SZ,20171220,18.54,18.58,18.2,18.21,18.49,-0.28,-1.51,29327.47,53660.842
002030.SZ,20171219,18.38,18.52,18.37,18.49,18.37,0.12,0.65,20450.43,37759.181
002030.SZ,20171218,18.76,18.78,18.27,18.37,18.73,-0.36,-1.92,32811.79,60384.533
002030.SZ,20171215,18.62,18.9,18.56,18.73,18.64,0.09,0.48,29018.23,54487.803
002030.SZ,20171214,18.63,18.82,18.62,18.64,18.66,-0.02,-0.11,24435.87,45711.749
002030.SZ,20171213,18.66,18.7,18.46,18.66,18.6,0.06,0.32,23214.16,43121.0
002030.SZ,20171212,18.98,19.0,18.6,18.6,18.94,-0.34,-1.8,26622.54,49909.173
002030.SZ,20171211,18.85,19.15,18.85,18.94,18.97,-0.03,-0.16,32328.11,61279.894
002030.SZ,20171208,18.66,19.08,18.62,18.97,18.7,0.27,1.44,40461.86,76547.38
002030.SZ,20171207,18.42,18.78,18.38,18.7,18.45,0.25,1.36,41015.66,76266.208
002030.SZ,20171206,18.33,18.49,18.22,18.45,18.33,0.12,0.65,29902.87,54945.305
002030.SZ,20171205,18.68,18.82,18.1,18.33,18.65,-0.32,-1.72,42822.42,79053.142
002030.SZ,20171204,19.08,19.08,18.59,18.65,19.11,-0.46,-2.41,42319.5,79594.474
002030.SZ,20171201,18.82,19.27,18.75,19.11,18.84,0.27,1.43,36319.16,69366.044
002030.SZ,20171130,18.71,19.04,18.71,18.84,18.84,0.0,0.0,29198.79,55123.232
002030.SZ,20171129,19.06,19.11,18.63,18.84,19.05,-0.21,-1.1,57658.55,108432.429
002030.SZ,20171128,18.85,19.2,18.81,19.05,18.88,0.17,0.9,40455.83,77163.847
002030.SZ,20171127,19.41,19.45,18.82,18.88,19.48,-0.6,-3.08,63942.23,121605.86
002030.SZ,20171124,19.52,19.83,19.46,19.48,19.77,-0.29,-1.47,52885.29,103707.517
002030.SZ,20171123,20.6,20.67,19.75,19.77,20.74,-0.97,-4.68,117628.67,236473.719
002030.SZ,20171122,20.66,20.88,20.35,20.74,20.76,-0.02,-0.1,129775.09,267635.417
002030.SZ,20171121,20.19,20.94,20.07,20.76,20.32,0.44,2.17,174838.18,359474.49
002030.SZ,20171120,19.35,20.33,18.71,20.32,19.43,0.89,4.58,151255.43,299084.576
002030.SZ,20171117,19.94,20.1,19.33,19.43,20.08,-0.65,-3.24,119692.41,235877.804
002030.SZ,20171116,19.41,20.33,19.34,20.08,19.44,0.64,3.29,161958.68,324026.346
002030.SZ,20171115,19.41,19.76,19.35,19.44,19.62,-0.18,-0.92,93735.36,183256.19
002030.SZ,20171114,18.9,19.67,18.63,19.62,18.9,0.72,3.81,181281.49,350701.946
002030.SZ,20171113,18.88,19.18,18.88,18.9,18.96,-0.06,-0.32,50375.8,95727.134
002030.SZ,20171110,19.07,19.2,18.93,18.96,19.11,-0.15,-0.78,55253.8,105083.082
002030.SZ,20171109,19.0,19.29,18.91,19.11,19.0,0.11,0.58,48740.98,93351.835
002030.SZ,20171108,19.02,19.38,18.85,19.0,19.02,-0.02,-0.11,65752.86,125673.483
002030.SZ,20171107,18.63,19.13,18.48,19.02,18.63,0.39,2.09,67518.1,127516.975
002030.SZ,20171106,18.38,18.7,18.2,18.63,18.3,0.33,1.8,37349.19,69064.44
002030.SZ,20171103,18.75,18.83,18.29,18.3,18.76,-0.46,-2.45,68137.3,126234.986
002030.SZ,20171102,18.88,19.0,18.67,18.76,18.97,-0.21,-1.11,54371.87,102257.126
002030.SZ,20171101,18.98,19.13,18.92,18.97,19.15,-0.18,-0.94,43945.58,83564.881
002030.SZ,20171031,18.98,19.18,18.83,19.15,19.0,0.15,0.79,68764.35,130672.55
002030.SZ,20171030,19.9,19.9,18.8,19.0,20.1,-1.1,-5.47,142557.32,272955.074
002030.SZ,20171027,20.08,20.39,20.01,20.1,20.04,0.06,0.3,72256.2,146081.921
002030.SZ,20171026,20.0,20.08,19.9,20.04,19.98,0.06,0.3,41181.83,82367.781
002030.SZ,20171025,19.79,20.05,19.76,19.98,19.79,0.19,0.96,39195.0,78156.842
002030.SZ,20171024,19.99,20.03,19.66,19.79,20.09,-0.3,-1.49,55579.6,110197.705
002030.SZ,20171023,19.99,20.18,19.85,20.09,20.06,0.03,0.15,43506.61,87145.797
002030.SZ,20171020,19.84,20.06,19.7,20.06,19.85,0.21,1.06,46942.28,93522.731
002030.SZ,20171019,20.08,20.35,19.7,19.85,20.02,-0.17,-0.85,69223.98,138668.788
002030.SZ,20171018,20.34,20.4,20.0,20.02,20.29,-0.27,-1.33,62472.55,126292.869
002030.SZ,20171017,20.26,20.47,20.25,20.29,20.27,0.02,0.1,45793.28,93116.921
002030.SZ,20171016,21.0,21.0,20.26,20.27,21.07,-0.8,-3.8,121227.04,248952.572
002030.SZ,20171013,21.2,21.33,20.92,21.07,21.19,-0.12,-0.57,93562.61,197719.168
002030.SZ,20171012,21.38,21.49,20.88,21.19,20.9,0.29,1.39,140509.03,297260.124
002030.SZ,20171011,21.35,21.8,20.86,20.9,21.18,-0.28,-1.32,186269.4,396101.615
002030.SZ,20171010,20.39,21.35,20.36,21.18,20.35,0.83,4.08,219950.08,462541.848
002030.SZ,20171009,20.39,20.58,20.27,20.35,20.06,0.29,1.45,69905.96,142596.235
002030.SZ,20170929,20.05,20.22,19.95,20.06,19.96,0.1,0.5,63631.69,128097.066
002030.SZ,20170928,20.46,20.47,19.93,19.96,20.45,-0.49,-2.4,87868.73,177375.151
002030.SZ,20170927,20.44,20.59,20.31,20.45,20.44,0.01,0.05,69553.45,142236.147
002030.SZ,20170926,20.75,20.75,20.26,20.44,20.81,-0.37,-1.78,80440.95,164325.104
002030.SZ,20170925,20.39,20.99,20.3,20.81,20.45,0.36,1.76,105562.3,218570.672
002030.SZ,20170922,20.75,20.78,20.27,20.45,20.85,-0.4,-1.92,90869.82,186478.817
002030.SZ,20170921,21.02,21.17,20.81,20.85,21.02,-0.17,-0.81,78285.35,164083.776
002030.SZ,20170920,20.77,21.17,20.53,21.02,20.77,0.25,1.2,100153.32,208343.18
002030.SZ,20170919,21.04,21.35,20.61,20.77,21.04,-0.27,-1.28,116182.14,243480.734
002030.SZ,20170918,21.0,21.3,20.63,21.04,21.03,0.01,0.05,125136.11,262470.402
002030.SZ,20170915,21.85,21.89,21.02,21.03,21.99,-0.96,-4.37,227471.25,486462.938
002030.SZ,20170914,21.1,22.43,21.06,21.99,21.3,0.69,3.24,324860.43,710647.535
002030.SZ,20170913,21.1,21.52,20.88,21.3,21.23,0.07,0.33,170477.64,362099.232
002030.SZ,20170912,20.65,21.48,20.6,21.23,20.74,0.49,2.36,228833.78,483708.131
002030.SZ,20170911,20.92,20.93,20.53,20.74,20.92,-0.18,-0.86,149224.64,308436.523
002030.SZ,20170908,20.13,21.97,20.06,20.92,20.19,0.73,3.62,363277.0,763628.961
002030.SZ,20170907,20.1,20.58,19.95,20.19,20.17,0.02,0.1,173987.99,352024.871
002030.SZ,20170906,19.94,20.36,19.92,20.17,19.94,0.23,1.15,168302.37,339991.012
002030.SZ,20170905,19.8,20.08,19.73,19.94,19.7,0.24,1.22,89931.09,178588.043
002030.SZ,20170904,19.84,19.85,19.68,19.7,19.86,-0.16,-0.81,91182.97,179949.965
002030.SZ,20170901,20.09,20.09,19.8,19.86,20.14,-0.28,-1.39,104076.84,206937.147
002030.SZ,20170831,19.92,20.4,19.8,20.14,19.69,0.45,2.29,190445.59,383213.349
002030.SZ,20170830,19.49,19.74,19.47,19.69,19.58,0.11,0.56,42888.74,84272.187
002030.SZ,20170829,19.73,19.83,19.57,19.58,19.74,-0.16,-0.81,50662.1,99659.187
002030.SZ,20170828,19.66,19.82,19.48,19.74,19.66,0.08,0.41,75945.03,149507.739
002030.SZ,20170825,19.3,19.9,19.29,19.66,19.31,0.35,1.81,70062.63,137441.729
002030.SZ,20170824,19.41,19.57,19.26,19.31,19.41,-0.1,-0.52,36586.26,70906.4
002030.SZ,20170823,19.67,19.72,19.33,19.41,19.61,-0.2,-1.02,43855.42,85587.374
002030.SZ,20170822,19.85,19.94,19.59,19.61,19.9,-0.29,-1.46,59347.16,116933.074
002030.SZ,20170821,19.69,19.95,19.69,19.9,19.61,0.29,1.48,61192.18,121362.532
002030.SZ,20170818,19.74,19.78,19.61,19.61,19.89,-0.28,-1.41,58884.4,115896.753
002030.SZ,20170817,19.69,20.22,19.54,19.89,19.79,0.1,0.51,104134.27,206862.934
002030.SZ,20170816,19.29,19.88,19.24,19.79,19.34,0.45,2.33,116000.25,228626.673
002030.SZ,20170815,19.45,19.5,19.22,19.34,19.39,-0.05,-0.26,44898.78,86843.152
002030.SZ,20170814,19.12,19.55,19.12,19.39,19.17,0.22,1.15,58452.51,113085.656
002030.SZ,20170811,19.39,19.49,19.17,19.17,19.55,-0.38,-1.94,78171.58,150883.603
002030.SZ,20170810,20.01,20.1,19.45,19.55,20.11,-0.56,-2.78,144951.3,285506.442
002030.SZ,20170809,20.55,20.59,20.01,20.11,20.49,-0.38,-1.85,109430.54,220981.168
002030.SZ,20170808,20.48,20.57,20.15,20.49,20.49,0.0,0.0,127439.54,258860.852
002030.SZ,20170807,19.86,20.55,19.81,20.49,19.43,1.06,5.46,230174.54,468177.539
002030.SZ,20170804,19.5,19.65,19.41,19.43,19.53,-0.1,-0.51,50630.55,98737.124
002030.SZ,20170803,19.6,19.75,19.4,19.53,19.53,0.0,0.0,54852.28,107394.004
002030.SZ,20170802,19.61,19.76,19.43,19.53,19.53,0.0,0.0,67804.1,132808.902
002030.SZ,20170801,19.82,19.99,19.42,19.53,19.8,-0.27,-1.36,92525.03,181720.858
002030.SZ,20170731,19.86,20.0,19.63,19.8,20.03,-0.23,-1.15,77878.34,153973.357
002030.SZ,20170728,20.0,20.23,19.89,20.03,20.0,0.03,0.15,69315.92,139024.682
002030.SZ,20170727,19.87,20.26,19.6,20.0,19.89,0.11,0.55,113370.2,226481.681
002030.SZ,20170726,20.28,20.33,19.7,19.89,20.19,-0.3,-1.49,77614.11,154747.552
002030.SZ,20170725,19.75,20.39,19.75,20.19,19.79,0.4,2.02,100629.6,202770.912
002030.SZ,20170724,19.75,19.89,19.52,19.79,19.82,-0.03,-0.15,79674.39,156581.398
002030.SZ,20170721,20.12,20.2,19.76,19.82,20.03,-0.21,-1.05,89910.65,179491.786
002030.SZ,20170720,20.0,20.55,19.86,20.03,20.06,-0.03,-0.15,114214.29,230984.58
002030.SZ,20170719,20.04,20.2,19.55,20.06,20.04,0.02,0.1,131150.57,260995.932
002030.SZ,20170718,19.85,20.48,19.51,20.04,19.99,0.05,0.25,145776.82,292110.274
002030.SZ,20170717,21.84,21.84,19.95,19.99,21.92,-1.93,-8.8,285028.18,584307.153
002030.SZ,20170714,23.8,23.8,21.72,21.92,23.99,-2.07,-8.63,380718.23,864182.241
002030.SZ,20170713,22.45,24.38,22.34,23.99,22.25,1.74,7.82,459495.46,1071714.483
002030.SZ,20170712,22.03,22.46,21.76,22.25,22.24,0.01,0.05,171754.8,379652.139
002030.SZ,20170711,21.51,22.49,21.49,22.24,21.59,0.65,3.01,278333.29,617165.778
002030.SZ,20170710,21.0,21.89,20.88,21.59,21.16,0.43,2.03,151963.07,326514.169
002030.SZ,20170707,20.9,21.38,20.81,21.16,20.98,0.18,0.86,98492.93,208297.698
002030.SZ,20170706,21.5,21.59,20.91,20.98,21.6,-0.62,-2.87,145711.7,308638.028
002030.SZ,20170705,21.53,21.78,21.39,21.6,21.6,0.0,0.0,109375.71,235570.457
002030.SZ,20170704,21.86,22.08,21.41,21.6,22.09,-0.49,-2.22,135293.38,293126.123
002030.SZ,20170703,22.38,22.55,21.81,22.09,21.79,0.3,1.38,135451.81,298709.317
002030.SZ,20170630,21.72,21.84,21.55,21.79,21.87,-0.08,-0.37,102461.08,222381.527
002030.SZ,20170629,21.47,21.95,21.23,21.87,21.52,0.35,1.63,177470.11,383645.185
002030.SZ,20170628,21.61,21.76,21.18,21.52,21.81,-0.29,-1.33,165758.5,355080.703
002030.SZ,20170627,20.63,22.67,20.58,21.81,20.69,1.12,5.41,331826.29,719155.956
002030.SZ,20170626,21.25,21.46,20.61,20.69,20.3,0.39,1.92,238939.0,499913.825
002030.SZ,20170623,19.82,20.3,19.75,20.3,19.98,0.32,1.6,102110.72,204916.315
002030.SZ,20170622,20.2,20.39,19.96,19.98,20.22,-0.24,-1.19,113166.59,228503.631
002030.SZ,20170621,19.87,20.29,19.76,20.22,19.77,0.45,2.28,94082.97,188572.305
002030.SZ,20170620,19.87,20.08,19.77,19.77,19.87,-0.1,-0.5,52383.43,104445.593
002030.SZ,20170619,19.84,19.96,19.71,19.87,19.99,-0.12,-0.6,42340.78,84037.259
002030.SZ,20170616,19.98,20.04,19.73,19.99,19.96,0.03,0.15,55301.85,109793.202
002030.SZ,20170615,19.68,20.13,19.5,20.0,19.71,0.29,1.47,73798.61,147301.593
002030.SZ,20170614,19.56,19.76,19.37,19.71,19.59,0.12,0.61,47965.31,93853.431
002030.SZ,20170613,19.28,19.76,19.28,19.59,19.35,0.24,1.24,45076.54,88309.71
002030.SZ,20170612,19.78,19.78,19.31,19.35,19.93,-0.58,-2.91,51469.52,100598.677
002030.SZ,20170609,19.65,19.95,19.52,19.93,19.76,0.17,0.86,56260.82,111217.138
002030.SZ,20170608,19.69,19.96,19.55,19.76,19.7,0.06,0.3,62531.84,123400.695
002030.SZ,20170607,19.18,19.85,19.18,19.7,19.24,0.46,2.39,67179.67,131368.65
002030.SZ,20170606,19.09,19.3,19.02,19.24,19.25,-0.01,-0.05,35976.58,68965.921
002030.SZ,20170605,19.46,19.46,19.2,19.25,19.26,-0.01,-0.05,37594.43,72498.195
002030.SZ,20170602,18.7,19.35,18.62,19.26,18.9,0.36,1.9,49569.19,94226.246
002030.SZ,20170601,19.49,19.5,18.81,18.9,19.62,-0.72,-3.67,67938.42,130542.256
002030.SZ,20170531,20.03,20.17,19.53,19.62,19.95,-0.33,-1.65,73487.16,145739.781
002030.SZ,20170526,19.78,20.3,19.64,19.95,19.93,0.02,0.1,123133.21,245992.151
002030.SZ,20170525,19.5,20.15,19.5,19.93,19.12,0.81,4.24,174625.4,346793.427
002030.SZ,20170524,18.63,19.12,18.01,19.12,18.71,0.41,2.19,64844.83,120662.085
002030.SZ,20170523,19.01,19.3,18.68,18.71,19.29,-0.58,-3.01,79614.28,150479.05
002030.SZ,20170522,19.8,20.38,19.15,19.29,18.75,0.54,2.88,158004.23,309825.468
002030.SZ,20170519,18.83,18.98,18.69,18.75,18.72,0.03,0.16,32513.87,61117.716
002030.SZ,20170518,18.65,18.99,18.4,18.72,18.83,-0.11,-0.58,35860.0,67145.348
002030.SZ,20170517,18.55,19.06,18.47,18.83,18.58,0.25,1.35,78458.16,147648.349
002030.SZ,20170516,18.2,18.58,17.88,18.58,18.22,0.36,1.98,64704.7,117851.812
002030.SZ,20170515,18.26,18.44,18.14,18.22,18.27,-0.05,-0.27,34956.62,63942.311
002030.SZ,20170512,18.55,18.55,18.12,18.27,18.54,-0.27,-1.46,47531.62,86742.399
002030.SZ,20170511,18.72,18.73,17.9,18.54,18.75,-0.21,-1.12,72097.56,132160.42
002030.SZ,20170510,19.35,19.47,18.7,18.75,19.39,-0.64,-3.3,44991.58,85966.718
002030.SZ,20170509,19.12,19.46,19.02,19.39,19.17,0.22,1.15,36600.99,70584.409
002030.SZ,20170508,19.68,19.8,19.1,19.17,19.88,-0.71,-3.57,59746.37,116390.248
002030.SZ,20170505,20.3,20.53,19.8,19.88,20.45,-0.57,-2.79,57462.42,115504.624
002030.SZ,20170504,20.65,20.8,20.41,20.45,20.65,-0.2,-0.97,38150.21,78472.307
002030.SZ,20170503,20.44,20.65,20.26,20.65,20.56,0.09,0.44,43640.67,89135.715
002030.SZ,20170502,20.68,20.74,20.46,20.56,20.68,-0.12,-0.58,42865.6,88097.098
002030.SZ,20170428,20.2,20.95,20.12,20.68,19.9,0.78,3.92,97967.8,202380.73
002030.SZ,20170427,19.71,19.93,19.4,19.9,19.63,0.27,1.38,55048.82,108507.631
002030.SZ,20170426,19.66,19.84,19.56,19.63,19.66,-0.03,-0.15,31970.4,62932.612
002030.SZ,20170425,19.59,19.84,19.59,19.66,19.7,-0.04,-0.2,33732.45,66562.042
002030.SZ,20170424,20.25,20.25,19.57,19.7,20.3,-0.6,-2.96,52226.68,103275.764
002030.SZ,20170421,20.32,20.52,20.25,20.3,20.33,-0.03,-0.15,32154.1,65599.907
002030.SZ,20170420,20.2,20.45,20.11,20.33,20.16,0.17,0.84,39585.28,80266.941
002030.SZ,20170419,20.39,20.4,19.84,20.16,20.42,-0.26,-1.27,53634.32,107766.823
002030.SZ,20170418,20.85,20.9,20.38,20.42,20.72,-0.3,-1.45,39586.89,81840.806
002030.SZ,20170417,20.9,21.14,20.66,20.72,20.96,-0.24,-1.15,41045.92,85586.909
002030.SZ,20170414,21.35,21.35,20.91,20.96,21.37,-0.41,-1.92,49993.34,105436.007
002030.SZ,20170413,21.18,21.48,21.14,21.37,21.17,0.2,0.94,51200.75,109400.503
002030.SZ,20170412,21.17,21.3,21.0,21.17,21.16,0.01,0.05,40747.88,86315.521
002030.SZ,20170411,21.03,21.22,20.74,21.16,21.13,0.03,0.14,67656.5,142337.703
002030.SZ,20170410,21.59,21.59,21.11,21.13,21.51,-0.38,-1.77,60854.17,129146.691
002030.SZ,20170407,21.5,21.63,21.38,21.51,21.51,0.0,0.0,47958.05,103018.052
002030.SZ,20170406,21.6,21.7,21.43,21.51,21.61,-0.1,-0.46,62200.84,133810.858
002030.SZ,20170405,21.32,21.68,21.21,21.61,21.31,0.3,1.41,58680.77,126113.316
002030.SZ,20170331,21.32,21.57,21.17,21.31,21.3,0.01,0.05,58053.59,123808.873
002030.SZ,20170330,22.16,22.16,21.01,21.3,22.0,-0.7,-3.18,105114.64,227173.492
002030.SZ,20170329,22.4,22.47,21.9,22.0,22.39,-0.39,-1.74,81775.68,180687.657
002030.SZ,20170328,22.64,22.72,22.38,22.39,22.69,-0.3,-1.32,56321.36,126751.631
002030.SZ,20170327,22.57,22.94,22.48,22.69,22.55,0.14,0.62,74846.46,170311.882
002030.SZ,20170324,22.67,22.68,22.38,22.55,22.66,-0.11,-0.49,66293.04,149217.45
002030.SZ,20170323,22.62,22.84,22.38,22.66,22.68,-0.02,-0.09,75614.06,171014.09
002030.SZ,20170322,22.71,22.95,22.45,22.68,22.79,-0.11,-0.48,81165.75,184353.912
002030.SZ,20170321,23.18,23.24,22.73,22.79,23.18,-0.39,-1.68,102236.72,233696.651
002030.SZ,20170320,23.25,23.53,23.02,23.18,23.22,-0.04,-0.17,121542.56,282131.682
002030.SZ,20170317,23.6,23.6,23.21,23.22,23.66,-0.44,-1.86,162140.17,379424.054
002030.SZ,20170316,23.1,23.89,23.0,23.66,23.19,0.47,2.03,305709.98,718728.137
002030.SZ,20170315,23.42,24.08,22.99,23.19,22.82,0.37,1.62,303592.01,713291.021
002030.SZ,20170314,22.9,23.17,22.68,22.82,23.06,-0.24,-1.04,120489.62,276079.632
002030.SZ,20170313,22.8,23.4,22.75,23.06,22.77,0.29,1.27,149753.14,347211.645
002030.SZ,20170310,22.92,23.18,22.74,22.77,23.11,-0.34,-1.47,92220.17,211351.858
002030.SZ,20170309,22.7,23.3,22.53,23.11,22.76,0.35,1.54,201053.86,463335.781
002030.SZ,20170308,23.08,23.08,22.55,22.76,23.08,-0.32,-1.39,126250.71,287424.842
002030.SZ,20170307,22.24,23.12,22.19,23.08,22.2,0.88,3.96,253144.32,574674.965
002030.SZ,20170306,22.0,22.27,22.0,22.2,21.98,0.22,1.0,65780.13,145927.253
002030.SZ,20170303,21.9,22.19,21.83,21.98,21.94,0.04,0.18,55242.82,121719.725
002030.SZ,20170302,22.2,22.22,21.9,21.94,22.26,-0.32,-1.44,70105.06,154548.558
002030.SZ,20170301,21.9,22.5,21.81,22.26,21.91,0.35,1.6,132705.27,295486.987
002030.SZ,20170228,21.7,22.17,21.67,21.91,21.75,0.16,0.74,61359.43,134349.634
002030.SZ,20170227,22.27,22.27,21.72,21.75,22.19,-0.44,-1.98,77976.95,171186.747
002030.SZ,20170224,22.12,22.34,22.06,22.19,22.03,0.16,0.73,89490.51,198539.027
002030.SZ,20170223,22.08,22.21,21.8,22.03,22.18,-0.15,-0.68,82534.23,181485.467
002030.SZ,20170222,22.35,22.38,21.93,22.18,22.2,-0.02,-0.09,78608.24,173959.844
002030.SZ,20170221,22.05,22.34,21.91,22.2,22.05,0.15,0.68,85941.84,189867.189
002030.SZ,20170220,22.1,22.22,21.81,22.05,22.05,0.0,0.0,77525.84,170629.743
002030.SZ,20170217,22.51,22.73,21.92,22.05,22.55,-0.5,-2.22,125101.21,278330.351
002030.SZ,20170216,22.2,22.74,21.93,22.55,22.12,0.43,1.94,179927.63,400952.225
002030.SZ,20170215,21.84,22.86,21.84,22.12,21.81,0.31,1.42,234390.92,526060.237
002030.SZ,20170214,21.84,22.12,21.62,21.81,21.89,-0.08,-0.37,76366.34,166513.985
002030.SZ,20170213,21.3,22.4,21.16,21.89,21.12,0.77,3.65,133796.17,291580.922
002030.SZ,20170210,21.31,21.44,21.06,21.12,21.18,-0.06,-0.28,58666.57,124579.389
002030.SZ,20170209,21.11,21.26,20.98,21.18,21.25,-0.07,-0.33,71080.27,150249.948
002030.SZ,20170208,20.7,21.62,20.7,21.25,20.66,0.59,2.86,121087.51,257642.411
002030.SZ,20170207,20.91,20.91,20.54,20.66,20.9,-0.24,-1.15,39446.12,81623.941
002030.SZ,20170206,20.71,20.98,20.67,20.9,20.72,0.18,0.87,30113.99,62759.268
002030.SZ,20170203,20.86,20.87,20.65,20.72,20.77,-0.05,-0.24,18296.62,37944.279
002030.SZ,20170126,20.65,20.79,20.65,20.77,20.63,0.14,0.68,30159.77,62525.552
002030.SZ,20170125,20.5,20.75,20.48,20.63,20.58,0.05,0.24,26195.55,54035.932
002030.SZ,20170124,20.6,20.78,20.56,20.58,20.67,-0.09,-0.44,28917.47,59662.365
002030.SZ,20170123,20.64,20.93,20.62,20.67,20.63,0.04,0.19,45328.59,94051.651
002030.SZ,20170120,20.19,20.88,20.08,20.63,20.19,0.44,2.18,55976.85,115080.493
002030.SZ,20170119,19.87,20.38,19.87,20.19,20.17,0.02,0.1,32021.5,64669.348
002030.SZ,20170118,20.42,20.55,20.15,20.17,20.4,-0.23,-1.13,39566.82,80271.303
002030.SZ,20170117,20.3,20.54,19.88,20.4,20.27,0.13,0.64,50874.53,103142.502
002030.SZ,20170116,21.66,21.68,19.7,20.27,21.76,-1.49,-6.85,91073.46,188474.523
002030.SZ,20170113,22.57,22.69,21.64,21.76,22.58,-0.82,-3.63,85030.8,187770.879
002030.SZ,20170112,23.02,23.03,22.58,22.58,22.79,-0.21,-0.92,46638.93,106151.847
002030.SZ,20170111,23.22,23.23,22.75,22.79,23.24,-0.45,-1.94,58356.21,133944.089
002030.SZ,20170110,23.2,23.3,23.04,23.24,23.17,0.07,0.3,41393.7,95906.978
002030.SZ,20170109,22.97,23.39,22.97,23.17,22.97,0.2,0.87,64585.0,149812.088
002030.SZ,20170106,23.36,23.37,22.91,22.97,23.34,-0.37,-1.59,64245.04,148428.769
002030.SZ,20170105,23.42,23.46,23.27,23.34,23.42,-0.08,-0.34,43900.2,102417.282
002030.SZ,20170104,23.33,23.45,23.11,23.42,23.21,0.21,0.9,57734.95,134377.482
002030.SZ,20170103,23.21,23.39,23.08,23.21,23.2,0.01,0.04,37830.59,87895.588
002030.SZ,20161230,23.23,23.44,23.14,23.2,23.13,0.07,0.3,34275.6,79854.115
002030.SZ,20161229,23.43,23.5,23.09,23.13,23.42,-0.29,-1.24,48237.96,112266.081
002030.SZ,20161228,23.48,23.68,23.32,23.42,23.48,-0.06,-0.26,47225.18,110830.201
002030.SZ,20161227,23.16,24.13,23.07,23.48,23.05,0.43,1.87,87100.37,206223.133
002030.SZ,20161226,23.06,23.1,22.68,23.05,23.13,-0.08,-0.35,46806.56,106974.713
002030.SZ,20161223,23.46,23.53,23.06,23.13,23.46,-0.33,-1.41,39141.31,91102.982
002030.SZ,20161222,23.6,23.64,23.37,23.46,23.5,-0.04,-0.17,39796.2,93494.896
002030.SZ,20161221,23.52,23.68,23.39,23.5,23.49,0.01,0.04,40467.02,95139.154
002030.SZ,20161220,23.4,23.74,23.19,23.49,23.4,0.09,0.38,52761.17,123553.728
002030.SZ,20161219,23.48,23.96,23.34,23.4,23.29,0.11,0.47,60145.59,141948.915
002030.SZ,20161216,23.18,23.36,22.98,23.29,23.03,0.26,1.13,47942.39,111330.605
002030.SZ,20161215,22.74,23.2,22.74,23.03,22.85,0.18,0.79,57502.92,132248.284
002030.SZ,20161214,23.2,23.27,22.77,22.85,23.2,-0.35,-1.51,49561.58,113884.717
002030.SZ,20161213,23.09,23.36,22.82,23.2,23.29,-0.09,-0.39,65197.76,150830.954
002030.SZ,20161212,25.33,25.37,22.8,23.29,25.32,-2.03,-8.02,147411.68,355446.666
002030.SZ,20161209,25.62,25.7,25.26,25.32,25.62,-0.3,-1.17,64736.1,164653.368
002030.SZ,20161208,26.01,26.06,25.6,25.62,26.0,-0.38,-1.46,71992.45,185469.215
002030.SZ,20161207,25.81,26.04,25.81,26.0,25.91,0.09,0.35,36422.95,94483.466
002030.SZ,20161206,26.19,26.19,25.85,25.91,25.96,-0.05,-0.19,36612.56,95076.547
002030.SZ,20161205,25.81,26.3,25.75,25.96,26.0,-0.04,-0.15,47136.83,122663.967
002030.SZ,20161202,26.57,26.59,25.99,26.0,26.61,-0.61,-2.29,108443.8,284383.502
002030.SZ,20161201,26.5,26.66,26.35,26.61,26.43,0.18,0.68,93902.34,248985.939
002030.SZ,20161130,26.64,26.65,26.38,26.43,26.48,-0.05,-0.19,62566.3,165821.493
002030.SZ,20161129,26.5,26.7,26.41,26.48,26.53,-0.05,-0.19,98710.87,261605.092
002030.SZ,20161128,26.7,26.75,26.45,26.53,26.68,-0.15,-0.56,103862.34,276672.304
002030.SZ,20161125,26.28,26.88,26.06,26.68,26.09,0.59,2.26,149543.8,396879.651
002030.SZ,20161124,26.38,26.4,26.04,26.09,26.4,-0.31,-1.17,88644.01,232590.182
002030.SZ,20161123,26.63,26.63,26.34,26.4,26.56,-0.16,-0.6,89978.51,238270.343
002030.SZ,20161122,26.42,26.68,26.29,26.56,26.36,0.2,0.76,84770.79,224352.618
002030.SZ,20161121,26.44,26.44,26.26,26.36,26.33,0.03,0.11,61295.56,161484.865
002030.SZ,20161118,26.4,26.48,26.26,26.33,26.39,-0.06,-0.23,63199.76,166710.786
002030.SZ,20161117,26.6,26.64,26.33,26.39,26.55,-0.16,-0.6,74038.53,195590.506
002030.SZ,20161116,26.46,26.7,26.41,26.55,26.47,0.08,0.3,93047.73,247337.368
002030.SZ,20161115,26.54,26.54,26.26,26.47,26.47,0.0,0.0,84957.82,224290.068
002030.SZ,20161114,26.16,26.52,26.0,26.47,26.08,0.39,1.5,120975.45,317884.606
002030.SZ,20161111,26.01,26.11,25.8,26.08,26.0,0.08,0.31,100973.27,262027.761
002030.SZ,20161110,26.1,26.19,25.89,26.0,25.88,0.12,0.46,106732.39,277681.13
002030.SZ,20161109,26.54,26.62,25.58,25.88,26.53,-0.65,-2.45,191048.29,497073.998
002030.SZ,20161108,26.65,26.75,26.5,26.53,26.54,-0.01,-0.04,50106.64,133356.628
002030.SZ,20161107,26.75,26.86,26.47,26.54,26.8,-0.26,-0.97,64181.61,170970.298
002030.SZ,20161104,26.51,26.85,26.3,26.8,26.51,0.29,1.09,107951.76,286570.068
002030.SZ,20161103,26.46,26.66,26.3,26.51,26.4,0.11,0.42,65954.03,174939.96
002030.SZ,20161102,26.72,26.76,26.37,26.4,26.6,-0.2,-0.75,60295.34,160117.728
002030.SZ,20161101,26.54,26.63,26.44,26.6,26.43,0.17,0.64,53123.98,141006.561
002030.SZ,20161031,26.78,26.83,26.28,26.43,26.78,-0.35,-1.31,93428.73,247274.325
002030.SZ,20161028,27.08,27.19,26.77,26.78,27.01,-0.23,-0.85,72643.54,195698.5032
002030.SZ,20161027,27.13,27.13,26.92,27.01,27.16,-0.15,-0.55,65137.98,175806.4114
002030.SZ,20161026,27.2,27.5,27.13,27.16,27.18,-0.02,-0.07,116770.03,318886.4549
002030.SZ,20161025,27.11,27.23,27.04,27.18,27.11,0.07,0.26,63884.06,173300.2398
002030.SZ,20161024,27.0,27.27,26.86,27.11,27.03,0.08,0.3,75095.46,203277.0199
002030.SZ,20161021,27.31,27.4,26.87,27.03,27.28,-0.25,-0.92,94110.6,255270.3422
002030.SZ,20161020,27.35,27.44,27.18,27.28,27.37,-0.09,-0.33,74502.98,203264.1248
002030.SZ,20161019,27.39,27.5,27.17,27.37,27.3,0.07,0.26,113779.34,310830.4112
002030.SZ,20161018,27.01,27.32,26.92,27.3,27.06,0.24,0.89,92653.58,251721.1086
002030.SZ,20161017,27.15,27.39,27.03,27.06,27.34,-0.28,-1.02,82734.62,224877.8362
002030.SZ,20161014,27.21,27.38,26.85,27.34,27.3,0.04,0.15,112996.71,306082.6219
002030.SZ,20161013,27.07,27.59,27.03,27.3,27.01,0.29,1.07,155373.62,424227.3453
002030.SZ,20161012,27.14,27.14,26.92,27.01,27.19,-0.18,-0.66,68486.36,184963.164
002030.SZ,20161011,27.23,27.23,26.95,27.19,27.24,-0.05,-0.18,104295.61,282389.565
002030.SZ,20161010,26.85,27.3,26.7,27.24,26.75,0.49,1.83,112990.53,305409.4971
002030.SZ,20160930,26.71,26.9,26.61,26.75,26.78,-0.03,-0.11,69881.26,187011.4042
002030.SZ,20160929,26.63,26.9,26.6,26.78,26.58,0.2,0.75,65094.72,174030.0955
002030.SZ,20160928,26.89,26.89,26.55,26.58,26.92,-0.34,-1.26,53873.05,143624.7979
002030.SZ,20160927,26.7,26.96,26.45,26.92,26.72,0.2,0.75,84723.99,226111.7522
002030.SZ,20160926,27.51,27.53,26.7,26.72,27.38,-0.66,-2.41,141687.41,383180.9228
002030.SZ,20160923,27.49,27.97,27.3,27.38,27.17,0.21,0.77,194488.39,537363.9749
002030.SZ,20160922,27.34,27.39,27.08,27.17,27.09,0.08,0.3,78533.01,213727.0151
002030.SZ,20160921,27.17,27.38,27.03,27.09,27.08,0.01,0.04,75536.21,205144.7494
002030.SZ,20160920,27.5,27.56,27.03,27.08,27.55,-0.47,-1.71,98549.33,268315.3699
002030.SZ,20160919,26.96,27.55,26.85,27.55,26.96,0.59,2.19,132946.8,361897.3202
002030.SZ,20160914,26.81,27.38,26.52,26.96,27.01,-0.05,-0.19,112720.91,303730.0831
002030.SZ,20160913,27.1,27.2,26.8,27.01,26.8,0.21,0.78,104198.77,281249.8092
002030.SZ,20160912,27.53,27.53,26.75,26.8,28.08,-1.28,-4.56,220336.3,598138.1162
002030.SZ,20160909,28.37,28.89,28.05,28.08,28.48,-0.4,-1.4,213552.81,607447.1482
002030.SZ,20160908,28.61,29.16,28.41,28.48,29.19,-0.71,-2.43,354579.58,1017043.1003
002030.SZ,20160907,27.66,29.64,27.66,29.19,27.55,1.64,5.95,536374.85,1525765.3266
002030.SZ,20160906,27.06,27.55,26.62,27.55,26.98,0.57,2.11,163476.09,443570.5943
002030.SZ,20160905,27.4,27.45,26.91,26.98,27.12,-0.14,-0.52,103170.95,280090.131
002030.SZ,20160902,26.6,27.27,26.5,27.12,26.62,0.5,1.88,154086.62,415080.4201
002030.SZ,20160901,26.89,27.06,26.61,26.62,26.87,-0.25,-0.93,66371.45,178081.5707
002030.SZ,20160831,27.09,27.1,26.71,26.87,27.09,-0.22,-0.81,81449.7,218661.4824
002030.SZ,20160830,27.35,27.39,27.0,27.09,27.19,-0.1,-0.37,78970.61,214195.4084
002030.SZ,20160829,27.13,27.56,27.03,27.19,26.89,0.3,1.12,158597.83,433240.9408
002030.SZ,20160826,26.41,27.5,26.29,26.89,26.4,0.49,1.86,196655.4,532844.9563
002030.SZ,20160825,26.6,26.69,26.12,26.4,26.71,-0.31,-1.16,83522.01,219677.2688
002030.SZ,20160824,26.78,26.96,26.66,26.71,26.75,-0.04,-0.15,61939.58,166021.9602
002030.SZ,20160823,26.68,26.95,26.55,26.75,26.71,0.04,0.15,64746.36,173273.1692
002030.SZ,20160822,27.42,27.42,26.71,26.71,27.18,-0.47,-1.73,139680.43,376389.5109
002030.SZ,20160819,27.44,27.55,27.14,27.18,27.61,-0.43,-1.56,87093.17,237562.8389
002030.SZ,20160818,27.1,27.65,26.92,27.61,27.18,0.43,1.58,164286.35,447665.6837
002030.SZ,20160817,27.35,27.44,26.94,27.18,27.35,-0.17,-0.62,118638.32,322371.1249
002030.SZ,20160816,27.23,27.6,27.06,27.35,27.22,0.13,0.48,147429.03,402588.9783
002030.SZ,20160815,26.8,27.34,26.42,27.22,26.54,0.68,2.56,171471.82,463689.7907
002030.SZ,20160812,26.45,26.58,26.2,26.54,26.3,0.24,0.91,65546.06,173349.723
002030.SZ,20160811,26.8,26.88,26.3,26.3,26.71,-0.41,-1.54,77800.28,206448.1782
002030.SZ,20160810,26.89,26.94,26.6,26.71,26.93,-0.22,-0.82,95652.58,255483.9001
002030.SZ,20160809,26.4,27.18,26.4,26.93,26.14,0.79,3.02,197602.27,531858.4535
002030.SZ,20160808,25.8,26.16,25.57,26.14,25.85,0.29,1.12,77640.65,201141.0102
002030.SZ,20160805,26.2,26.25,25.85,25.85,26.25,-0.4,-1.52,80631.04,209460.4957
002030.SZ,20160804,26.08,26.25,25.73,26.25,26.08,0.17,0.65,82707.28,215009.3352
002030.SZ,20160803,26.0,26.18,25.9,26.08,26.06,0.02,0.08,62028.75,161736.8481
002030.SZ,20160802,25.8,26.22,25.8,26.06,25.87,0.19,0.73,65775.85,171261.3727
002030.SZ,20160801,26.19,26.2,25.57,25.87,26.25,-0.38,-1.45,96349.52,248721.978
002030.SZ,20160729,26.49,26.66,26.1,26.25,26.49,-0.24,-0.91,87662.92,231332.6257
002030.SZ,20160728,26.76,27.19,26.06,26.49,26.7,-0.21,-0.79,187209.59,497382.9892
002030.SZ,20160727,28.43,28.8,26.35,26.7,28.41,-1.71,-6.02,288760.75,798166.9533
002030.SZ,20160726,28.15,28.53,28.05,28.41,28.14,0.27,0.96,101729.36,288291.1695
002030.SZ,20160725,28.48,28.48,28.01,28.14,28.55,-0.41,-1.44,136471.76,385051.9812
002030.SZ,20160722,28.26,28.67,28.26,28.55,28.42,0.13,0.46,134014.31,381427.3204
002030.SZ,20160721,28.58,28.86,28.4,28.42,28.59,-0.17,-0.59,132670.53,379760.9836
002030.SZ,20160720,29.0,29.0,28.54,28.59,28.91,-0.32,-1.11,144649.17,415544.9193
002030.SZ,20160719,28.4,28.96,28.21,28.91,28.23,0.68,2.41,242751.16,695839.5298
002030.SZ,20160718,28.03,28.6,27.96,28.23,28.23,0.0,0.0,134752.94,381388.4425
002030.SZ,20160715,28.66,28.71,28.18,28.23,28.66,-0.43,-1.5,125777.24,357186.4908
002030.SZ,20160714,28.68,28.8,28.18,28.66,28.59,0.07,0.24,171627.55,488034.1004
002030.SZ,20160713,28.69,28.94,28.41,28.59,28.51,0.08,0.28,217395.08,623546.0381
002030.SZ,20160712,28.08,28.55,27.65,28.51,28.07,0.44,1.57,221701.44,626326.5921
002030.SZ,20160711,28.46,28.59,28.05,28.07,28.42,-0.35,-1.23,200206.7,566934.2868
002030.SZ,20160708,29.1,29.1,28.4,28.42,28.96,-0.54,-1.86,229284.39,655751.4839
002030.SZ,20160707,28.48,29.66,28.2,28.96,28.4,0.56,1.97,404013.01,1164197.7002
002030.SZ,20160706,28.0,28.42,27.85,28.4,28.12,0.28,1.0,190063.7,534473.3268
002030.SZ,20160705,28.07,28.44,27.83,28.12,28.07,0.05,0.18,197996.05,555804.846
002030.SZ,20160704,27.31,28.25,27.12,28.07,27.54,0.53,1.92,222737.96,622254.0193
002030.SZ,20160701,27.81,28.08,27.44,27.54,27.8,-0.26,-0.94,134564.39,372667.8646
002030.SZ,20160630,27.66,27.99,27.42,27.8,27.64,0.16,0.58,170249.89,471626.1142
002030.SZ,20160629,27.85,28.09,27.41,27.64,27.76,-0.12,-0.43,214483.72,594377.4556
002030.SZ,20160628,27.0,28.59,26.9,27.76,27.09,0.67,2.47,376989.61,1054180.9572
002030.SZ,20160627,26.05,27.18,26.01,27.09,26.36,0.73,2.77,204481.74,548611.4812
002030.SZ,20160624,26.86,27.05,25.0,26.36,26.85,-0.49,-1.83,222410.47,586329.0743
002030.SZ,20160623,27.18,27.19,26.69,26.85,27.18,-0.33,-1.21,162323.07,436347.3476
002030.SZ,20160622,26.68,27.27,26.68,27.18,26.66,0.52,1.95,214092.15,577988.1972
002030.SZ,20160621,27.0,27.36,26.51,26.66,26.76,-0.1,-0.37,323288.41,872496.463
002030.SZ,20160620,29.96,29.96,28.94,29.46,30.13,-0.67,-2.22,382852.96,1121858.3002
002030.SZ,20160617,27.99,30.13,27.99,30.13,27.39,2.74,10.0,536556.14,1606839.4186
002030.SZ,20160616,27.8,27.93,27.27,27.39,27.83,-0.44,-1.58,92863.86,255540.8605
002030.SZ,20160615,26.65,27.96,26.58,27.83,26.98,0.85,3.15,121235.89,334546.5436
002030.SZ,20160614,26.8,27.2,26.73,26.98,27.0,-0.02,-0.07,78396.31,211281.1587
002030.SZ,20160613,28.42,28.55,27.0,27.0,28.88,-1.88,-6.51,141605.24,395398.2998
002030.SZ,20160608,29.01,29.15,28.7,28.88,28.88,0.0,0.0,94230.46,273011.3278
002030.SZ,20160607,29.13,29.39,28.63,28.88,29.18,-0.3,-1.03,109005.27,315203.5954
002030.SZ,20160606,29.84,29.84,29.03,29.18,29.6,-0.42,-1.42,147704.12,433715.6528
002030.SZ,20160603,28.93,29.93,28.93,29.6,28.91,0.69,2.39,214198.03,630837.5513
002030.SZ,20160602,28.63,29.14,28.52,28.91,28.97,-0.06,-0.21,150350.36,433083.7645
002030.SZ,20160601,29.3,30.38,28.9,28.97,28.32,0.65,2.3,346370.95,1027573.5393
002030.SZ,20160531,26.8,28.38,26.7,28.32,26.83,1.49,5.55,208278.42,579323.6023
002030.SZ,20160530,26.7,27.09,26.35,26.83,26.83,0.0,0.0,75900.98,203625.8981
002030.SZ,20160527,27.1,27.15,26.72,26.83,27.15,-0.32,-1.18,68739.82,185097.6534
002030.SZ,20160526,26.6,27.17,26.22,27.15,26.85,0.3,1.12,100628.22,268345.5921
002030.SZ,20160525,27.18,27.35,26.64,26.85,26.9,-0.05,-0.19,77134.63,208540.228
002030.SZ,20160524,27.45,27.45,26.7,26.9,27.48,-0.58,-2.11,86199.6,233065.1612
002030.SZ,20160523,27.42,27.69,27.27,27.48,27.17,0.31,1.14,113424.0,311361.0147
002030.SZ,20160520,26.55,27.28,26.41,27.17,26.91,0.26,0.97,91142.51,245468.4313
002030.SZ,20160519,26.73,27.5,26.73,26.91,26.73,0.18,0.67,113551.03,308354.95
002030.SZ,20160518,27.55,27.58,26.37,26.73,28.04,-1.31,-4.67,146700.13,395347.0182
002030.SZ,20160517,27.6,28.96,27.01,28.04,27.51,0.53,1.93,201858.42,561777.227
002030.SZ,20160516,26.72,27.56,26.5,27.51,26.78,0.73,2.73,123960.03,336926.9307
002030.SZ,20160513,27.01,27.3,26.54,26.78,27.08,-0.3,-1.11,95640.47,257805.8906
002030.SZ,20160512,26.61,27.09,25.88,27.08,26.83,0.25,0.93,116178.91,309163.4034
002030.SZ,20160511,27.32,27.45,26.6,26.83,27.02,-0.19,-0.7,115941.75,313114.5736
002030.SZ,20160510,26.55,27.66,26.55,27.02,26.7,0.32,1.2,145606.35,397268.6189
002030.SZ,20160509,28.02,28.07,26.52,26.7,28.37,-1.67,-5.89,168885.41,459248.6356
002030.SZ,20160506,30.35,30.42,28.2,28.37,30.19,-1.82,-6.03,224304.77,657661.2715
002030.SZ,20160505,29.9,30.29,29.71,30.19,30.23,-0.04,-0.13,117867.68,354338.2745
002030.SZ,20160504,30.4,30.8,30.05,30.23,30.6,-0.37,-1.21,174982.68,531161.7609
002030.SZ,20160503,29.0,30.66,28.9,30.6,30.1,0.5,1.66,226498.51,677934.6448
002030.SZ,20160429,30.55,30.78,30.05,30.1,30.63,-0.53,-1.73,116662.51,354003.4063
002030.SZ,20160428,30.59,30.85,29.8,30.63,30.92,-0.29,-0.94,187814.21,569776.0014
002030.SZ,20160427,32.3,32.3,30.9,30.92,31.59,-0.67,-2.12,187898.14,593949.8335
002030.SZ,20160426,31.3,31.78,30.88,31.59,31.52,0.07,0.22,155837.92,488311.3831
002030.SZ,20160425,31.4,31.76,30.36,31.52,31.52,0.0,0.0,172536.63,536848.7904
002030.SZ,20160422,30.25,31.7,29.98,31.52,30.28,1.24,4.1,252516.39,786658.4184
002030.SZ,20160421,30.28,30.95,30.19,30.28,30.5,-0.22,-0.72,187515.81,573067.0574
002030.SZ,20160420,32.91,32.95,30.01,30.5,32.84,-2.34,-7.13,340879.62,1065237.1288
002030.SZ,20160419,32.95,33.4,32.12,32.84,32.61,0.23,0.71,262649.11,860435.1641
002030.SZ,20160418,33.63,33.65,32.5,32.61,34.13,-1.52,-4.45,250510.83,821855.6838
002030.SZ,20160415,34.13,35.12,34.0,34.13,34.12,0.01,0.03,286895.53,989143.9841
002030.SZ,20160414,34.1,34.65,33.8,34.12,34.8,-0.68,-1.95,343644.07,1175651.883
002030.SZ,20160413,32.8,36.04,32.3,34.8,33.15,1.65,4.98,633123.18,2121605.3098
002030.SZ,20160412,32.75,33.38,31.92,33.15,31.94,1.21,3.79,710302.33,2326144.9061
002030.SZ,20160411,29.5,31.94,29.46,31.94,29.04,2.9,9.99,375694.05,1165596.2343
002030.SZ,20160408,29.49,29.6,28.5,29.04,29.9,-0.86,-2.88,185986.43,538744.9966
002030.SZ,20160407,31.0,31.17,29.9,29.9,30.72,-0.82,-2.67,188089.48,574533.0526
002030.SZ,20160406,30.4,30.84,30.13,30.72,30.8,-0.08,-0.26,189867.92,579322.1314
002030.SZ,20160405,29.22,30.86,29.0,30.8,29.06,1.74,5.99,230689.67,693708.4047
002030.SZ,20160401,29.23,29.6,28.5,29.06,29.61,-0.55,-1.86,138095.85,399197.601
002030.SZ,20160331,30.0,30.35,29.4,29.61,29.8,-0.19,-0.64,168805.13,503578.4409
002030.SZ,20160330,28.9,29.87,28.82,29.8,28.62,1.18,4.12,128891.32,377884.2175
002030.SZ,20160329,29.8,30.05,28.25,28.62,29.85,-1.23,-4.12,161819.12,468501.3095
002030.SZ,20160328,30.66,31.16,29.71,29.85,30.6,-0.75,-2.45,158605.0,484164.4915
002030.SZ,20160325,30.33,31.5,30.28,30.6,30.09,0.51,1.69,176256.79,542470.2873
002030.SZ,20160324,30.7,31.0,29.98,30.09,31.05,-0.96,-3.09,177602.71,541873.0076
002030.SZ,20160323,31.66,32.1,30.5,31.05,31.22,-0.17,-0.54,227149.3,707360.8554
002030.SZ,20160322,29.8,31.8,29.61,31.22,30.39,0.83,2.73,296918.26,922176.6682
002030.SZ,20160321,29.96,30.8,29.66,30.39,29.38,1.01,3.44,283280.97,853741.8291
002030.SZ,20160318,28.0,29.78,27.74,29.38,27.76,1.62,5.84,282182.12,814508.7001
002030.SZ,20160317,26.65,28.0,26.62,27.76,26.44,1.32,4.99,203631.0,558674.9485
002030.SZ,20160316,27.18,27.58,26.38,26.44,27.06,-0.62,-2.29,102189.73,274844.6671
002030.SZ,20160315,27.5,27.65,27.0,27.06,27.31,-0.25,-0.92,107735.45,293499.8977
002030.SZ,20160314,26.49,27.8,26.44,27.31,26.05,1.26,4.84,157609.5,430542.4199
002030.SZ,20160311,25.8,26.41,25.6,26.05,26.18,-0.13,-0.5,70875.24,184892.0207
002030.SZ,20160310,26.95,27.45,26.05,26.18,27.2,-1.02,-3.75,113021.35,301570.3868
002030.SZ,20160309,26.04,28.45,25.0,27.2,27.07,0.13,0.48,174866.32,477365.0321
002030.SZ,20160308,27.18,27.2,25.28,27.07,27.42,-0.35,-1.28,155335.12,408468.9916
002030.SZ,20160307,27.21,28.36,27.2,27.42,26.8,0.62,2.31,143421.76,396693.1177
002030.SZ,20160304,27.86,28.55,26.57,26.8,27.83,-1.03,-3.7,213684.41,588576.9878
002030.SZ,20160303,27.68,28.66,27.21,27.83,27.45,0.38,1.38,230667.84,644608.834
002030.SZ,20160302,26.05,27.66,25.78,27.45,26.03,1.42,5.46,176908.58,473192.065
002030.SZ,20160301,26.19,26.55,24.5,26.03,25.98,0.05,0.19,170046.34,436511.6371
002030.SZ,20160229,28.2,28.39,25.97,25.98,28.85,-2.87,-9.95,164455.3,435852.9279
002030.SZ,20160226,30.0,30.26,28.31,28.85,29.74,-0.89,-2.99,151989.65,442416.2229
002030.SZ,20160225,32.98,32.98,29.74,29.74,33.04,-3.3,-9.99,210640.04,652648.7502
002030.SZ,20160224,33.0,33.35,32.48,33.04,33.65,-0.61,-1.81,218935.46,721435.8388
002030.SZ,20160223,31.99,33.65,31.11,33.65,31.98,1.67,5.22,292953.15,953435.9367
002030.SZ,20160222,32.4,32.58,31.64,31.98,31.51,0.47,1.49,162781.92,520425.3978
002030.SZ,20160219,31.37,31.7,30.98,31.51,31.38,0.13,0.41,114103.69,357895.6779
002030.SZ,20160218,31.98,32.64,31.32,31.38,31.84,-0.46,-1.44,178584.57,569301.4615
002030.SZ,20160217,31.42,32.56,31.08,31.84,31.5,0.34,1.08,205478.93,655219.2363
002030.SZ,20160216,29.4,31.98,29.4,31.5,29.13,2.37,8.14,191200.07,596908.8267
002030.SZ,20160215,28.41,29.49,28.2,29.13,29.72,-0.59,-1.99,83463.06,241485.369
002030.SZ,20160205,30.72,30.72,29.5,29.72,30.27,-0.55,-1.82,100219.86,299931.929
002030.SZ,20160204,29.79,30.54,29.7,30.27,29.6,0.67,2.26,153974.29,465807.0974
002030.SZ,20160203,29.33,29.91,28.72,29.6,29.73,-0.13,-0.44,116819.08,341794.332
002030.SZ,20160202,28.35,30.39,28.2,29.73,28.03,1.7,6.06,179114.52,528969.4231
002030.SZ,20160201,28.6,29.35,27.5,28.03,28.97,-0.94,-3.24,125415.18,357706.2233
002030.SZ,20160129,27.68,29.37,27.42,28.97,27.9,1.07,3.84,155102.34,444124.5719
002030.SZ,20160128,27.8,29.8,27.31,27.9,28.3,-0.4,-1.41,178227.86,505687.6245
002030.SZ,20160127,29.8,29.81,26.51,28.3,29.45,-1.15,-3.9,200870.71,558866.5021
002030.SZ,20160126,32.19,32.38,29.45,29.45,32.72,-3.27,-9.99,155439.6,478189.7105
002030.SZ,20160125,33.5,33.5,32.2,32.72,32.8,-0.08,-0.24,100493.38,330703.0713
002030.SZ,20160122,33.2,33.56,31.5,32.8,32.68,0.12,0.37,135859.91,441476.8656
002030.SZ,20160121,33.0,34.61,32.68,32.68,33.77,-1.09,-3.23,186700.68,633136.2234
002030.SZ,20160120,34.8,34.82,33.5,33.77,34.97,-1.2,-3.43,187938.64,641407.9825
002030.SZ,20160119,33.57,35.11,33.08,34.97,33.92,1.05,3.1,203338.33,693432.5882
002030.SZ,20160118,32.87,34.44,32.5,33.92,32.86,1.06,3.23,191727.15,645154.4002
002030.SZ,20160115,33.6,34.55,32.49,32.86,33.53,-0.67,-2.0,256445.76,860523.2368
002030.SZ,20160114,29.17,33.53,29.16,33.53,30.48,3.05,10.01,254423.49,819045.5637
002030.SZ,20160113,32.0,32.48,30.3,30.48,31.9,-1.42,-4.45,164154.02,517684.8305
002030.SZ,20160112,30.5,32.6,30.02,31.9,30.11,1.79,5.94,234679.05,737811.211
002030.SZ,20160111,32.8,34.3,29.98,30.11,33.28,-3.17,-9.53,211684.7,686241.7166
002030.SZ,20160108,33.75,33.95,29.32,33.28,32.51,0.77,2.37,193349.42,638400.6217
002030.SZ,20160107,35.5,35.65,32.5,32.51,36.11,-3.6,-9.97,54263.99,182294.3726
002030.SZ,20160106,36.28,36.5,35.2,36.11,35.5,0.61,1.72,143453.58,515132.2197
002030.SZ,20160105,34.06,37.81,34.06,35.5,37.06,-1.56,-4.21,245138.23,880474.7221
002030.SZ,20160104,41.38,41.4,37.06,37.06,41.18,-4.12,-10.0,146096.68,569568.6977
002030.SZ,20151231,42.75,43.29,41.11,41.18,42.7,-1.52,-3.56,138071.94,580690.674
002030.SZ,20151230,42.52,43.57,41.93,42.7,42.27,0.43,1.02,182835.87,781999.9425
002030.SZ,20151229,43.1,43.29,41.6,42.27,42.8,-0.53,-1.24,173184.07,732184.7463
002030.SZ,20151228,45.99,46.14,42.78,42.8,45.72,-2.92,-6.39,256249.58,1137964.5149
002030.SZ,20151225,45.17,46.34,44.56,45.72,45.06,0.66,1.46,240783.08,1095339.8214
002030.SZ,20151224,44.33,45.75,43.8,45.06,44.49,0.57,1.28,228537.27,1031010.4566
002030.SZ,20151223,46.0,46.27,44.01,44.49,46.85,-2.36,-5.04,274441.83,1242024.9521
002030.SZ,20151222,45.01,47.19,44.47,46.85,45.81,1.04,2.27,398417.53,1826119.845
002030.SZ,20151221,46.95,48.45,45.43,45.81,44.9,0.91,2.03,602995.97,2816633.1666
002030.SZ,20151218,41.14,45.0,40.8,44.9,40.91,3.99,9.75,529249.82,2321653.0752
002030.SZ,20151217,40.97,41.39,40.6,40.91,40.5,0.41,1.01,174171.61,713540.138
002030.SZ,20151216,40.27,41.03,40.21,40.5,40.25,0.25,0.62,109644.03,444938.085
002030.SZ,20151215,39.68,41.21,39.45,40.25,39.5,0.75,1.9,145372.03,590072.8664
002030.SZ,20151214,39.0,39.66,38.0,39.5,39.3,0.2,0.51,129211.2,499952.56
002030.SZ,20151211,40.45,40.45,39.13,39.3,40.55,-1.25,-3.08,116094.82,460300.817
002030.SZ,20151210,40.45,41.32,40.24,40.55,40.45,0.1,0.25,99683.24,405976.7415
002030.SZ,20151209,40.77,41.35,40.2,40.45,41.15,-0.7,-1.7,108662.27,441814.3784
002030.SZ,20151208,42.99,42.99,40.86,41.15,43.19,-2.04,-4.72,165977.03,692970.7335
002030.SZ,20151207,42.85,43.25,41.8,43.19,42.53,0.66,1.55,139446.87,592271.0567
002030.SZ,20151204,42.17,43.57,41.81,42.53,41.9,0.63,1.5,168798.74,722596.8175
002030.SZ,20151203,41.5,42.2,40.96,41.9,40.86,1.04,2.55,103405.73,430029.4584
002030.SZ,20151202,41.9,41.9,39.65,40.86,42.4,-1.54,-3.63,140885.43,573541.6439
002030.SZ,20151201,41.98,43.71,41.44,42.4,41.33,1.07,2.59,176348.37,752107.9825
002030.SZ,20151130,41.1,42.0,38.88,41.33,41.11,0.22,0.54,168106.01,684520.691
002030.SZ,20151127,44.59,44.59,41.0,41.11,45.0,-3.89,-8.64,218006.69,932329.1083
002030.SZ,20151126,46.88,47.08,44.9,45.0,46.7,-1.7,-3.64,234776.29,1072491.2752
002030.SZ,20151125,43.69,47.2,43.16,46.7,43.21,3.49,8.08,336579.2,1525592.6534
002030.SZ,20151124,42.99,43.5,42.31,43.21,43.62,-0.41,-0.94,124692.03,534720.8101
002030.SZ,20151123,44.2,45.28,43.36,43.62,43.72,-0.1,-0.23,183139.65,813556.9326
002030.SZ,20151120,44.09,45.2,43.5,43.72,44.08,-0.36,-0.82,197011.2,869169.9383
002030.SZ,20151119,42.02,44.09,42.02,44.08,42.66,1.42,3.33,119197.43,516749.4437
002030.SZ,20151118,44.4,44.78,42.6,42.66,44.25,-1.59,-3.59,182451.75,795423.1741
002030.SZ,20151117,46.28,46.9,44.17,44.25,45.81,-1.56,-3.41,259125.24,1173427.8372
002030.SZ,20151116,44.22,45.96,44.0,45.81,45.88,-0.07,-0.15,151702.57,685926.5744
002030.SZ,20151113,47.55,47.56,45.36,45.88,47.79,-1.91,-4.0,222996.21,1031105.9304
002030.SZ,20151112,49.51,49.87,46.82,47.79,49.06,-1.27,-2.59,318136.48,1521949.9277
002030.SZ,20151111,46.74,50.18,46.74,49.06,46.74,2.32,4.96,312749.19,1517841.3084
002030.SZ,20151110,46.9,47.6,45.75,46.74,47.19,-0.45,-0.95,244342.78,1141119.23
002030.SZ,20151109,45.44,48.5,45.15,47.19,45.6,1.59,3.49,348607.08,1654668.239
002030.SZ,20151106,44.38,46.35,44.13,45.6,44.12,1.48,3.35,218282.22,997618.1834
002030.SZ,20151105,45.8,46.51,43.65,44.12,45.27,-1.15,-2.54,268756.91,1208828.4855
002030.SZ,20151104,41.1,45.27,41.1,45.27,41.15,4.12,10.01,290994.45,1275183.8392
002030.SZ,20151103,42.45,43.0,40.81,41.15,41.81,-0.66,-1.58,132812.75,555242.8677
002030.SZ,20151102,43.5,44.88,41.72,41.81,45.04,-3.23,-7.17,182365.88,789502.5251
002030.SZ,20151030,45.6,46.39,43.51,45.04,44.78,0.26,0.58,166596.77,756487.6705
002030.SZ,20151029,45.49,46.2,43.8,44.78,45.2,-0.42,-0.93,163175.89,736480.5213
002030.SZ,20151028,48.2,48.2,44.2,45.2,48.52,-3.32,-6.84,224449.15,1042274.694
002030.SZ,20151027,46.85,49.05,45.0,48.52,47.79,0.73,1.53,230516.06,1084633.7274
002030.SZ,20151026,49.36,49.37,45.55,47.79,49.36,-1.57,-3.18,360825.39,1700227.4762
002030.SZ,20151023,52.0,53.98,48.7,49.36,50.17,-0.81,-1.61,595421.19,3080443.7124
002030.SZ,20151022,47.4,50.6,45.01,50.17,46.29,3.88,8.38,550079.94,2656517.838
002030.SZ,20151021,43.12,47.39,43.12,46.29,43.08,3.21,7.45,613467.0,2863406.6051
002030.SZ,20151020,42.59,43.76,42.58,43.08,42.48,0.6,1.41,153403.53,661614.9791
002030.SZ,20151019,45.69,45.92,41.18,42.48,45.15,-2.67,-5.91,295686.19,1284675.0558
002030.SZ,20151016,44.35,46.93,43.21,45.15,44.35,0.8,1.8,298294.78,1349802.9915
002030.SZ,20151015,43.2,45.13,42.0,44.35,44.61,-0.26,-0.58,383681.65,1668044.147
002030.SZ,20151014,39.6,48.29,39.6,44.61,43.9,0.71,1.62,599262.84,2601354.2582
002030.SZ,20150717,41.0,43.9,39.91,43.9,39.91,3.99,10.0,331425.78,1398753.8373
002030.SZ,20150716,34.89,39.91,32.98,39.91,36.28,3.63,10.01,383033.71,1471410.0432
002030.SZ,20150715,42.68,42.68,35.66,36.28,38.81,-2.53,-6.52,544020.25,2123977.7547
002030.SZ,20150714,38.81,38.81,38.81,38.81,35.28,3.53,10.01,23480.2,91126.6562
002030.SZ,20150713,35.28,35.28,35.28,35.28,32.07,3.21,10.01,17139.77,60469.1086
002030.SZ,20150710,32.07,32.07,31.36,32.07,29.15,2.92,10.02,92909.36,297919.0022
002030.SZ,20150709,25.5,29.15,25.5,29.15,26.5,2.65,10.0,383522.12,1090666.293
002030.SZ,20150708,23.54,28.26,23.54,26.5,26.15,0.35,1.34,1251210.95,3090214.6734
002030.SZ,20150707,26.5,26.91,26.15,26.15,29.06,-2.91,-10.01,198608.25,521009.3542
002030.SZ,20150706,35.5,35.5,29.06,29.06,32.29,-3.23,-10.0,395378.05,1197517.3697
002030.SZ,20150703,33.0,36.49,32.29,32.29,35.88,-3.59,-10.01,240270.27,796148.1346
002030.SZ,20150702,38.29,38.62,35.88,35.88,39.87,-3.99,-10.01,240264.55,873658.5646
002030.SZ,20150701,44.0,45.67,39.87,39.87,44.3,-4.43,-10.0,273145.28,1179759.2302
002030.SZ,20150630,38.35,45.5,38.28,44.3,42.53,1.77,4.16,290354.87,1198985.7287
002030.SZ,20150629,47.6,48.38,42.53,42.53,47.25,-4.72,-9.99,158487.99,688353.0492
002030.SZ,20150626,50.95,52.3,47.25,47.25,52.5,-5.25,-10.0,129118.57,628308.1434
002030.SZ,20150625,54.07,55.5,52.05,52.5,54.06,-1.56,-2.89,155840.6,834201.6596
002030.SZ,20150624,55.8,56.58,53.0,54.06,55.02,-0.96,-1.74,145366.56,799417.4377
002030.SZ,20150623,50.7,55.2,50.7,55.02,51.8,3.22,6.22,178876.55,946711.1759
002030.SZ,20150619,53.5,54.2,50.6,51.8,55.1,-3.3,-5.99,159020.48,828050.6715
002030.SZ,20150618,56.4,57.8,54.12,55.1,56.5,-1.4,-2.48,147740.76,826655.2052
002030.SZ,20150617,56.0,56.95,53.88,56.5,54.4,2.1,3.86,148501.31,820939.8888
002030.SZ,20150616,67.15,69.85,63.66,65.33,69.85,-4.52,-6.47,166168.08,1097238.2926
002030.SZ,20150615,73.0,73.24,69.4,69.85,74.22,-4.37,-5.89,160817.89,1140550.3641
002030.SZ,20150612,76.9,76.9,73.82,74.22,76.98,-2.76,-3.59,144148.55,1077664.9053
002030.SZ,20150611,73.3,79.48,73.3,76.98,72.91,4.07,5.58,183279.8,1406795.5669
002030.SZ,20150610,72.1,74.75,69.51,72.91,72.78,0.13,0.18,172481.39,1248220.6955
002030.SZ,20150609,72.0,74.87,70.58,72.78,72.8,-0.02,-0.03,130411.77,945934.9367
002030.SZ,20150608,79.01,79.3,72.0,72.8,79.97,-7.17,-8.97,253254.4,1896334.2261
002030.SZ,20150605,80.49,85.13,78.13,79.97,80.0,-0.03,-0.04,264989.45,2163014.8664
002030.SZ,20150604,75.0,82.0,72.17,80.0,77.42,2.58,3.33,311709.3,2416036.1135
002030.SZ,20150603,70.0,77.42,66.42,77.42,70.38,7.04,10.0,310890.49,2224567.7573
002030.SZ,20150602,71.99,73.0,68.0,70.38,70.29,0.09,0.13,306633.57,2162986.2067
002030.SZ,20150601,68.0,70.29,67.0,70.29,63.9,6.39,10.0,344665.4,2402676.79
002030.SZ,20150529,64.0,65.5,59.85,63.9,62.0,1.9,3.06,244994.27,1560192.2595
002030.SZ,20150528,63.7,67.47,61.0,62.0,64.5,-2.5,-3.88,279416.68,1807137.6633
002030.SZ,20150527,64.01,67.93,63.5,64.5,64.8,-0.3,-0.46,265228.16,1744285.8444
002030.SZ,20150526,62.56,66.5,62.0,64.8,62.75,2.05,3.27,281463.27,1799415.4745
002030.SZ,20150525,61.69,63.6,59.82,62.75,62.89,-0.14,-0.22,220886.67,1368736.3549
002030.SZ,20150522,64.99,65.0,60.51,62.89,59.82,3.07,5.13,420074.71,2641045.0103
002030.SZ,20150521,55.0,59.82,53.58,59.82,54.38,5.44,10.0,225294.87,1289582.3601
002030.SZ,20150520,53.6,55.8,53.18,54.38,53.48,0.9,1.68,271662.12,1483934.8691
002030.SZ,20150519,55.05,55.5,52.88,53.48,54.22,-0.74,-1.36,209357.94,1123761.7496
002030.SZ,20150518,53.18,54.96,52.5,54.22,52.6,1.62,3.08,273055.98,1479373.8852
002030.SZ,20150515,53.76,53.76,51.3,52.6,53.48,-0.88,-1.65,201548.2,1053515.1039
002030.SZ,20150514,55.0,55.05,52.8,53.48,54.78,-1.3,-2.37,233604.77,1253966.4419
002030.SZ,20150513,54.8,56.56,53.45,54.78,54.75,0.03,0.05,290199.2,1601182.1306
002030.SZ,20150512,55.5,56.98,54.33,54.75,56.96,-2.21,-3.88,372739.46,2060067.9783
002030.SZ,20150511,55.49,57.5,53.28,56.96,54.82,2.14,3.9,526797.34,2924146.2513
002030.SZ,20150508,52.86,54.99,50.73,54.82,51.88,2.94,5.67,321680.99,1724795.5063
002030.SZ,20150507,51.79,54.45,51.25,51.88,51.9,-0.02,-0.04,285931.93,1520256.2654
002030.SZ,20150506,49.0,53.0,48.11,51.9,48.7,3.2,6.57,325967.14,1655730.5736
002030.SZ,20150505,50.1,51.0,48.7,48.7,49.9,-1.2,-2.4,150430.22,745875.6897
002030.SZ,20150504,49.65,50.7,47.0,49.9,49.71,0.19,0.38,172587.64,848935.8964
002030.SZ,20150430,50.11,51.67,49.0,49.71,50.1,-0.39,-0.78,175490.02,881243.6015
002030.SZ,20150429,49.5,51.59,48.5,50.1,50.09,0.01,0.02,203214.83,1016429.9419
002030.SZ,20150428,53.58,53.99,49.36,50.09,53.05,-2.96,-5.58,193945.67,989325.2115
002030.SZ,20150427,54.85,54.88,52.67,53.05,53.33,-0.28,-0.53,177961.38,951385.9641
002030.SZ,20150424,55.0,56.08,52.69,53.33,54.98,-1.65,-3.0,217721.24,1176374.3728
002030.SZ,20150423,52.65,56.95,51.55,54.98,52.4,2.58,4.92,341155.28,1856177.6617
002030.SZ,20150422,52.0,53.68,51.32,52.4,51.84,0.56,1.08,163794.38,860774.4785
002030.SZ,20150421,49.87,52.52,48.8,51.84,49.88,1.96,3.93,207518.05,1056115.1543
002030.SZ,20150420,52.0,55.49,49.5,49.88,53.4,-3.52,-6.59,216181.37,1134000.9035
002030.SZ,20150417,53.39,55.88,52.2,53.4,54.82,-1.42,-2.59,202652.92,1088849.6887
002030.SZ,20150416,52.18,58.0,50.6,54.82,52.9,1.92,3.63,288924.8,1592356.0186
002030.SZ,20150415,54.3,56.0,52.59,52.9,56.49,-3.59,-6.36,216530.82,1174513.2007
002030.SZ,20150414,54.01,57.9,51.0,56.49,53.7,2.79,5.2,304291.73,1647595.0729
002030.SZ,20150413,53.2,55.38,52.3,53.7,50.35,3.35,6.65,315873.74,1696678.1681
002030.SZ,20150410,45.17,50.35,45.17,50.35,45.77,4.58,10.01,305352.7,1487619.0014
002030.SZ,20150409,44.44,46.65,41.6,45.77,44.87,0.9,2.01,277480.92,1232930.009
002030.SZ,20150408,48.2,48.24,43.38,44.87,47.68,-2.81,-5.89,298640.38,1354852.9755
002030.SZ,20150407,46.68,50.2,44.91,47.68,46.67,1.01,2.16,212206.58,1019643.2335
002030.SZ,20150403,43.8,48.21,43.08,46.67,44.37,2.3,5.18,262391.74,1197468.4699
002030.SZ,20150402,45.09,45.1,43.22,44.37,44.28,0.09,0.2,233464.59,1024754.3008
002030.SZ,20150401,43.99,45.57,43.0,44.28,42.9,1.38,3.22,347560.95,1535429.9843
002030.SZ,20150331,39.0,42.9,38.66,42.9,39.0,3.9,10.0,462884.91,1919737.5089
002030.SZ,20150330,39.22,40.13,38.58,39.0,38.97,0.03,0.08,237742.38,934967.3932
002030.SZ,20150327,37.59,39.84,37.59,38.97,37.16,1.81,4.87,278503.34,1086410.3229
002030.SZ,20150326,37.9,39.38,36.8,37.16,38.68,-1.52,-3.93,211074.96,799981.9593
002030.SZ,20150325,38.6,39.57,37.5,38.68,39.05,-0.37,-0.95,292378.81,1130188.9971
002030.SZ,20150324,39.8,39.85,38.1,39.05,39.85,-0.8,-2.01,217354.93,844500.1025
002030.SZ,20150323,39.11,40.78,38.1,39.85,39.11,0.74,1.89,219386.11,866770.504
002030.SZ,20150320,38.85,41.45,38.45,39.11,38.55,0.56,1.45,268822.93,1072178.1933
002030.SZ,20150319,39.6,40.0,38.25,38.55,40.09,-1.54,-3.84,218324.65,853150.2332
002030.SZ,20150318,39.9,41.18,39.34,40.09,40.63,-0.54,-1.33,180035.79,723484.1021
002030.SZ,20150317,39.18,41.4,37.8,40.63,39.18,1.45,3.7,405388.04,1585868.0815
002030.SZ,20150316,36.36,39.18,36.36,39.18,35.62,3.56,9.99,404535.06,1563422.8019
002030.SZ,20150313,35.01,36.41,34.2,35.62,35.58,0.04,0.11,212587.43,753251.0728
002030.SZ,20150312,37.23,37.23,33.28,35.58,36.98,-1.4,-3.79,308320.44,1080629.1449
002030.SZ,20150311,38.11,39.43,36.36,36.98,38.66,-1.68,-4.35,288330.18,1079815.3579
002030.SZ,20150310,36.99,40.36,35.51,38.66,36.8,1.86,5.05,397695.24,1497704.7563
002030.SZ,20150309,33.4,36.8,33.21,36.8,33.45,3.35,10.01,479628.66,1697618.9351
002030.SZ,20150306,36.0,36.69,33.04,33.45,36.36,-2.91,-8.0,390109.8,1353031.926
002030.SZ,20150305,38.1,38.71,35.95,36.36,35.83,0.53,1.48,460533.17,1707896.5091
002030.SZ,20150304,32.57,35.83,32.04,35.83,32.57,3.26,10.01,360960.6,1240206.0218
002030.SZ,20150303,29.84,33.24,29.7,32.57,30.22,2.35,7.78,498435.63,1606896.6353
002030.SZ,20150302,28.26,30.75,27.8,30.22,28.34,1.88,6.63,349031.91,1031232.4037
002030.SZ,20150227,27.35,28.73,27.12,28.34,27.41,0.93,3.39,267258.93,755067.0621
002030.SZ,20150226,27.47,28.25,26.48,27.41,27.29,0.12,0.44,241549.22,661957.9019
002030.SZ,20150225,28.3,29.1,27.06,27.29,28.28,-0.99,-3.5,434824.78,1225762.1321
002030.SZ,20150217,26.5,29.12,26.41,28.28,26.47,1.81,6.84,608617.48,1728514.3124
002030.SZ,20150216,26.9,26.9,25.48,26.47,25.6,0.87,3.4,412978.58,1083525.9832
002030.SZ,20150213,23.39,25.6,23.36,25.6,23.27,2.33,10.01,267254.13,670437.8928
002030.SZ,20150212,23.3,23.43,22.89,23.27,23.3,-0.03,-0.13,57731.3,133803.6368
002030.SZ,20150211,23.02,23.44,22.82,23.3,23.0,0.3,1.3,59502.3,138443.8606
002030.SZ,20150210,22.5,23.09,22.31,23.0,22.36,0.64,2.86,76070.3,173325.6302
002030.SZ,20150209,23.2,23.2,22.3,22.36,23.1,-0.74,-3.2,93755.82,211602.6783
002030.SZ,20150206,24.24,24.5,22.87,23.1,24.22,-1.12,-4.62,156217.71,366230.2163
002030.SZ,20150205,23.71,24.65,23.61,24.22,23.69,0.53,2.24,212349.36,514092.9647
002030.SZ,20150204,23.66,23.87,23.49,23.69,23.65,0.04,0.17,79668.33,188576.3826
002030.SZ,20150203,23.8,23.95,23.4,23.65,23.74,-0.09,-0.38,96941.49,228804.3697
002030.SZ,20150202,23.19,24.23,23.02,23.74,23.13,0.61,2.64,145336.03,346368.359
002030.SZ,20150130,23.0,23.35,22.68,23.13,23.0,0.13,0.57,101361.26,234241.6451
002030.SZ,20150129,23.95,23.95,22.91,23.0,23.85,-0.85,-3.56,126428.34,294442.0841
002030.SZ,20150128,23.69,24.33,23.69,23.85,23.79,0.06,0.25,127231.62,306337.6424
002030.SZ,20150127,24.23,24.23,23.5,23.79,24.28,-0.49,-2.02,158817.07,378081.0089
002030.SZ,20150126,24.8,24.8,24.2,24.28,24.8,-0.52,-2.1,182087.84,444093.1646
002030.SZ,20150123,24.96,25.15,24.08,24.8,24.48,0.32,1.31,286310.66,708664.4333
002030.SZ,20150122,24.6,24.98,24.14,24.48,24.4,0.08,0.33,217553.36,535190.9242
002030.SZ,20150121,23.85,25.17,23.8,24.4,24.12,0.28,1.16,345447.24,846373.6023
002030.SZ,20150120,23.21,24.4,22.73,24.12,22.99,1.13,4.92,362615.68,866459.4153
002030.SZ,20150119,22.0,23.91,21.91,22.99,22.25,0.74,3.33,343843.89,796929.1132
002030.SZ,20150116,21.58,22.52,21.53,22.25,21.77,0.48,2.2,151598.36,334964.41
002030.SZ,20150115,22.1,22.2,21.62,21.77,22.55,-0.78,-3.46,165372.09,361263.9097
002030.SZ,20150114,21.88,23.0,21.65,22.55,21.87,0.68,3.11,411142.89,921464.3514
002030.SZ,20150113,19.9,21.87,19.9,21.87,19.88,1.99,10.01,354998.89,758433.44
002030.SZ,20150112,19.96,20.15,19.7,19.88,19.89,-0.01,-0.05,52328.84,104394.6016
002030.SZ,20150109,20.2,20.46,19.8,19.89,20.22,-0.33,-1.63,94842.46,190913.2779
002030.SZ,20150108,20.25,20.69,20.08,20.22,20.28,-0.06,-0.3,84713.57,173134.8836
002030.SZ,20150107,20.6,20.7,20.03,20.28,20.6,-0.32,-1.55,87232.64,177423.8194
002030.SZ,20150106,19.85,20.95,19.5,20.6,19.88,0.72,3.62,164443.59,334074.2185
002030.SZ,20150105,20.3,20.33,19.5,19.88,20.07,-0.19,-0.95,94372.55,186929.7501
002030.SZ,20141231,19.6,20.3,19.3,20.07,19.8,0.27,1.36,141636.46,281152.0541
002030.SZ,20141230,19.77,20.49,19.5,19.8,19.35,0.45,2.33,195365.55,390335.3557
002030.SZ,20141229,19.75,19.79,18.7,19.35,19.65,-0.3,-1.53,129910.79,247268.623
002030.SZ,20141226,19.8,19.84,19.38,19.65,19.91,-0.26,-1.31,85338.36,167052.4279
002030.SZ,20141225,19.63,20.29,19.31,19.91,19.63,0.28,1.43,100532.52,199398.5594
002030.SZ,20141224,18.9,19.68,18.6,19.63,18.84,0.79,4.19,137464.08,263795.7416
002030.SZ,20141223,20.41,20.76,18.41,18.84,20.41,-1.57,-7.69,202096.11,396425.3703
002030.SZ,20141222,22.6,22.6,20.41,20.41,22.68,-2.27,-10.01,178331.78,374163.929
002030.SZ,20141219,23.12,23.15,22.3,22.68,22.95,-0.27,-1.18,102489.79,232588.9478
002030.SZ,20141218,23.29,23.4,22.8,22.95,23.3,-0.35,-1.5,113340.94,261055.2002
002030.SZ,20141217,23.7,23.71,23.19,23.3,23.79,-0.49,-2.06,112931.45,263502.0139
002030.SZ,20141216,23.5,23.83,23.15,23.79,23.59,0.2,0.85,139927.56,328986.8548
002030.SZ,20141215,23.0,23.86,22.8,23.59,23.03,0.56,2.43,157212.7,369135.5645
002030.SZ,20141212,23.1,23.23,22.85,23.03,23.25,-0.22,-0.95,96359.62,221714.9786
002030.SZ,20141211,22.94,23.33,22.48,23.25,23.06,0.19,0.82,134569.58,309883.6295
002030.SZ,20141210,22.39,23.35,22.3,23.06,22.49,0.57,2.53,117849.51,269411.8892
002030.SZ,20141209,24.0,24.0,22.45,22.49,24.29,-1.8,-7.41,265509.76,620210.221
002030.SZ,20141208,23.53,24.66,23.35,24.29,23.62,0.67,2.84,331164.94,799966.7805
002030.SZ,20141205,24.12,24.17,22.88,23.62,24.14,-0.52,-2.15,175350.0,413494.2593
002030.SZ,20141204,23.46,24.26,23.36,24.14,23.39,0.75,3.21,243493.62,582682.9524
002030.SZ,20141203,23.66,23.66,22.85,23.39,23.73,-0.34,-1.43,202941.54,469590.5122
002030.SZ,20141202,23.95,23.98,23.54,23.73,23.95,-0.22,-0.92,137867.98,327074.9332
002030.SZ,20141201,24.55,24.59,23.79,23.95,23.72,0.23,0.97,171508.67,413565.0414
002030.SZ,20141128,24.25,24.3,23.54,23.72,24.1,-0.38,-1.58,162865.57,388059.9708
002030.SZ,20141127,23.29,24.27,23.16,24.1,23.16,0.94,4.06,267255.49,636994.4042
002030.SZ,20141126,23.26,23.36,22.85,23.16,23.17,-0.01,-0.04,120542.22,278289.2
002030.SZ,20141125,22.79,23.19,22.74,23.17,22.91,0.26,1.13,153185.91,351865.2722
002030.SZ,20141124,23.3,23.3,22.29,22.91,23.16,-0.25,-1.08,187991.84,427503.8584
002030.SZ,20141121,23.31,23.32,22.73,23.16,23.43,-0.27,-1.15,132423.15,304219.7999
002030.SZ,20141120,23.8,23.87,23.4,23.43,24.02,-0.59,-2.46,83523.86,196591.2538
002030.SZ,20141119,23.65,24.24,23.59,24.02,23.54,0.48,2.04,141017.86,338558.6084
002030.SZ,20141118,23.08,23.57,22.85,23.54,22.95,0.59,2.57,109509.79,255177.2955
002030.SZ,20141117,22.9,23.24,22.81,22.95,22.84,0.11,0.48,64955.29,149799.5022
002030.SZ,20141114,22.95,23.31,22.65,22.84,23.0,-0.16,-0.7,71417.62,163976.8017
002030.SZ,20141113,23.61,23.77,22.98,23.0,23.86,-0.86,-3.6,110868.2,257626.3438
002030.SZ,20141112,23.31,23.92,22.9,23.86,23.21,0.65,2.8,130695.75,305944.6939
002030.SZ,20141111,24.52,24.71,23.0,23.21,24.34,-1.13,-4.64,164720.73,392069.5246
002030.SZ,20141110,24.64,24.8,24.03,24.34,24.63,-0.29,-1.18,104250.15,253003.8865
002030.SZ,20141107,25.6,25.9,24.5,24.63,25.4,-0.77,-3.03,170883.72,429655.5756
002030.SZ,20141106,26.99,26.99,25.3,25.4,24.54,0.86,3.5,245104.03,632837.5055
002030.SZ,20141105,24.3,24.85,24.0,24.54,24.38,0.16,0.66,106840.17,261708.4517
002030.SZ,20141104,25.03,25.18,24.35,24.38,25.19,-0.81,-3.22,165756.16,408494.9514
002030.SZ,20141103,25.53,25.53,24.83,25.19,25.66,-0.47,-1.83,163174.37,408417.7416
002030.SZ,20141031,26.3,26.57,25.4,25.66,26.4,-0.74,-2.8,176782.49,456052.7004
002030.SZ,20141030,25.74,26.88,25.58,26.4,25.73,0.67,2.6,245431.09,648135.1852
002030.SZ,20141029,25.68,25.87,25.2,25.73,25.56,0.17,0.67,203921.86,521357.0783
002030.SZ,20141028,25.1,25.64,24.77,25.56,25.09,0.47,1.87,162922.76,412320.523
002030.SZ,20141027,24.87,25.3,24.16,25.09,25.09,0.0,0.0,133808.15,333646.8599
002030.SZ,20141024,24.93,25.45,24.6,25.09,25.04,0.05,0.2,132460.33,331501.7759
002030.SZ,20141023,24.61,25.29,24.1,25.04,24.8,0.24,0.97,223787.7,554108.8085
002030.SZ,20141022,25.2,25.51,24.7,24.8,25.21,-0.41,-1.63,173089.64,434572.4726
002030.SZ,20141021,26.1,26.1,24.56,25.21,26.69,-1.48,-5.55,324458.81,819932.8909
002030.SZ,20141020,26.38,27.48,26.1,26.69,26.12,0.57,2.18,282374.09,756054.6851
002030.SZ,20141017,27.4,27.41,25.64,26.12,27.48,-1.36,-4.95,392870.15,1038021.9302
002030.SZ,20141016,28.0,29.98,27.35,27.48,28.38,-0.9,-3.17,655744.99,1873587.3586
002030.SZ,20141015,26.29,28.68,26.02,28.38,26.16,2.22,8.49,661804.84,1824169.0247
002030.SZ,20141014,25.0,26.85,24.54,26.16,25.24,0.92,3.65,479355.83,1233291.3371
002030.SZ,20141013,25.37,26.37,25.22,25.24,25.23,0.01,0.04,362540.01,935381.4604
002030.SZ,20141010,24.98,25.95,24.61,25.23,25.07,0.16,0.64,396814.51,1007589.0353
002030.SZ,20141009,23.7,25.57,23.41,25.07,23.59,1.48,6.27,492934.45,1200349.3306
002030.SZ,20141008,23.85,24.13,23.33,23.59,22.87,0.72,3.15,303582.76,718887.744
002030.SZ,20140930,22.91,23.06,22.63,22.87,22.96,-0.09,-0.39,116472.76,266275.1041
002030.SZ,20140929,23.25,23.5,22.92,22.96,23.22,-0.26,-1.12,150016.4,347070.7225
002030.SZ,20140926,22.91,23.48,22.89,23.22,22.91,0.31,1.35,148700.18,345001.6118
002030.SZ,20140925,23.43,23.54,22.89,22.91,23.3,-0.39,-1.67,136079.21,315808.0827
002030.SZ,20140924,23.03,23.32,22.93,23.3,23.13,0.17,0.74,145478.74,336678.9884
002030.SZ,20140923,22.7,23.14,22.54,23.13,22.8,0.33,1.45,144230.4,330022.9705
002030.SZ,20140922,22.62,23.44,22.56,22.8,22.64,0.16,0.71,174484.92,402343.1066
002030.SZ,20140919,22.76,22.85,22.5,22.64,22.81,-0.17,-0.75,75593.16,171271.8919
002030.SZ,20140918,22.6,23.0,22.32,22.81,22.44,0.37,1.65,133716.24,303699.0675
002030.SZ,20140917,21.92,22.54,21.67,22.44,21.91,0.53,2.42,111848.66,246633.022
002030.SZ,20140916,22.72,22.87,21.87,21.91,22.72,-0.81,-3.57,138631.1,310395.0458
002030.SZ,20140915,23.06,23.09,22.5,22.72,23.05,-0.33,-1.43,141216.23,320001.0423
002030.SZ,20140912,22.88,23.08,22.51,23.05,22.91,0.14,0.61,96841.77,221182.088
002030.SZ,20140911,23.27,23.68,22.85,22.91,23.27,-0.36,-1.55,168241.29,390652.598
002030.SZ,20140910,23.87,23.87,23.19,23.27,23.99,-0.72,-3.0,186739.47,436827.8951
002030.SZ,20140909,23.9,24.24,23.71,23.99,23.92,0.07,0.29,210261.13,503849.6299
002030.SZ,20140905,23.4,23.98,23.11,23.92,23.37,0.55,2.35,270200.48,639277.6121
002030.SZ,20140904,23.38,23.45,23.06,23.37,23.26,0.11,0.47,123020.99,286421.6491
002030.SZ,20140903,23.32,23.49,22.92,23.26,23.48,-0.22,-0.94,154461.68,359154.7736
002030.SZ,20140902,23.08,23.88,23.08,23.48,23.03,0.45,1.95,230715.83,541790.6645
002030.SZ,20140901,22.32,23.03,22.32,23.03,22.18,0.85,3.83,136092.24,309150.6332
002030.SZ,20140829,21.9,22.21,21.9,22.18,21.87,0.31,1.42,58391.4,128956.8204
002030.SZ,20140828,22.1,22.35,21.87,21.87,22.2,-0.33,-1.49,90470.91,199309.8624
002030.SZ,20140827,21.9,22.6,21.81,22.2,21.92,0.28,1.28,104189.1,231548.5394
002030.SZ,20140826,22.71,22.95,21.82,21.92,22.77,-0.85,-3.73,159052.74,353625.4774
002030.SZ,20140825,23.33,23.33,22.77,22.77,23.33,-0.56,-2.4,127403.22,293038.6793
002030.SZ,20140822,22.95,23.43,22.77,23.33,22.91,0.42,1.83,180586.58,418065.7192
002030.SZ,20140821,22.98,23.15,22.59,22.91,22.95,-0.04,-0.17,120930.44,275654.6964
002030.SZ,20140820,22.92,23.37,22.81,22.95,22.98,-0.03,-0.13,122245.22,281397.6726
002030.SZ,20140819,23.01,23.16,22.66,22.98,23.26,-0.28,-1.2,151889.36,348032.8111
002030.SZ,20140818,22.89,23.88,22.88,23.26,22.75,0.51,2.24,248967.23,582294.7719
002030.SZ,20140815,22.42,22.96,22.42,22.75,22.43,0.32,1.43,153900.77,348603.9152
002030.SZ,20140814,23.5,23.5,22.3,22.43,23.57,-1.14,-4.84,341021.45,775517.0986
002030.SZ,20140813,23.8,24.17,23.51,23.57,24.49,-0.92,-3.76,307296.05,729043.5816
002030.SZ,20140812,23.23,25.31,22.61,24.49,23.35,1.14,4.88,556661.74,1342900.933
002030.SZ,20140811,23.9,24.2,23.11,23.35,23.15,0.2,0.86,299753.04,703677.5444
002030.SZ,20140808,23.7,24.05,23.01,23.15,24.03,-0.88,-3.66,307353.25,720259.3199
002030.SZ,20140807,23.7,24.72,23.21,24.03,23.82,0.21,0.88,348902.38,838198.8735
002030.SZ,20140806,23.5,25.0,22.83,23.82,23.47,0.35,1.49,505773.23,1212551.7689
002030.SZ,20140805,21.65,24.0,21.01,23.47,21.86,1.61,7.37,478362.45,1083017.4374
002030.SZ,20140804,22.4,22.5,21.3,21.86,22.06,-0.2,-0.91,352269.31,772954.2938
002030.SZ,20140801,20.26,22.31,20.02,22.06,20.28,1.78,8.78,495121.38,1066492.2104
002030.SZ,20140731,20.1,20.62,19.71,20.28,20.14,0.14,0.7,231832.32,468237.9499
002030.SZ,20140730,19.06,20.19,19.06,20.14,19.31,0.83,4.3,240992.68,475353.675
002030.SZ,20140729,18.8,19.47,18.7,19.31,18.89,0.42,2.22,141089.42,269955.0853
002030.SZ,20140728,18.5,19.08,18.35,18.89,18.5,0.39,2.11,130116.96,243284.1475
002030.SZ,20140725,18.38,18.89,18.26,18.5,18.48,0.02,0.11,102405.91,189582.4596
002030.SZ,20140724,19.56,19.74,18.14,18.48,19.5,-1.02,-5.23,173873.64,326415.2093
002030.SZ,20140723,19.86,20.08,19.49,19.5,20.04,-0.54,-2.69,127493.74,251305.3534
002030.SZ,20140722,19.5,20.18,19.23,20.04,19.51,0.53,2.72,169979.93,335817.5415
002030.SZ,20140721,18.99,19.55,18.88,19.51,19.04,0.47,2.47,128671.03,247797.8916
002030.SZ,20140718,19.13,19.24,18.9,19.04,19.13,-0.09,-0.47,81074.41,154456.6218
002030.SZ,20140717,19.75,19.94,18.66,19.13,19.65,-0.52,-2.65,189225.29,361038.8325
002030.SZ,20140716,19.5,20.45,19.28,19.65,19.83,-0.18,-0.91,191026.67,380356.4863
002030.SZ,20140715,19.85,20.67,19.53,19.83,19.51,0.32,1.64,264815.18,532048.4173
002030.SZ,20140714,24.0,24.17,22.98,23.43,24.11,-0.68,-2.82,179932.95,420934.5689
002030.SZ,20140711,23.8,24.45,23.62,24.11,24.1,0.01,0.04,176961.83,424816.7487
002030.SZ,20140710,22.8,25.18,22.8,24.1,23.18,0.92,3.97,326936.38,793532.9934
002030.SZ,20140709,24.09,24.17,22.83,23.18,24.28,-1.1,-4.53,209794.01,496181.4728
002030.SZ,20140708,24.0,24.31,23.3,24.28,24.48,-0.2,-0.82,240186.87,572097.7527
002030.SZ,20140707,23.5,24.79,23.23,24.48,23.75,0.73,3.07,310256.46,748429.3139
002030.SZ,20140704,25.0,25.62,23.6,23.75,23.51,0.24,1.02,435964.8,1068466.4814
002030.SZ,20140703,21.61,23.51,21.61,23.51,21.37,2.14,10.01,135859.27,311248.6152
002030.SZ,20140702,21.38,21.69,20.75,21.37,21.4,-0.03,-0.14,186678.19,396584.7003
002030.SZ,20140701,19.5,21.4,19.41,21.4,19.45,1.95,10.03,253421.48,523143.259
002030.SZ,20140630,19.4,19.88,19.3,19.45,19.45,0.0,0.0,96657.51,189365.4782
002030.SZ,20140627,18.94,19.68,18.8,19.45,19.2,0.25,1.3,107062.57,206049.3377
002030.SZ,20140626,18.8,19.36,18.76,19.2,19.05,0.15,0.79,83846.69,160724.968
002030.SZ,20140625,19.41,19.78,18.85,19.05,19.29,-0.24,-1.24,110174.37,213392.1111
002030.SZ,20140624,19.0,19.29,18.78,19.29,19.12,0.17,0.89,84867.39,161611.1408
002030.SZ,20140623,18.11,19.23,18.11,19.12,18.09,1.03,5.69,174591.37,329413.3983
002030.SZ,20140620,17.92,18.15,17.68,18.09,17.9,0.19,1.06,66796.41,119669.7492
002030.SZ,20140619,18.25,18.55,17.77,17.9,18.27,-0.37,-2.03,89102.25,162118.5456
002030.SZ,20140618,18.35,18.73,18.05,18.27,18.4,-0.13,-0.71,80466.4,147167.4146
002030.SZ,20140617,18.85,19.08,18.4,18.4,18.91,-0.51,-2.7,109545.45,205152.8849
002030.SZ,20140616,18.66,19.03,18.58,18.91,18.67,0.24,1.29,100159.97,188938.3353
002030.SZ,20140613,18.66,19.21,18.44,18.67,18.71,-0.04,-0.21,107661.06,202570.7779
002030.SZ,20140612,19.27,19.46,18.6,18.71,19.3,-0.59,-3.06,144666.85,273455.9813
002030.SZ,20140611,18.83,19.83,18.72,19.3,19.1,0.2,1.05,170451.75,332470.2239
002030.SZ,20140610,19.69,19.87,18.4,19.1,19.8,-0.7,-3.54,215901.95,411073.0324
002030.SZ,20140609,19.4,19.88,19.31,19.8,19.6,0.2,1.02,125778.95,246198.5601
002030.SZ,20140606,18.9,19.96,18.85,19.6,18.95,0.65,3.43,239088.22,467171.0299
002030.SZ,20140605,18.7,19.07,18.52,18.95,18.85,0.1,0.53,112233.99,210914.1692
002030.SZ,20140604,18.88,19.09,18.32,18.85,19.04,-0.19,-1.0,130147.21,243011.3141
002030.SZ,20140603,18.07,19.2,17.85,19.04,18.09,0.95,5.25,199778.5,371699.0286
002030.SZ,20140530,17.72,18.3,17.3,18.09,17.84,0.25,1.4,133566.25,238062.6832
002030.SZ,20140529,18.45,19.0,17.82,17.84,18.46,-0.62,-3.36,180484.22,331721.7295
002030.SZ,20140528,18.47,18.53,17.92,18.46,18.35,0.11,0.6,143213.34,262752.4541
002030.SZ,20140527,18.51,18.93,18.2,18.35,18.6,-0.25,-1.34,196719.64,364740.5371
002030.SZ,20140526,19.18,19.8,18.4,18.6,18.98,-0.38,-2.0,347847.44,662162.9883
002030.SZ,20140523,17.99,18.98,17.65,18.98,17.8,1.18,6.63,298832.65,554381.3694
002030.SZ,20140522,18.06,18.48,17.74,17.8,17.95,-0.15,-0.84,174635.24,315426.0941
002030.SZ,20140521,17.21,18.07,16.8,17.95,17.4,0.55,3.16,178382.31,315941.2078
002030.SZ,20140520,17.25,18.18,17.25,17.4,17.22,0.18,1.05,237429.43,420216.4616
002030.SZ,20140519,16.68,17.35,16.41,17.22,16.49,0.73,4.43,175518.95,298862.8257
002030.SZ,20140516,16.66,16.98,16.29,16.49,16.66,-0.17,-1.02,94714.27,156875.8634
002030.SZ,20140515,16.9,17.12,16.54,16.66,16.92,-0.26,-1.54,109727.39,184620.4841
002030.SZ,20140514,16.95,17.17,16.63,16.92,17.13,-0.21,-1.23,122541.32,207422.4259
002030.SZ,20140513,15.92,17.13,15.77,17.13,16.0,1.13,7.06,187547.38,311915.7881
002030.SZ,20140512,15.65,16.02,15.45,16.0,15.57,0.43,2.76,70918.37,112017.677
002030.SZ,20140509,15.26,15.68,15.05,15.57,15.4,0.17,1.1,56889.75,87211.6359
002030.SZ,20140508,15.26,15.69,15.01,15.4,15.43,-0.03,-0.19,61650.14,95022.8862
002030.SZ,20140507,15.7,16.1,15.31,15.43,15.8,-0.37,-2.34,88057.37,138122.3971
002030.SZ,20140506,15.25,15.93,15.13,15.8,15.25,0.55,3.61,83663.51,131230.033
002030.SZ,20140505,15.45,15.45,14.93,15.25,15.29,-0.04,-0.26,56678.84,85817.3564
002030.SZ,20140430,15.3,15.39,15.12,15.29,15.27,0.02,0.13,56346.78,85967.4819
002030.SZ,20140429,14.53,15.3,14.27,15.27,14.81,0.46,3.11,104400.58,155555.3545
002030.SZ,20140428,16.6,16.6,14.81,14.81,16.45,-1.64,-9.97,198943.24,302917.8204
002030.SZ,20140425,16.17,16.8,16.16,16.45,16.3,0.15,0.92,90778.52,149787.9915
002030.SZ,20140424,16.3,16.55,16.01,16.3,16.2,0.1,0.62,76006.23,123753.1364
002030.SZ,20140423,16.77,16.96,16.0,16.2,16.96,-0.76,-4.48,115288.58,189072.4283
002030.SZ,20140422,16.83,17.59,16.31,16.96,16.85,0.11,0.65,212650.74,361429.501
002030.SZ,20140421,17.51,18.25,16.83,16.85,17.6,-0.75,-4.26,226712.79,399185.1263
002030.SZ,20140418,16.72,17.88,16.3,17.6,17.03,0.57,3.35,181215.27,311515.6715
002030.SZ,20140417,17.39,17.56,17.0,17.03,17.4,-0.37,-2.13,125659.64,218000.7742
002030.SZ,20140416,17.5,17.61,17.0,17.4,17.54,-0.14,-0.8,187827.77,325290.3838
002030.SZ,20140415,17.55,17.86,17.21,17.54,17.56,-0.02,-0.11,239873.46,420378.5117
002030.SZ,20140414,16.25,17.85,16.25,17.56,16.24,1.32,8.13,327959.74,565715.8855
002030.SZ,20140411,15.48,16.68,15.25,16.24,15.45,0.79,5.11,272001.66,437997.5791
002030.SZ,20140410,15.18,15.9,15.18,15.45,15.06,0.39,2.59,152769.94,238600.303
002030.SZ,20140409,14.47,15.1,14.47,15.06,14.45,0.61,4.22,126388.81,188800.8948
002030.SZ,20140408,14.25,14.61,14.19,14.45,14.37,0.08,0.56,68898.21,99479.2758
002030.SZ,20140404,13.73,14.48,13.66,14.37,13.74,0.63,4.59,90004.62,127560.8899
002030.SZ,20140403,13.57,13.95,13.57,13.74,13.57,0.17,1.25,46970.22,64613.6759
002030.SZ,20140402,13.68,13.84,13.44,13.57,13.58,-0.01,-0.07,53233.8,72887.6422
002030.SZ,20140401,13.2,13.62,13.1,13.58,13.15,0.43,3.27,50227.38,67663.4997
002030.SZ,20140331,13.55,13.64,12.96,13.15,13.55,-0.4,-2.95,85558.2,112655.7904
002030.SZ,20140328,14.6,14.73,13.47,13.55,14.54,-0.99,-6.81,129593.6,179110.2487
002030.SZ,20140327,14.96,14.96,14.52,14.54,14.98,-0.44,-2.94,56977.19,83675.0958
002030.SZ,20140326,15.17,15.25,14.96,14.98,15.13,-0.15,-0.99,47204.44,71059.0045
002030.SZ,20140325,14.99,15.27,14.9,15.13,14.99,0.14,0.93,51407.14,77742.0028
002030.SZ,20140324,14.83,15.18,14.83,14.99,14.81,0.18,1.22,58916.65,88696.4818
002030.SZ,20140321,14.53,14.94,14.23,14.81,14.66,0.15,1.02,65860.45,95789.0048
002030.SZ,20140320,15.1,15.21,14.65,14.66,15.06,-0.4,-2.66,66614.06,99062.6881
002030.SZ,20140319,15.4,15.43,14.84,15.06,15.15,-0.09,-0.59,56882.75,85897.962
002030.SZ,20140318,15.14,15.43,15.13,15.15,15.05,0.1,0.66,91339.07,139625.0428
002030.SZ,20140317,14.66,15.05,14.62,15.05,14.68,0.37,2.52,58833.39,87644.8471
002030.SZ,20140314,14.46,14.77,14.33,14.68,14.46,0.22,1.52,64421.46,94176.1471
002030.SZ,20140313,14.41,14.65,14.35,14.46,14.35,0.11,0.77,44279.1,64127.0001
002030.SZ,20140312,14.49,14.62,14.16,14.35,14.49,-0.14,-0.97,66997.15,96326.5592
002030.SZ,20140311,14.48,14.69,14.3,14.49,14.4,0.09,0.63,60289.34,87209.5786
002030.SZ,20140310,15.09,15.09,14.15,14.4,15.22,-0.82,-5.39,125316.18,182232.9513
002030.SZ,20140307,15.32,15.46,15.06,15.22,15.32,-0.1,-0.65,67046.09,102411.4749
002030.SZ,20140306,15.36,15.69,14.98,15.32,15.5,-0.18,-1.16,93671.2,143220.6216
002030.SZ,20140305,15.61,15.89,15.4,15.5,15.52,-0.02,-0.13,99039.79,155219.2433
002030.SZ,20140304,15.51,15.63,15.3,15.52,15.66,-0.14,-0.89,83309.85,128761.3464
002030.SZ,20140303,15.17,15.8,14.99,15.66,15.15,0.51,3.37,120866.7,187378.3691
002030.SZ,20140228,15.05,15.25,14.8,15.15,14.88,0.27,1.81,154588.9,232231.8634
002030.SZ,20140227,15.91,16.09,14.81,14.88,15.8,-0.92,-5.82,214896.55,330595.0658
002030.SZ,20140226,16.27,16.3,15.13,15.8,16.4,-0.6,-3.66,156282.24,245686.6174
002030.SZ,20140225,17.49,17.59,16.16,16.4,17.25,-0.85,-4.93,228355.81,387889.1842
002030.SZ,20140224,16.68,17.5,16.52,17.25,16.7,0.55,3.29,264846.54,453112.398
002030.SZ,20140221,16.68,16.84,16.44,16.7,16.68,0.02,0.12,94028.4,156483.3995
002030.SZ,20140220,17.31,17.41,16.61,16.68,17.3,-0.62,-3.58,178628.85,302126.9913
002030.SZ,20140219,16.37,17.37,16.15,17.3,16.44,0.86,5.23,258590.25,434138.944
002030.SZ,20140218,16.67,16.67,16.37,16.44,16.68,-0.24,-1.44,113433.13,187024.6772
002030.SZ,20140217,16.66,16.8,16.32,16.68,16.57,0.11,0.66,135369.92,223847.4138
002030.SZ,20140214,15.89,16.6,15.89,16.57,15.93,0.64,4.02,159811.57,260445.5946
002030.SZ,20140213,16.6,16.64,15.88,15.93,16.56,-0.63,-3.8,157235.35,254188.9064
002030.SZ,20140212,16.55,16.9,16.01,16.56,16.49,0.07,0.42,165943.8,271256.5885
002030.SZ,20140211,17.05,17.54,16.4,16.49,17.05,-0.56,-3.28,253546.12,426869.7091
002030.SZ,20140210,16.89,17.7,16.8,17.05,16.7,0.35,2.1,248166.37,424958.14
002030.SZ,20140207,16.27,16.85,16.06,16.7,16.25,0.45,2.77,157639.69,259715.72
002030.SZ,20140130,16.4,16.44,16.0,16.25,16.44,-0.19,-1.16,143513.7,231982.3031
002030.SZ,20140129,16.48,16.86,16.01,16.44,16.46,-0.02,-0.12,209421.9,345310.93
002030.SZ,20140128,16.75,17.85,16.46,16.46,16.39,0.07,0.43,385149.97,658834.902
002030.SZ,20140127,16.76,17.0,16.11,16.39,16.57,-0.18,-1.09,228707.17,376398.158
002030.SZ,20140124,15.98,16.88,15.79,16.57,15.66,0.91,5.81,357247.8,582873.1167
002030.SZ,20140123,15.21,16.11,15.15,15.66,15.22,0.44,2.89,296474.11,464407.0384
002030.SZ,20140122,15.07,15.34,14.79,15.22,14.92,0.3,2.01,199087.43,300008.1639
002030.SZ,20140121,15.0,15.22,14.74,14.92,15.05,-0.13,-0.86,195638.88,292153.2301
002030.SZ,20140120,14.14,15.09,14.05,15.05,14.14,0.91,6.44,215956.69,315328.9307
002030.SZ,20140117,14.36,14.5,14.11,14.14,14.54,-0.4,-2.75,109210.07,155563.881
002030.SZ,20140116,14.85,14.95,14.48,14.54,14.9,-0.36,-2.42,119617.17,175369.682
002030.SZ,20140115,14.5,14.9,14.45,14.9,14.5,0.4,2.76,118666.12,175040.9118
002030.SZ,20140114,14.32,14.5,14.03,14.5,14.31,0.19,1.33,108134.32,154672.7436
002030.SZ,20140113,15.18,15.22,14.0,14.31,14.77,-0.46,-3.11,153187.21,223597.8069
002030.SZ,20140110,15.07,15.35,14.51,14.77,15.13,-0.36,-2.38,141744.06,211142.9654
002030.SZ,20140109,14.7,15.75,14.59,15.13,14.72,0.41,2.79,268854.36,410791.1751
002030.SZ,20140108,14.78,14.9,14.54,14.72,14.76,-0.04,-0.27,93407.8,137207.373
002030.SZ,20140107,14.3,14.77,14.16,14.76,14.49,0.27,1.86,92512.82,135169.2783
002030.SZ,20140106,15.06,15.06,14.4,14.49,15.01,-0.52,-3.46,131417.02,192950.7865
002030.SZ,20140103,15.0,15.14,14.71,15.01,14.98,0.03,0.2,171522.33,255614.2685
002030.SZ,20140102,14.4,15.1,14.36,14.98,14.4,0.58,4.03,218536.41,324425.5558
002030.SZ,20131231,14.11,14.45,13.92,14.4,14.17,0.23,1.62,111456.94,159556.9921
002030.SZ,20131230,14.26,14.38,14.08,14.17,14.07,0.1,0.71,86692.04,123232.722
002030.SZ,20131227,13.92,14.18,13.83,14.07,14.02,0.05,0.36,111116.4,155911.2414
002030.SZ,20131226,14.31,14.65,14.0,14.02,14.3,-0.28,-1.96,128713.03,185045.2218
002030.SZ,20131225,14.2,14.48,13.7,14.3,14.38,-0.08,-0.56,169674.35,240001.1052
002030.SZ,20131224,15.0,15.09,14.23,14.38,15.25,-0.87,-5.7,303152.71,443055.7454
002030.SZ,20131223,14.65,15.38,14.07,15.25,14.67,0.58,3.95,384020.7,572364.1908
002030.SZ,20131220,14.55,15.2,14.43,14.67,14.58,0.09,0.62,258076.11,383115.0203
002030.SZ,20131219,14.18,14.97,14.1,14.58,14.17,0.41,2.89,294474.89,430832.5618
002030.SZ,20131218,13.63,14.39,13.49,14.17,13.62,0.55,4.04,170432.62,239711.086
002030.SZ,20131217,13.5,13.81,13.34,13.62,13.46,0.16,1.19,82400.1,112208.8451
002030.SZ,20131216,14.08,14.31,13.45,13.46,13.93,-0.47,-3.37,170598.27,236736.7276
002030.SZ,20131213,13.98,14.14,13.81,13.93,14.21,-0.28,-1.97,74275.73,103872.3613
002030.SZ,20131212,13.79,14.48,13.75,14.21,13.8,0.41,2.97,123657.19,176011.4503
002030.SZ,20131211,14.2,14.24,13.53,13.8,14.18,-0.38,-2.68,72279.38,99774.0031
002030.SZ,20131210,13.89,14.37,13.89,14.18,13.88,0.3,2.16,86443.97,122409.6129
002030.SZ,20131209,13.83,13.97,13.78,13.88,13.79,0.09,0.65,41623.59,57778.6392
002030.SZ,20131206,13.83,13.95,13.61,13.79,13.81,-0.02,-0.14,55787.14,76912.6986
002030.SZ,20131205,13.5,13.96,13.49,13.81,13.62,0.19,1.4,79657.9,109536.4893
002030.SZ,20131204,13.39,13.89,13.24,13.62,13.39,0.23,1.72,83926.37,114457.5897
002030.SZ,20131203,12.85,13.44,12.72,13.39,12.99,0.4,3.08,97899.32,128904.3126
002030.SZ,20131202,13.87,14.18,12.97,12.99,14.39,-1.4,-9.73,191632.9,259532.2729
002030.SZ,20131129,14.1,14.65,14.02,14.39,14.07,0.32,2.27,131845.73,189803.9604
002030.SZ,20131128,14.38,14.45,14.07,14.07,14.22,-0.15,-1.05,111568.46,159165.5066
002030.SZ,20131127,14.1,14.26,14.02,14.22,14.19,0.03,0.21,84526.78,119695.251
002030.SZ,20131126,13.72,14.33,13.64,14.19,13.78,0.41,2.98,105033.18,148058.0162
002030.SZ,20131125,13.7,13.98,13.62,13.78,13.69,0.09,0.66,62616.67,86548.0171
002030.SZ,20131122,14.06,14.06,13.55,13.69,13.95,-0.26,-1.86,102275.19,140364.6661
002030.SZ,20131121,14.25,14.25,13.8,13.95,14.34,-0.39,-2.72,100995.77,141350.7175
002030.SZ,20131120,14.28,14.42,14.1,14.34,14.32,0.02,0.14,101512.17,144580.5032
002030.SZ,20131119,13.52,14.53,13.37,14.32,13.46,0.86,6.39,210222.79,296108.0031
002030.SZ,20131118,13.38,13.56,13.2,13.46,13.1,0.36,2.75,133029.04,177898.1411
002030.SZ,20131115,13.05,13.43,13.01,13.1,13.0,0.1,0.77,118830.47,156930.0164
002030.SZ,20131114,12.33,13.03,12.32,13.0,12.51,0.49,3.9169,75975.04,97150.4857
002030.SZ,20131113,12.97,13.12,12.5,12.51,12.95,-0.44,-3.4,71182.21,91731.6318
002030.SZ,20131112,12.69,13.06,12.56,12.95,12.6,0.35,2.78,84543.56,108973.6543
002030.SZ,20131111,12.35,12.78,12.14,12.6,12.31,0.29,2.36,67369.69,84459.719
002030.SZ,20131108,12.55,12.55,12.13,12.31,12.61,-0.3,-2.38,90161.0,110837.2488
002030.SZ,20131107,13.06,13.08,12.5,12.61,13.18,-0.57,-4.32,103163.72,131766.3709
002030.SZ,20131106,13.4,13.71,13.12,13.18,13.36,-0.18,-1.35,137914.26,185421.2676
002030.SZ,20131105,13.17,13.36,12.83,13.36,13.21,0.15,1.14,87910.69,115416.9268
002030.SZ,20131104,13.18,13.29,13.05,13.21,13.19,0.02,0.15,80207.1,105532.2723
002030.SZ,20131101,12.61,13.23,12.61,13.19,12.7,0.49,3.86,120302.78,156810.3168
002030.SZ,20131031,13.1,13.23,12.6,12.7,13.27,-0.57,-4.3,115337.13,148378.8461
002030.SZ,20131030,12.78,13.34,12.57,13.27,12.78,0.49,3.83,155361.59,202139.4112
002030.SZ,20131029,13.25,13.44,12.12,12.78,13.2,-0.42,-3.18,209203.26,266866.14
002030.SZ,20131028,13.42,13.58,12.93,13.2,13.42,-0.22,-1.64,139251.42,184390.8115
002030.SZ,20131025,14.19,14.19,12.88,13.42,14.31,-0.89,-6.22,315811.25,423857.4255
002030.SZ,20131024,14.35,14.97,14.3,14.31,14.41,-0.1,-0.69,160437.64,234967.6899
002030.SZ,20131023,15.15,15.67,14.24,14.41,15.37,-0.96,-6.25,250763.01,370450.0975
002030.SZ,20131022,15.08,15.97,14.82,15.37,15.1,0.27,1.79,302747.02,469044.3263
002030.SZ,20131021,15.08,15.6,14.81,15.1,15.0,0.1,0.67,269766.57,409419.9033
002030.SZ,20131018,14.03,15.0,13.88,15.0,14.03,0.97,6.91,351417.13,509621.4399
002030.SZ,20131017,13.8,14.15,13.49,14.03,13.5,0.53,3.93,252975.16,350670.3097
002030.SZ,20131016,14.05,14.29,13.19,13.5,14.43,-0.93,-6.44,222713.73,305207.7298
002030.SZ,20131015,14.02,14.68,13.8,14.43,13.99,0.44,3.15,329861.13,471544.1561
002030.SZ,20131014,13.09,14.31,13.07,13.99,13.28,0.71,5.35,313252.74,430160.5098
002030.SZ,20131011,13.32,13.69,13.21,13.28,13.38,-0.1,-0.75,231413.51,311099.4558
002030.SZ,20131010,13.99,13.99,13.17,13.38,13.31,0.07,0.53,414357.59,559670.9128
002030.SZ,20131009,12.09,13.31,11.96,13.31,12.1,1.21,10.0,333351.51,426445.1143
002030.SZ,20131008,12.17,12.5,11.91,12.1,11.93,0.17,1.43,259667.28,315466.2877
002030.SZ,20130930,11.79,12.26,11.65,11.93,11.79,0.14,1.19,257971.54,307382.0539
002030.SZ,20130927,11.22,12.08,11.21,11.79,11.03,0.76,6.89,397373.96,468333.6811
002030.SZ,20130926,10.92,11.4,10.78,11.03,10.95,0.08,0.73,286353.89,318168.2343
002030.SZ,20130925,10.7,11.14,10.6,10.95,10.75,0.2,1.86,324438.2,353599.0932
002030.SZ,20130924,10.33,10.79,10.24,10.75,10.34,0.41,3.97,252362.79,266699.198
002030.SZ,20130923,10.17,10.38,10.12,10.34,10.14,0.2,1.97,93451.37,96165.0409
002030.SZ,20130918,10.1,10.18,10.07,10.14,10.11,0.03,0.3,39656.4,40149.2203
002030.SZ,20130917,10.37,10.41,10.1,10.11,10.34,-0.23,-2.22,67609.16,68959.3104
002030.SZ,20130916,10.16,10.42,10.15,10.34,10.17,0.17,1.67,98494.84,101529.4812
002030.SZ,20130913,10.28,10.29,10.08,10.17,10.28,-0.11,-1.07,80713.35,82014.1369
002030.SZ,20130912,10.17,10.49,10.11,10.28,10.17,0.11,1.08,164027.43,169268.7744
002030.SZ,20130911,10.12,10.18,9.8,10.17,10.12,0.05,0.49,130527.93,130284.6706
002030.SZ,20130910,10.2,10.22,10.02,10.12,10.18,-0.06,-0.59,96105.66,96818.98
002030.SZ,20130909,10.2,10.25,10.07,10.18,10.19,-0.01,-0.1,80010.18,81283.0862
002030.SZ,20130906,9.97,10.24,9.97,10.19,9.93,0.26,2.62,120028.91,121857.2454
002030.SZ,20130905,9.84,9.99,9.82,9.93,9.85,0.08,0.81,63455.55,63050.885
002030.SZ,20130904,10.0,10.05,9.82,9.85,10.0,-0.15,-1.5,73855.31,72952.8265
002030.SZ,20130903,9.93,10.02,9.82,10.0,9.92,0.08,0.81,58771.54,58529.6372
002030.SZ,20130902,10.12,10.12,9.83,9.92,10.0,-0.08,-0.8,73851.4,73224.248
002030.SZ,20130830,10.12,10.35,9.91,10.0,10.15,-0.15,-1.48,93100.22,94606.3889
002030.SZ,20130829,10.15,10.3,10.12,10.15,10.14,0.01,0.1,57696.92,58740.6523
002030.SZ,20130828,10.34,10.34,10.14,10.14,10.37,-0.23,-2.22,77452.99,79020.126
002030.SZ,20130827,10.36,10.37,10.23,10.37,10.37,0.0,0.0,64162.12,66178.5458
002030.SZ,20130826,10.08,10.37,10.08,10.37,10.08,0.29,2.88,76610.04,78353.2456
002030.SZ,20130823,10.3,10.4,9.9,10.08,10.26,-0.18,-1.75,90774.26,92154.2096
002030.SZ,20130822,10.38,10.41,10.26,10.26,10.37,-0.11,-1.06,65126.55,67300.5106
002030.SZ,20130821,10.27,10.41,10.26,10.37,10.26,0.11,1.07,79309.74,81954.8663
002030.SZ,20130820,10.29,10.36,10.15,10.26,10.27,-0.01,-0.1,71247.35,73043.9279
002030.SZ,20130819,10.06,10.29,10.01,10.27,10.09,0.18,1.78,67070.64,68420.5743
002030.SZ,20130816,10.25,10.49,10.06,10.09,10.34,-0.25,-2.42,112187.01,114941.7911
002030.SZ,20130815,10.56,10.59,10.33,10.34,10.6,-0.26,-2.45,108744.26,113629.3016
002030.SZ,20130814,10.79,10.86,10.51,10.6,10.81,-0.21,-1.94,152016.41,161966.9346
002030.SZ,20130813,10.8,11.05,10.76,10.81,10.86,-0.05,-0.46,140380.6,152694.1143
002030.SZ,20130812,11.0,11.1,10.78,10.86,10.93,-0.07,-0.64,180095.6,195817.3449
002030.SZ,20130809,10.94,11.08,10.7,10.93,10.93,0.0,0.0,204631.07,222376.0937
002030.SZ,20130808,10.36,11.06,10.3,10.93,10.46,0.47,4.49,331576.73,359315.5837
002030.SZ,20130807,10.85,10.99,10.45,10.46,10.61,-0.15,-1.41,277408.97,297409.8012
002030.SZ,20130806,10.35,10.63,10.21,10.61,10.37,0.24,2.31,180233.54,188500.0478
002030.SZ,20130805,10.15,10.39,10.11,10.37,10.15,0.22,2.17,122207.71,125836.1771
002030.SZ,20130802,10.38,10.39,10.13,10.15,10.33,-0.18,-1.74,119418.4,122175.9546
002030.SZ,20130801,10.08,10.34,10.06,10.33,10.06,0.27,2.68,106262.09,108769.2771
002030.SZ,20130731,10.13,10.29,10.0,10.06,10.1,-0.04,-0.4,75497.44,76629.8717
002030.SZ,20130730,10.25,10.34,9.86,10.1,10.14,-0.04,-0.39,78094.99,79266.967
002030.SZ,20130729,10.17,10.34,10.09,10.14,10.24,-0.1,-0.98,76491.14,77928.7637
002030.SZ,20130726,10.2,10.47,10.11,10.24,10.26,-0.02,-0.19,101393.75,104391.6125
002030.SZ,20130725,10.56,10.6,10.19,10.26,10.62,-0.36,-3.39,161228.2,167218.6922
002030.SZ,20130724,10.34,10.74,10.17,10.62,10.35,0.27,2.61,285941.39,302409.3207
002030.SZ,20130723,10.2,10.46,10.0,10.35,10.09,0.26,2.58,230490.88,235748.3134
002030.SZ,20130722,9.7,10.14,9.69,10.09,9.48,0.61,6.43,208462.47,207911.2959
002030.SZ,20130719,9.7,9.94,9.48,9.48,9.71,-0.23,-2.37,106899.99,104133.6204
002030.SZ,20130718,9.66,9.87,9.62,9.71,9.69,0.02,0.21,81585.14,79575.6127
002030.SZ,20130717,9.98,10.04,9.66,9.69,10.03,-0.34,-3.39,129063.76,126959.0711
002030.SZ,20130716,9.77,10.15,9.68,10.03,9.75,0.28,2.87,172725.3,172375.1608
002030.SZ,20130715,9.48,9.77,9.48,9.75,9.41,0.34,3.61,121211.49,117365.0323
002030.SZ,20130712,9.5,9.74,9.4,9.41,9.58,-0.17,-1.77,126978.54,121665.0924
002030.SZ,20130711,9.29,9.66,9.26,9.58,9.26,0.32,3.46,136093.49,129755.0198
002030.SZ,20130710,9.07,9.27,8.98,9.26,9.03,0.23,2.55,72953.89,66686.0168
002030.SZ,20130709,8.97,9.12,8.85,9.03,8.99,0.04,0.44,52235.44,46994.3113
002030.SZ,20130708,9.2,9.28,8.96,8.99,9.43,-0.44,-4.67,83678.32,76286.2874
002030.SZ,20130705,9.69,9.77,9.39,9.43,9.65,-0.22,-2.28,90783.38,86823.5666
002030.SZ,20130704,9.7,9.83,9.59,9.65,9.8,-0.15,-1.53,125570.15,122114.033
002030.SZ,20130703,9.5,9.83,9.33,9.8,9.57,0.23,2.4,174204.83,167157.1297
002030.SZ,20130702,9.31,9.58,9.3,9.57,9.31,0.26,2.79,127092.33,120478.9283
002030.SZ,20130701,9.0,9.35,8.97,9.31,8.99,0.32,3.56,77741.67,71332.325
002030.SZ,20130628,9.08,9.28,8.8,8.99,9.15,-0.16,-1.75,80411.78,72785.926
002030.SZ,20130627,9.32,9.64,9.09,9.15,9.35,-0.2,-2.14,141441.42,132594.9047
002030.SZ,20130626,9.05,9.4,8.9,9.35,9.08,0.27,2.97,142592.19,131018.3804
002030.SZ,20130625,8.9,9.2,8.22,9.08,9.11,-0.03,-0.33,157786.79,139140.8133
002030.SZ,20130624,9.88,10.05,8.9,9.11,9.89,-0.78,-7.89,131067.43,124021.3423
002030.SZ,20130621,9.72,9.93,9.46,9.89,9.99,-0.1,-1.0,105055.91,102311.902
002030.SZ,20130620,10.33,10.61,9.95,9.99,10.5,-0.51,-4.86,146970.04,151083.5041
002030.SZ,20130619,10.74,10.84,10.28,10.5,10.77,-0.27,-2.51,155402.79,164086.6414
002030.SZ,20130618,11.56,11.93,11.5,11.86,11.58,0.28,2.42,183452.95,215910.2531
002030.SZ,20130617,11.55,11.75,11.45,11.58,11.58,0.0,0.0,143878.66,167108.4568
002030.SZ,20130614,11.14,11.69,11.05,11.58,11.05,0.53,4.8,167825.5,190925.4979
002030.SZ,20130613,11.0,11.08,10.36,11.05,11.13,-0.08,-0.72,91882.3,99166.7814
002030.SZ,20130607,11.05,11.24,10.82,11.13,11.05,0.08,0.72,86219.84,95248.6163
002030.SZ,20130606,11.12,11.22,10.96,11.05,11.17,-0.12,-1.07,70001.15,77540.7799
002030.SZ,20130605,10.95,11.23,10.92,11.17,11.03,0.14,1.27,76788.26,85363.7028
002030.SZ,20130604,11.52,11.52,10.96,11.03,11.62,-0.59,-5.08,177385.31,198958.0237
002030.SZ,20130603,11.86,11.94,11.6,11.62,11.85,-0.23,-1.94,143240.93,167666.4379
002030.SZ,20130531,11.9,12.2,11.82,11.85,11.76,0.09,0.77,216059.98,258782.394
002030.SZ,20130530,11.54,12.16,11.51,11.76,11.4,0.36,3.16,308663.06,365654.459
002030.SZ,20130529,11.48,11.54,11.35,11.4,11.47,-0.07,-0.61,125695.31,143673.5642
002030.SZ,20130528,11.67,11.73,11.35,11.47,11.68,-0.21,-1.8,153286.21,176031.7264
002030.SZ,20130527,11.56,11.74,11.4,11.68,11.56,0.12,1.04,186099.86,215402.5663
002030.SZ,20130524,11.37,11.67,11.31,11.56,11.58,-0.02,-0.17,174333.52,200395.1355
002030.SZ,20130523,11.71,12.3,11.38,11.58,11.33,0.25,2.21,379872.9,449873.384
002030.SZ,20130522,11.54,11.79,11.32,11.33,11.65,-0.32,-2.75,209113.86,241207.6519
002030.SZ,20130521,11.4,11.74,11.25,11.65,11.52,0.13,1.13,246523.36,283837.3123
002030.SZ,20130520,11.55,11.65,11.2,11.52,11.74,-0.22,-1.87,359257.61,409112.0798
002030.SZ,20130517,11.52,12.09,11.41,11.74,11.11,0.63,5.67,402559.22,473265.9463
002030.SZ,20130516,11.17,11.52,11.02,11.11,11.24,-0.13,-1.16,278839.12,313916.5375
002030.SZ,20130515,11.12,11.66,11.07,11.24,11.18,0.06,0.54,238631.45,271023.7477
002030.SZ,20130514,11.2,11.37,11.0,11.18,11.26,-0.08,-0.71,236327.09,264022.4503
002030.SZ,20130513,10.9,11.55,10.81,11.26,10.92,0.34,3.11,481249.05,540096.298
002030.SZ,20130510,10.3,11.35,10.08,10.92,10.33,0.59,5.71,362611.25,387111.2098
002030.SZ,20130509,10.28,10.55,10.2,10.33,10.08,0.25,2.48,277078.95,287595.777
002030.SZ,20130508,9.81,10.17,9.76,10.08,9.8,0.28,2.86,174898.03,174401.0554
002030.SZ,20130507,9.89,9.94,9.71,9.8,9.89,-0.09,-0.91,101495.08,99501.7336
002030.SZ,20130506,9.71,9.98,9.69,9.89,9.73,0.16,1.64,137442.4,135731.2548
002030.SZ,20130503,9.52,9.84,9.52,9.73,9.43,0.3,3.18,102884.0,99871.358
002030.SZ,20130502,9.47,9.58,9.32,9.43,9.5,-0.07,-0.74,63704.99,60161.4972
002030.SZ,20130426,9.6,9.75,9.43,9.5,9.58,-0.08,-0.84,85548.62,82164.2422
002030.SZ,20130425,9.75,9.84,9.53,9.58,9.76,-0.18,-1.84,120416.42,116280.0936
002030.SZ,20130424,9.7,9.8,9.42,9.76,9.63,0.13,1.35,162063.13,156262.7835
002030.SZ,20130423,10.39,10.39,9.61,9.63,10.38,-0.75,-7.23,245921.37,244061.8094
002030.SZ,20130422,10.4,10.66,10.32,10.38,10.58,-0.2,-1.89,200591.68,209335.9883
002030.SZ,20130419,10.31,10.72,10.2,10.58,10.37,0.21,2.03,287884.18,300852.3647
002030.SZ,20130418,10.65,10.65,10.25,10.37,10.55,-0.18,-1.71,218436.98,227481.521
002030.SZ,20130417,10.11,10.72,10.03,10.55,10.01,0.54,5.39,297144.18,309336.0345
002030.SZ,20130416,10.07,10.08,9.6,10.01,10.28,-0.27,-2.63,215599.12,213331.7692
002030.SZ,20130415,10.68,10.94,10.22,10.28,10.12,0.16,1.58,348365.42,368683.5113
002030.SZ,20130412,10.3,10.5,10.07,10.12,10.6,-0.48,-4.53,322551.65,331010.9388
002030.SZ,20130411,9.73,10.75,9.6,10.6,9.77,0.83,8.5,449534.28,464671.7273
002030.SZ,20130410,9.55,9.93,9.49,9.77,9.61,0.16,1.66,162847.07,159313.8118
002030.SZ,20130409,10.31,10.37,9.61,9.61,10.06,-0.45,-4.47,277074.84,274102.0221
002030.SZ,20130408,10.29,10.35,9.75,10.06,10.05,0.01,0.1,327596.66,330203.8078
002030.SZ,20130403,9.8,10.28,9.76,10.05,9.55,0.5,5.24,400332.64,402590.9443
002030.SZ,20130402,9.8,10.09,9.45,9.55,9.88,-0.33,-3.34,240778.58,234250.946
002030.SZ,20130401,9.7,9.9,9.41,9.88,9.09,0.79,8.69,325898.72,315076.2903
002030.SZ,20130329,9.09,9.24,9.05,9.09,9.05,0.04,0.44,65753.38,60075.4746
002030.SZ,20130328,9.17,9.37,9.02,9.05,9.38,-0.33,-3.52,109379.09,100161.9226
002030.SZ,20130327,8.99,9.4,8.89,9.38,9.05,0.33,3.65,181471.73,167372.6799
002030.SZ,20130326,9.48,9.48,9.02,9.05,9.02,0.03,0.33,116444.69,106913.2766
002030.SZ,20130325,9.04,9.08,8.88,9.02,9.04,-0.02,-0.22,61689.16,55303.7707
002030.SZ,20130322,8.86,9.08,8.81,9.04,8.94,0.1,1.12,78866.12,70731.754
002030.SZ,20130321,8.71,8.95,8.67,8.94,8.78,0.16,1.82,82327.17,72776.269
002030.SZ,20130320,8.52,8.79,8.49,8.78,8.52,0.26,3.05,72995.34,63111.236
002030.SZ,20130319,8.6,8.68,8.35,8.52,8.59,-0.07,-0.81,56591.05,48150.5424
002030.SZ,20130318,8.58,8.74,8.54,8.59,8.6,-0.01,-0.12,53486.92,46266.416
002030.SZ,20130315,8.69,8.79,8.49,8.6,8.63,-0.03,-0.35,69075.71,59742.5949
002030.SZ,20130314,8.59,8.78,8.56,8.63,8.59,0.04,0.47,58971.26,51014.1259
002030.SZ,20130313,8.6,8.75,8.48,8.59,8.78,-0.19,-2.16,73666.26,63298.1174
002030.SZ,20130312,9.2,9.35,8.61,8.78,9.22,-0.44,-4.77,124276.81,111064.6613
002030.SZ,20130311,9.4,9.4,9.16,9.22,9.44,-0.22,-2.33,79165.43,73205.5728
002030.SZ,20130308,9.39,9.64,9.26,9.44,9.45,-0.01,-0.11,97919.43,92489.182
002030.SZ,20130307,9.71,9.72,9.36,9.45,9.76,-0.31,-3.18,138798.44,131764.9105
002030.SZ,20130306,9.8,10.05,9.67,9.76,9.77,-0.01,-0.1,189047.88,185728.7458
002030.SZ,20130305,9.36,9.9,9.24,9.77,9.45,0.32,3.39,210908.54,203439.7228
002030.SZ,20130304,9.84,10.04,9.3,9.45,9.76,-0.31,-3.18,240159.42,231447.5931
002030.SZ,20130301,9.45,9.87,9.45,9.76,9.65,0.11,1.14,249785.59,242001.1723
002030.SZ,20130228,9.2,9.83,9.1,9.65,9.14,0.51,5.58,278860.9,265551.3791
002030.SZ,20130227,9.25,9.35,8.93,9.14,9.1,0.04,0.44,153222.41,139220.4822
002030.SZ,20130226,8.91,9.5,8.89,9.1,8.88,0.22,2.48,299986.26,276149.6438
002030.SZ,20130225,8.62,9.07,8.56,8.88,8.62,0.26,3.02,139690.6,124012.7825
002030.SZ,20130222,8.78,8.82,8.6,8.62,8.78,-0.16,-1.82,79193.09,68710.3463
002030.SZ,20130221,8.81,9.07,8.67,8.78,8.95,-0.17,-1.9,133768.59,118814.6031
002030.SZ,20130220,8.7,8.97,8.6,8.95,8.75,0.2,2.29,118229.02,104461.0408
002030.SZ,20130219,8.83,9.08,8.67,8.75,8.85,-0.1,-1.13,164468.42,146228.1209
002030.SZ,20130218,8.76,8.86,8.63,8.85,8.65,0.2,2.31,115316.36,101242.8073
002030.SZ,20130208,8.65,8.72,8.55,8.65,8.61,0.04,0.46,57577.36,49823.5241
002030.SZ,20130207,8.6,8.74,8.56,8.61,8.62,-0.01,-0.12,53575.49,46191.5072
002030.SZ,20130206,8.63,8.74,8.53,8.62,8.62,0.0,0.0,80699.21,69665.2874
002030.SZ,20130205,8.43,8.85,8.33,8.62,8.43,0.19,2.25,131876.85,114392.1247
002030.SZ,20130201,8.45,8.49,8.35,8.43,8.45,-0.02,-0.24,59924.49,50353.0023
002030.SZ,20130131,8.55,8.65,8.4,8.45,8.69,-0.24,-2.76,88156.96,74795.0202
002030.SZ,20130130,8.65,8.88,8.41,8.69,8.64,0.05,0.58,163787.43,142000.0608
002030.SZ,20130129,8.52,8.76,8.52,8.64,8.48,0.16,1.89,134591.47,116243.4791
002030.SZ,20130128,8.32,8.49,8.32,8.48,8.3,0.18,2.17,76174.01,64221.8059
002030.SZ,20130125,8.42,8.47,8.28,8.3,8.45,-0.15,-1.78,75195.43,62923.5354
002030.SZ,20130124,8.6,8.67,8.35,8.45,8.54,-0.09,-1.05,127170.85,108383.3663
002030.SZ,20130123,8.37,8.54,8.35,8.54,8.37,0.17,2.03,69974.52,59160.087
002030.SZ,20130122,8.54,8.54,8.35,8.37,8.57,-0.2,-2.33,76075.97,63971.0978
002030.SZ,20130121,8.55,8.6,8.45,8.57,8.55,0.02,0.23,100061.68,85136.0153
002030.SZ,20130118,8.41,8.6,8.41,8.55,8.44,0.11,1.3,93815.71,79993.2875
002030.SZ,20130117,8.66,8.66,8.35,8.44,8.69,-0.25,-2.88,128621.53,108953.1094
002030.SZ,20130116,8.81,8.82,8.56,8.69,8.91,-0.22,-2.47,193144.96,167196.8864
002030.SZ,20130115,8.89,9.42,8.68,8.91,8.97,-0.06,-0.67,339042.68,307863.4377
002030.SZ,20130114,8.7,9.16,8.7,8.97,8.41,0.56,6.66,337158.08,302270.5052
002030.SZ,20130111,8.55,8.65,8.32,8.41,8.72,-0.31,-3.56,205085.77,173481.1232
002030.SZ,20130110,8.5,8.94,8.23,8.72,8.39,0.33,3.93,347151.22,296071.58
002030.SZ,20130109,9.0,9.0,8.3,8.39,9.03,-0.64,-7.09,397662.35,339306.5248
002030.SZ,20130108,8.5,9.03,8.5,9.03,8.21,0.82,9.99,588749.95,523793.083
002030.SZ,20130107,8.03,8.21,7.9,8.21,7.46,0.75,10.05,357588.39,288576.6414
002030.SZ,20130104,7.71,7.72,7.43,7.46,7.6,-0.14,-1.84,68572.12,51604.102
002030.SZ,20121231,7.61,7.73,7.58,7.6,7.58,0.02,0.26,68270.06,52123.6306
002030.SZ,20121228,7.56,7.62,7.48,7.58,7.55,0.03,0.4,63724.83,48163.4392
002030.SZ,20121227,7.68,7.74,7.54,7.55,7.7,-0.15,-1.95,98634.69,75077.8793
002030.SZ,20121226,7.71,7.76,7.59,7.7,7.69,0.01,0.13,124859.41,95741.252
002030.SZ,20121225,7.56,7.84,7.51,7.69,7.63,0.06,0.79,187547.25,143676.426
002030.SZ,20121224,7.52,7.63,7.4,7.63,7.55,0.08,1.06,136321.0,102642.5221
002030.SZ,20121221,7.53,7.74,7.48,7.55,7.61,-0.06,-0.79,217802.22,165415.4111
002030.SZ,20121220,7.75,7.76,7.46,7.61,8.06,-0.45,-5.58,362724.14,276371.3153
002030.SZ,20121219,8.1,8.29,7.93,8.06,7.54,0.52,6.9,548766.32,448179.0337
002030.SZ,20121218,7.54,7.54,7.54,7.54,6.85,0.69,10.07,107519.83,81069.9518
002030.SZ,20121217,6.82,6.9,6.76,6.85,6.82,0.03,0.44,37861.45,25850.8428
002030.SZ,20121214,6.57,6.84,6.55,6.82,6.61,0.21,3.18,41902.71,28331.6036
002030.SZ,20121213,6.69,6.78,6.6,6.61,6.69,-0.08,-1.2,19788.5,13207.763
002030.SZ,20121212,6.71,6.76,6.61,6.69,6.7,-0.01,-0.15,21350.57,14266.0224
002030.SZ,20121211,6.74,6.8,6.65,6.7,6.73,-0.03,-0.45,23317.27,15659.5104
002030.SZ,20121210,6.67,6.76,6.63,6.73,6.66,0.07,1.05,25027.22,16779.2649
002030.SZ,20121207,6.55,6.71,6.5,6.66,6.51,0.15,2.3,26209.63,17350.2723
002030.SZ,20121206,6.56,6.61,6.48,6.51,6.58,-0.07,-1.06,16893.13,11035.5565
002030.SZ,20121205,6.32,6.64,6.3,6.58,6.38,0.2,3.13,26210.83,17103.5398
002030.SZ,20121204,6.36,6.41,6.03,6.38,6.37,0.01,0.16,25291.73,15724.3079
002030.SZ,20121203,6.73,6.75,6.36,6.37,6.74,-0.37,-5.49,19852.46,13050.8889
002030.SZ,20121130,6.66,6.76,6.65,6.74,6.65,0.09,1.35,15292.35,10266.9369
002030.SZ,20121129,6.67,6.8,6.62,6.65,6.65,0.0,0.0,14410.05,9659.1598
002030.SZ,20121128,6.83,6.85,6.63,6.65,6.86,-0.21,-3.06,17345.42,11660.7024
002030.SZ,20121127,6.93,7.0,6.85,6.86,6.97,-0.11,-1.58,19857.79,13716.6455
002030.SZ,20121126,7.14,7.16,6.92,6.97,7.14,-0.17,-2.38,23477.67,16534.4741
002030.SZ,20121123,7.22,7.23,7.1,7.14,7.23,-0.09,-1.24,34695.37,24813.241
002030.SZ,20121122,7.3,7.33,7.13,7.23,7.21,0.02,0.28,51127.81,37046.7925
002030.SZ,20121121,7.0,7.27,6.95,7.21,7.12,0.09,1.26,44970.91,32164.6969
002030.SZ,20121120,7.15,7.35,7.09,7.12,7.07,0.05,0.71,58422.76,42235.1864
002030.SZ,20121119,6.89,7.07,6.8,7.07,6.9,0.17,2.46,20167.34,13958.8197
002030.SZ,20121116,6.99,7.01,6.81,6.9,7.03,-0.13,-1.85,18023.8,12390.0832
002030.SZ,20121115,7.09,7.13,7.02,7.03,7.12,-0.09,-1.26,16525.85,11683.3278
002030.SZ,20121114,6.99,7.15,6.99,7.12,6.99,0.13,1.86,18130.62,12872.3099
002030.SZ,20121113,7.17,7.19,6.98,6.99,7.17,-0.18,-2.51,27025.91,19010.9705
002030.SZ,20121112,7.06,7.2,7.06,7.17,7.09,0.08,1.13,17899.7,12778.303
002030.SZ,20121109,7.1,7.22,7.06,7.09,7.01,0.08,1.14,26453.74,18896.7331
002030.SZ,20121108,7.21,7.25,7.0,7.01,7.27,-0.26,-3.58,28381.65,20215.1362
002030.SZ,20121107,7.23,7.3,7.16,7.27,7.25,0.02,0.28,22663.76,16413.7697
002030.SZ,20121106,7.34,7.38,7.17,7.25,7.36,-0.11,-1.49,27939.34,20261.1363
002030.SZ,20121105,7.28,7.38,7.26,7.36,7.28,0.08,1.1,38180.06,27967.272
002030.SZ,20121102,7.3,7.3,7.21,7.28,7.29,-0.01,-0.14,27077.85,19656.2238
002030.SZ,20121101,7.21,7.34,7.19,7.29,7.22,0.07,0.97,35124.5,25563.4751
002030.SZ,20121031,7.21,7.22,7.11,7.22,7.2,0.02,0.28,14777.8,10603.0042
002030.SZ,20121030,7.1,7.25,7.1,7.2,7.1,0.1,1.41,20755.51,14891.014
002030.SZ,20121029,7.17,7.21,7.06,7.1,7.14,-0.04,-0.56,23249.01,16585.9044
002030.SZ,20121026,7.28,7.37,7.06,7.14,7.33,-0.19,-2.59,48135.91,34562.0883
002030.SZ,20121025,7.15,7.62,7.13,7.33,7.15,0.18,2.52,75637.71,55695.545
002030.SZ,20121024,7.12,7.21,7.11,7.15,7.18,-0.03,-0.42,22589.4,16140.4109
002030.SZ,20121023,7.3,7.38,7.15,7.18,7.37,-0.19,-2.58,52775.41,38171.7688
002030.SZ,20121022,7.3,7.44,7.3,7.37,7.32,0.05,0.68,36259.65,26718.5118
002030.SZ,20121019,7.37,7.43,7.27,7.32,7.34,-0.02,-0.27,41908.2,30831.7697
002030.SZ,20121018,7.26,7.38,7.22,7.34,7.26,0.08,1.1,44240.42,32342.8999
002030.SZ,20121017,7.2,7.3,7.18,7.26,7.22,0.04,0.55,31842.4,23077.042
002030.SZ,20121016,7.27,7.29,7.17,7.22,7.25,-0.03,-0.41,35628.88,25796.9245
002030.SZ,20121015,7.21,7.29,7.13,7.25,7.23,0.02,0.28,27425.74,19807.3054
002030.SZ,20121012,7.2,7.32,7.06,7.23,7.27,-0.04,-0.55,46856.79,33770.5854
002030.SZ,20121011,7.23,7.47,7.21,7.27,7.21,0.06,0.83,94942.82,69674.9949
002030.SZ,20121010,7.2,7.26,7.14,7.21,7.24,-0.03,-0.41,36626.82,26368.3352
002030.SZ,20121009,7.1,7.26,7.07,7.24,7.05,0.19,2.7,51655.92,37185.4765
002030.SZ,20121008,7.13,7.19,6.99,7.05,7.1,-0.05,-0.7,35670.18,25248.6194
002030.SZ,20120928,6.97,7.18,6.92,7.1,7.04,0.06,0.85,42161.53,29874.8086
002030.SZ,20120927,6.76,7.15,6.76,7.04,6.78,0.26,3.83,44673.53,31375.5877
002030.SZ,20120926,6.88,6.99,6.74,6.78,6.88,-0.1,-1.45,18853.47,12940.0699
002030.SZ,20120925,6.84,6.99,6.81,6.88,6.86,0.02,0.29,16177.09,11188.8369
002030.SZ,20120924,6.78,6.9,6.72,6.86,6.77,0.09,1.33,11818.72,8069.5438
002030.SZ,20120921,6.8,6.84,6.7,6.77,6.8,-0.03,-0.44,11386.73,7724.9496
002030.SZ,20120920,7.02,7.04,6.76,6.8,7.06,-0.26,-3.68,22573.42,15525.7934
002030.SZ,20120919,6.97,7.08,6.92,7.06,6.93,0.13,1.88,14985.42,10524.7467
002030.SZ,20120918,6.98,7.03,6.9,6.93,6.99,-0.06,-0.86,14348.14,10002.1282
002030.SZ,20120917,7.18,7.25,6.98,6.99,7.18,-0.19,-2.65,22534.7,16030.9488
002030.SZ,20120914,7.18,7.24,7.08,7.18,7.13,0.05,0.7,25653.08,18387.2397
002030.SZ,20120913,7.31,7.31,7.12,7.13,7.31,-0.18,-2.46,31501.53,22717.35
002030.SZ,20120912,7.28,7.35,7.2,7.31,7.23,0.08,1.11,38284.54,27864.7132
002030.SZ,20120911,7.32,7.32,7.19,7.23,7.28,-0.05,-0.69,33946.22,24580.2207
002030.SZ,20120910,7.26,7.31,7.19,7.28,7.27,0.01,0.14,36067.63,26166.4959
002030.SZ,20120907,7.07,7.31,7.05,7.27,7.06,0.21,2.97,71795.04,51850.6944
002030.SZ,20120906,6.95,7.08,6.91,7.06,6.94,0.12,1.73,27114.88,18975.7858
002030.SZ,20120905,6.87,6.97,6.81,6.94,6.88,0.06,0.87,16134.47,11152.3446
002030.SZ,20120904,6.97,6.99,6.85,6.88,6.96,-0.08,-1.15,17066.31,11778.2374
002030.SZ,20120903,6.78,6.96,6.78,6.96,6.78,0.18,2.65,22901.91,15812.1174
002030.SZ,20120831,6.77,6.8,6.7,6.78,6.73,0.05,0.74,11071.16,7478.8653
002030.SZ,20120830,6.8,6.91,6.66,6.73,6.87,-0.14,-2.04,22204.89,15052.1419
002030.SZ,20120829,6.87,6.94,6.83,6.87,6.85,0.02,0.29,15879.04,10933.5976
002030.SZ,20120828,6.8,6.93,6.72,6.85,6.78,0.07,1.03,19556.41,13355.6939
002030.SZ,20120827,6.98,6.98,6.77,6.78,7.02,-0.24,-3.42,22417.43,15329.5647
002030.SZ,20120824,7.13,7.19,7.0,7.02,7.19,-0.17,-2.36,27872.62,19728.7299
002030.SZ,20120823,7.06,7.23,7.0,7.19,7.06,0.13,1.84,30932.38,22024.4838
002030.SZ,20120822,7.19,7.19,7.04,7.06,7.18,-0.12,-1.67,22754.7,16135.622
002030.SZ,20120821,7.07,7.24,7.06,7.18,7.12,0.06,0.84,33806.64,24238.3941
002030.SZ,20120820,7.03,7.12,6.94,7.12,7.03,0.09,1.28,17656.77,12441.1389
002030.SZ,20120817,6.98,7.06,6.95,7.03,7.05,-0.02,-0.28,18258.34,12779.0764
002030.SZ,20120816,7.15,7.15,7.0,7.05,7.15,-0.1,-1.4,21398.07,15125.4783
002030.SZ,20120815,7.25,7.25,7.1,7.15,7.23,-0.08,-1.11,32340.39,23177.2117
002030.SZ,20120814,7.12,7.25,7.04,7.23,7.05,0.18,2.55,60543.09,43354.2336
002030.SZ,20120813,7.07,7.07,6.96,7.05,7.1,-0.05,-0.7,31318.6,21970.0491
002030.SZ,20120810,7.15,7.21,7.1,7.1,7.22,-0.12,-1.66,34618.6,24706.7083
002030.SZ,20120809,6.97,7.29,6.91,7.22,7.0,0.22,3.14,64167.77,45723.1537
002030.SZ,20120808,7.12,7.13,6.93,7.0,7.05,-0.05,-0.71,24172.32,16983.5456
002030.SZ,20120807,7.07,7.09,6.97,7.05,7.04,0.01,0.14,30139.75,21183.6074
002030.SZ,20120806,6.9,7.05,6.83,7.04,6.89,0.15,2.18,24528.16,17097.5171
002030.SZ,20120803,6.75,6.89,6.72,6.89,6.75,0.14,2.07,17398.11,11887.4897
002030.SZ,20120802,6.75,6.84,6.71,6.75,6.76,-0.01,-0.15,16082.27,10884.6423
002030.SZ,20120801,6.63,6.8,6.63,6.76,6.62,0.14,2.11,16691.76,11238.4995
002030.SZ,20120731,6.67,6.75,6.58,6.62,6.73,-0.11,-1.63,15051.62,9989.6013
002030.SZ,20120730,6.91,6.98,6.68,6.73,6.92,-0.19,-2.75,26494.98,18005.1934
002030.SZ,20120727,7.05,7.1,6.89,6.92,7.01,-0.09,-1.28,22208.03,15467.2531
002030.SZ,20120726,7.17,7.23,7.0,7.01,7.15,-0.14,-1.96,29183.35,20751.756
002030.SZ,20120725,7.07,7.27,7.03,7.15,7.07,0.08,1.13,37006.74,26557.3957
002030.SZ,20120724,6.96,7.14,6.95,7.07,6.96,0.11,1.58,27520.48,19430.5727
002030.SZ,20120723,6.98,7.07,6.86,6.96,7.0,-0.04,-0.57,21381.3,14972.286
002030.SZ,20120720,6.98,7.04,6.93,7.0,6.98,0.02,0.29,17323.61,12099.0365
002030.SZ,20120719,6.91,7.04,6.86,6.98,6.92,0.06,0.87,30477.1,21266.8034
002030.SZ,20120718,6.89,6.93,6.68,6.92,6.9,0.02,0.29,25388.81,17301.1811
002030.SZ,20120717,6.8,6.9,6.77,6.9,6.85,0.05,0.73,24091.94,16459.8687
002030.SZ,20120716,7.36,7.36,6.83,6.85,7.34,-0.49,-6.68,51559.05,36516.9557
002030.SZ,20120713,7.4,7.44,7.3,7.34,7.42,-0.08,-1.08,28170.71,20720.7398
002030.SZ,20120712,7.31,7.48,7.21,7.42,7.32,0.1,1.37,35958.39,26531.1798
002030.SZ,20120711,7.26,7.34,7.21,7.32,7.26,0.06,0.83,28298.79,20611.3113
002030.SZ,20120710,7.48,7.55,7.25,7.26,7.55,-0.29,-3.84,55196.16,40626.9309
002030.SZ,20120709,7.65,7.81,7.55,7.55,7.72,-0.17,-2.2,57190.7,44020.9245
002030.SZ,20120706,7.6,7.77,7.4,7.72,7.54,0.18,2.39,50258.47,38089.334
002030.SZ,20120705,7.68,7.68,7.43,7.54,7.75,-0.21,-2.71,50639.38,38093.7439
002030.SZ,20120704,7.8,7.96,7.68,7.75,7.65,0.1,1.31,52531.12,40995.7163
002030.SZ,20120703,7.77,7.87,7.6,7.65,7.77,-0.12,-1.54,54859.15,42500.8596
002030.SZ,20120702,7.72,7.84,7.66,7.77,7.69,0.08,1.04,47247.78,36641.1191
002030.SZ,20120629,7.47,7.7,7.45,7.69,7.45,0.24,3.22,44310.96,33802.7936
002030.SZ,20120628,7.57,7.58,7.45,7.45,7.49,-0.04,-0.53,27787.93,20875.8538
002030.SZ,20120627,7.5,7.64,7.48,7.49,7.56,-0.07,-0.93,30008.54,22700.5764
002030.SZ,20120626,7.49,7.6,7.43,7.56,7.46,0.1,1.34,34764.01,26089.174
002030.SZ,20120625,7.61,7.66,7.45,7.46,7.61,-0.15,-1.97,34153.31,25813.0909
002030.SZ,20120621,7.78,7.81,7.55,7.61,7.81,-0.2,-2.56,52344.15,39961.2393
002030.SZ,20120620,8.0,8.01,7.78,7.81,7.98,-0.17,-2.13,72002.57,56533.488
002030.SZ,20120619,7.92,8.18,7.84,7.98,7.94,0.04,0.5,111056.53,89181.5041
002030.SZ,20120618,8.01,8.08,7.84,7.94,8.0,-0.06,-0.75,93864.86,74527.3739
002030.SZ,20120615,7.76,8.28,7.76,8.0,7.89,0.11,1.39,129898.96,104880.6297
002030.SZ,20120614,9.57,9.9,9.4,9.49,9.5,-0.01,-0.11,121309.63,116944.4337
002030.SZ,20120613,9.38,9.53,9.25,9.5,9.35,0.15,1.6,78599.7,74004.4844
002030.SZ,20120612,9.18,9.63,9.12,9.35,9.27,0.08,0.86,91374.08,86004.0376
002030.SZ,20120611,8.91,9.28,8.86,9.27,8.86,0.41,4.63,56495.81,51386.411
002030.SZ,20120608,9.0,9.12,8.8,8.86,8.97,-0.11,-1.23,55527.76,49741.4366
002030.SZ,20120607,9.32,9.32,8.93,8.97,9.2,-0.23,-2.5,61372.39,55887.1537
002030.SZ,20120606,9.45,9.53,9.12,9.2,9.28,-0.08,-0.86,46399.61,43122.6362
002030.SZ,20120604,9.5,9.6,9.28,9.28,9.63,-0.35,-3.63,66874.78,63234.2034
002030.SZ,20120601,9.73,9.88,9.6,9.63,9.8,-0.17,-1.73,70994.84,68875.8179
002030.SZ,20120531,9.55,9.98,9.52,9.8,9.69,0.11,1.14,154180.35,151688.5512
002030.SZ,20120530,9.38,10.1,9.35,9.69,9.35,0.34,3.64,163489.45,159672.8973
002030.SZ,20120529,9.27,9.36,9.24,9.35,9.19,0.16,1.74,47738.49,44423.5231
002030.SZ,20120528,9.2,9.22,8.93,9.19,9.17,0.02,0.22,35113.77,31847.1467
002030.SZ,20120525,9.39,9.42,9.13,9.17,9.39,-0.22,-2.34,34594.25,32064.661
002030.SZ,20120524,9.25,9.45,9.18,9.39,9.28,0.11,1.19,54278.59,50626.8058
002030.SZ,20120523,9.33,9.38,9.13,9.28,9.33,-0.05,-0.54,31028.94,28778.5303
002030.SZ,20120522,9.18,9.35,9.15,9.33,9.18,0.15,1.63,41992.97,38992.8267
002030.SZ,20120521,9.2,9.23,8.94,9.18,9.16,0.02,0.22,43781.87,39833.76
002030.SZ,20120518,9.45,9.5,9.11,9.16,9.55,-0.39,-4.08,59519.51,55490.351
002030.SZ,20120517,9.3,9.57,9.22,9.55,9.32,0.23,2.47,81500.64,76892.1552
002030.SZ,20120516,9.38,9.52,9.25,9.32,9.41,-0.09,-0.96,65771.64,61549.0145
002030.SZ,20120515,9.51,9.6,9.34,9.41,9.55,-0.14,-1.47,80135.32,75672.7486
002030.SZ,20120514,9.4,9.63,9.28,9.55,9.38,0.17,1.81,127688.65,121206.3466
002030.SZ,20120511,9.18,9.51,9.11,9.38,9.16,0.22,2.4,96745.84,90609.5421
002030.SZ,20120510,9.01,9.28,9.01,9.16,9.04,0.12,1.33,37986.31,34883.759
002030.SZ,20120509,9.26,9.26,9.03,9.04,9.26,-0.22,-2.38,45075.7,41130.5389
002030.SZ,20120508,9.31,9.35,9.19,9.26,9.33,-0.07,-0.75,44823.96,41523.5967
002030.SZ,20120507,9.23,9.33,9.2,9.33,9.34,-0.01,-0.11,40512.52,37538.2647
002030.SZ,20120504,9.36,9.38,9.22,9.34,9.36,-0.02,-0.21,60780.99,56494.2659
002030.SZ,20120503,9.18,9.42,9.11,9.36,9.19,0.17,1.85,98719.68,92243.2375
002030.SZ,20120502,9.17,9.24,9.06,9.19,9.08,0.11,1.21,54784.5,50226.2804
002030.SZ,20120427,9.09,9.17,8.93,9.08,9.07,0.01,0.11,38477.71,34813.9268
002030.SZ,20120426,8.94,9.17,8.91,9.07,8.91,0.16,1.8,55601.88,50431.1087
002030.SZ,20120425,8.88,8.98,8.77,8.91,8.77,0.14,1.6,39891.93,35367.2929
002030.SZ,20120424,9.0,9.09,8.59,8.77,9.05,-0.28,-3.09,68507.95,60021.9401
002030.SZ,20120423,9.21,9.33,9.05,9.05,9.23,-0.18,-1.95,48507.42,44309.0798
002030.SZ,20120420,9.27,9.37,9.14,9.23,9.22,0.01,0.11,61973.65,57272.8617
002030.SZ,20120418,9.11,9.24,9.0,9.22,9.1,0.12,1.32,65622.52,60072.1986
002030.SZ,20120417,8.98,9.26,8.93,9.1,9.03,0.07,0.78,69378.06,63479.9939
002030.SZ,20120416,9.0,9.11,8.92,9.03,9.08,-0.05,-0.55,31424.45,28308.5668
002030.SZ,20120413,9.06,9.13,9.0,9.08,9.07,0.01,0.11,45706.86,41477.5604
002030.SZ,20120412,8.87,9.15,8.8,9.07,8.86,0.21,2.37,60836.01,54844.6754
002030.SZ,20120411,8.74,8.91,8.67,8.86,8.9,-0.04,-0.45,26464.46,23353.1794
002030.SZ,20120410,8.8,8.95,8.55,8.9,8.9,0.0,0.0,36661.69,32092.4753
002030.SZ,20120409,8.7,9.15,8.62,8.9,8.75,0.15,1.71,46843.66,41594.6762
002030.SZ,20120406,8.79,8.82,8.66,8.75,8.79,-0.04,-0.46,23483.19,20538.0377
002030.SZ,20120405,8.6,8.84,8.51,8.79,8.6,0.19,2.21,30055.42,26161.4401
002030.SZ,20120330,8.51,8.6,8.32,8.6,8.49,0.11,1.3,25097.89,21235.9833
002030.SZ,20120329,8.57,8.6,8.27,8.49,8.48,0.01,0.12,31522.35,26669.3519
002030.SZ,20120328,8.99,9.0,8.42,8.48,8.98,-0.5,-5.57,42255.37,36605.0191
002030.SZ,20120327,9.0,9.08,8.93,8.98,8.95,0.03,0.34,21075.33,18988.6063
002030.SZ,20120326,8.88,9.1,8.87,8.95,8.88,0.07,0.79,23560.29,21124.2377
002030.SZ,20120323,9.0,9.11,8.87,8.88,9.03,-0.15,-1.66,29961.4,26862.6692
002030.SZ,20120322,9.04,9.12,8.94,9.03,9.1,-0.07,-0.77,26711.7,24096.9968
002030.SZ,20120321,9.1,9.19,8.9,9.1,9.01,0.09,1.0,39760.02,35958.7056
002030.SZ,20120320,9.36,9.41,9.01,9.01,9.29,-0.28,-3.01,59085.94,54429.613
002030.SZ,20120319,9.21,9.33,9.14,9.29,9.2,0.09,0.98,52417.2,48475.0717
002030.SZ,20120316,9.02,9.2,8.92,9.2,9.02,0.18,2.0,64300.88,58521.0973
002030.SZ,20120315,9.07,9.19,8.79,9.02,9.13,-0.11,-1.2,93569.07,83917.9509
002030.SZ,20120314,9.75,9.83,9.05,9.13,9.69,-0.56,-5.78,142410.23,135424.5521
002030.SZ,20120313,9.77,9.77,9.6,9.69,9.78,-0.09,-0.92,89101.9,86090.3199
002030.SZ,20120312,9.59,9.79,9.53,9.78,9.57,0.21,2.19,115357.72,111349.142
002030.SZ,20120309,9.52,9.59,9.4,9.57,9.48,0.09,0.95,75449.52,71695.3088
002030.SZ,20120308,9.4,9.6,9.35,9.48,9.35,0.13,1.39,69588.67,65916.4988
002030.SZ,20120307,9.35,9.63,9.3,9.35,9.41,-0.06,-0.64,79927.28,75864.4597
002030.SZ,20120306,9.53,9.58,9.34,9.41,9.6,-0.19,-1.98,71233.94,67223.6638
002030.SZ,20120305,9.68,9.69,9.4,9.6,9.6,0.0,0.0,149186.93,142596.3745
002030.SZ,20120302,9.22,9.77,9.2,9.6,9.21,0.39,4.23,180492.98,171766.9423
002030.SZ,20120301,9.19,9.25,9.04,9.21,9.2,0.01,0.11,50100.85,45886.9608
002030.SZ,20120229,9.17,9.5,9.11,9.2,9.1,0.1,1.1,130145.59,121484.1423
002030.SZ,20120228,9.19,9.27,9.0,9.1,9.22,-0.12,-1.3,66704.38,60926.7838
002030.SZ,20120227,9.3,9.43,9.22,9.22,9.27,-0.05,-0.54,102072.96,95173.2875
002030.SZ,20120224,9.13,9.33,9.1,9.27,9.15,0.12,1.31,92267.23,85119.0339
002030.SZ,20120223,9.24,9.28,9.02,9.15,9.28,-0.13,-1.4,90669.96,83080.7075
002030.SZ,20120222,9.0,9.29,8.95,9.28,9.01,0.27,3.0,104117.63,95547.2116
002030.SZ,20120221,8.9,9.03,8.77,9.01,8.93,0.08,0.9,59703.53,53120.3394
002030.SZ,20120220,9.13,9.16,8.93,8.93,9.05,-0.12,-1.33,59287.22,53499.6779
002030.SZ,20120217,9.22,9.23,8.91,9.05,9.13,-0.08,-0.88,54675.56,49535.9503
002030.SZ,20120216,8.97,9.17,8.92,9.13,8.99,0.14,1.56,80986.96,73437.6417
002030.SZ,20120215,8.83,9.05,8.83,8.99,8.91,0.08,0.9,59714.52,53451.1897
002030.SZ,20120214,8.91,9.02,8.84,8.91,8.89,0.02,0.23,55144.59,49233.2367
002030.SZ,20120213,8.82,9.08,8.73,8.89,8.9,-0.01,-0.11,74551.33,66529.5586
002030.SZ,20120210,8.99,9.02,8.8,8.9,8.98,-0.08,-0.89,62088.23,55202.2021
002030.SZ,20120209,8.84,9.1,8.78,8.98,8.8,0.18,2.05,118812.6,106178.846
002030.SZ,20120208,8.58,8.82,8.46,8.8,8.56,0.24,2.8,72842.81,63195.6794
002030.SZ,20120207,8.68,8.84,8.48,8.56,8.77,-0.21,-2.39,58457.24,50409.8742
002030.SZ,20120206,8.61,8.82,8.55,8.77,8.61,0.16,1.86,70469.75,61201.0322
002030.SZ,20120203,8.52,8.67,8.46,8.61,8.52,0.09,1.06,59650.34,51176.5813
002030.SZ,20120202,8.42,8.57,8.3,8.52,8.48,0.04,0.47,49970.31,42087.1714
002030.SZ,20120201,8.33,8.68,8.23,8.48,8.32,0.16,1.92,71284.13,60236.325
002030.SZ,20120131,8.28,8.37,8.2,8.32,8.34,-0.02,-0.24,19631.42,16224.2054
002030.SZ,20120130,8.45,8.49,8.3,8.34,8.42,-0.08,-0.95,33106.3,27769.8363
002030.SZ,20120120,8.26,8.45,8.18,8.42,8.25,0.17,2.06,40565.01,33866.1451
002030.SZ,20120119,8.08,8.33,7.98,8.25,8.05,0.2,2.48,32238.41,26446.853
002030.SZ,20120118,8.38,8.44,8.01,8.05,8.3,-0.25,-3.01,43722.65,36061.52
002030.SZ,20120117,7.88,8.35,7.83,8.3,7.83,0.47,6.0,42543.5,34610.8229
002030.SZ,20120116,8.03,8.22,7.83,7.83,8.29,-0.46,-5.55,36896.59,29599.899
002030.SZ,20120113,8.72,8.77,8.28,8.29,8.75,-0.46,-5.26,64445.69,54567.5774
002030.SZ,20120112,8.6,8.8,8.51,8.75,8.63,0.12,1.39,66594.57,57710.8497
002030.SZ,20120111,8.6,8.89,8.45,8.63,8.6,0.03,0.35,64305.04,55698.6966
002030.SZ,20120110,8.3,8.67,8.24,8.6,8.29,0.31,3.74,71765.03,61188.8195
002030.SZ,20120109,7.91,8.33,7.89,8.29,7.91,0.38,4.8,48976.74,39927.7782
002030.SZ,20120106,7.87,7.93,7.51,7.91,7.81,0.1,1.28,38465.65,29717.9238
002030.SZ,20120105,8.12,8.17,7.73,7.81,8.25,-0.44,-5.33,46474.63,37026.1295
002030.SZ,20120104,8.45,8.67,8.25,8.25,8.3,-0.05,-0.6,48689.57,41389.5411
002030.SZ,20111230,8.32,8.43,8.25,8.3,8.24,0.06,0.73,32750.12,27325.8676
002030.SZ,20111229,8.21,8.45,8.16,8.24,8.31,-0.07,-0.84,33882.99,28287.803
002030.SZ,20111228,8.01,8.35,7.95,8.31,8.18,0.13,1.59,37075.64,30285.1695
002030.SZ,20111227,8.86,8.86,8.13,8.18,8.88,-0.7,-7.88,64062.23,54319.1877
002030.SZ,20111226,8.86,9.23,8.68,8.88,8.91,-0.03,-0.34,41709.48,37557.6399
002030.SZ,20111223,9.08,9.17,8.85,8.91,9.16,-0.25,-2.73,69196.44,62228.2219
002030.SZ,20111222,8.97,9.3,8.72,9.16,9.03,0.13,1.44,101626.22,92292.6259
002030.SZ,20111221,9.21,9.48,9.02,9.03,9.27,-0.24,-2.59,100954.44,93434.0106
002030.SZ,20111220,8.8,9.7,8.72,9.27,8.89,0.38,4.27,132478.7,122214.9989
002030.SZ,20111219,8.7,8.93,8.48,8.89,8.85,0.04,0.45,60357.41,52498.0219
002030.SZ,20111216,8.28,8.87,8.23,8.85,8.55,0.3,3.51,70161.3,59535.2127
002030.SZ,20111214,8.7,8.85,8.5,8.55,8.65,-0.1,-1.16,48709.06,42155.6237
002030.SZ,20111213,9.25,9.36,8.6,8.65,9.41,-0.76,-8.08,90915.65,80825.7083
002030.SZ,20111212,9.52,9.7,9.38,9.41,9.5,-0.09,-0.95,39751.57,37854.82
002030.SZ,20111209,9.45,9.82,9.42,9.5,9.65,-0.15,-1.55,48857.91,46950.0441
002030.SZ,20111208,9.59,9.9,9.4,9.65,9.79,-0.14,-1.43,86311.03,83282.0467
002030.SZ,20111207,9.46,9.96,9.34,9.79,9.54,0.25,2.62,107127.12,103504.7459
002030.SZ,20111206,9.57,9.65,9.04,9.54,9.65,-0.11,-1.14,99077.17,93167.7951
002030.SZ,20111205,10.46,10.57,9.58,9.65,10.64,-0.99,-9.3,132397.35,131956.121
002030.SZ,20111202,10.98,11.03,10.4,10.64,11.14,-0.5,-4.49,153387.71,164464.5463
002030.SZ,20111201,10.94,11.45,10.59,11.14,10.64,0.5,4.7,314401.57,348449.326
002030.SZ,20111130,10.8,10.99,10.02,10.64,10.75,-0.11,-1.02,216340.43,230148.4585
002030.SZ,20111129,10.61,11.34,10.61,10.75,10.36,0.39,3.76,246474.02,268786.2884
002030.SZ,20111128,10.2,10.39,10.14,10.36,10.22,0.14,1.37,78288.0,80452.6174
002030.SZ,20111125,10.38,10.4,10.06,10.22,10.4,-0.18,-1.73,96970.36,99241.4235
002030.SZ,20111124,9.8,10.42,9.75,10.4,9.92,0.48,4.84,164539.6,168000.3465
002030.SZ,20111123,9.85,10.03,9.62,9.92,9.85,0.07,0.71,58541.39,57563.781
002030.SZ,20111122,9.68,9.88,9.61,9.85,9.8,0.05,0.51,44430.93,43441.5873
002030.SZ,20111121,9.65,9.8,9.53,9.8,9.7,0.1,1.03,43040.41,41536.3802
002030.SZ,20111118,10.0,10.05,9.66,9.7,10.09,-0.39,-3.87,76261.18,74819.7682
002030.SZ,20111117,10.0,10.3,10.0,10.09,10.07,0.02,0.2,69123.89,70149.8974
002030.SZ,20111116,10.59,10.69,10.0,10.07,10.58,-0.51,-4.82,128046.41,131136.6417
002030.SZ,20111114,10.48,10.82,10.35,10.58,10.29,0.29,2.82,161503.44,171401.663
002030.SZ,20111111,10.16,10.54,10.1,10.29,10.26,0.03,0.29,127421.98,131412.3805
002030.SZ,20111110,10.03,10.64,10.0,10.26,10.21,0.05,0.49,208060.92,215549.4066
002030.SZ,20111109,9.93,10.23,9.73,10.21,9.95,0.26,2.61,106770.48,106757.307
002030.SZ,20111108,10.26,10.26,9.89,9.95,10.3,-0.35,-3.4,90450.34,91029.2641
002030.SZ,20111107,10.0,10.3,9.88,10.3,10.12,0.18,1.78,134607.41,135536.2641
002030.SZ,20111104,10.18,10.6,10.02,10.12,10.12,0.0,0.0,155064.74,159216.8277
002030.SZ,20111103,10.1,10.72,9.99,10.12,10.2,-0.08,-0.78,288098.28,299049.6004
002030.SZ,20111102,9.67,10.25,9.53,10.2,9.88,0.32,3.24,192099.48,189312.343
002030.SZ,20111101,9.85,10.12,9.78,9.88,10.01,-0.13,-1.3,139951.16,138941.37
002030.SZ,20111031,9.82,10.12,9.72,10.01,9.96,0.05,0.5,190922.63,189026.3309
002030.SZ,20111028,9.59,10.2,9.35,9.96,9.34,0.62,6.64,335248.33,327321.3036
002030.SZ,20111027,8.8,9.34,8.8,9.34,8.49,0.85,10.01,177818.82,164330.9038
002030.SZ,20111026,8.3,8.57,8.29,8.49,8.37,0.12,1.43,32886.72,27908.6902
002030.SZ,20111025,8.17,8.4,8.12,8.37,8.17,0.2,2.45,26898.24,22312.8099
002030.SZ,20111024,8.09,8.21,7.9,8.17,8.06,0.11,1.36,14060.89,11357.5736
002030.SZ,20111021,8.23,8.24,8.05,8.06,8.26,-0.2,-2.42,11503.06,9368.7926
002030.SZ,20111020,8.48,8.48,8.12,8.26,8.47,-0.21,-2.48,15313.18,12640.672
002030.SZ,20111019,8.47,8.6,8.42,8.47,8.58,-0.11,-1.28,9876.8,8397.5689
002030.SZ,20111018,8.66,8.69,8.55,8.58,8.7,-0.12,-1.38,22675.53,19502.7308
002030.SZ,20111017,8.76,8.8,8.67,8.7,8.7,0.0,0.0,16859.64,14706.3411
002030.SZ,20111014,8.8,8.8,8.6,8.7,8.75,-0.05,-0.57,22842.57,19773.5142
002030.SZ,20111013,8.61,8.83,8.61,8.75,8.67,0.08,0.92,26721.02,23402.9455
002030.SZ,20111012,8.37,8.7,8.26,8.67,8.39,0.28,3.34,28206.59,24220.139
002030.SZ,20111011,8.53,8.58,8.33,8.39,8.32,0.07,0.84,16776.13,14166.0478
002030.SZ,20111010,8.36,8.42,8.28,8.32,8.32,0.0,0.0,8833.56,7365.0432
002030.SZ,20110930,8.31,8.44,8.22,8.32,8.35,-0.03,-0.36,10391.97,8631.472
002030.SZ,20110929,8.5,8.6,8.28,8.35,8.57,-0.22,-2.57,23079.42,19441.7646
002030.SZ,20110928,8.75,8.75,8.5,8.57,8.67,-0.1,-1.15,15525.38,13400.3339
002030.SZ,20110927,8.62,8.72,8.55,8.67,8.54,0.13,1.52,15844.85,13696.6102
002030.SZ,20110926,8.57,8.69,8.52,8.54,8.61,-0.07,-0.81,14012.88,12041.3009
002030.SZ,20110923,8.5,8.66,8.49,8.61,8.71,-0.1,-1.15,18490.39,15842.1072
002030.SZ,20110922,8.94,9.01,8.7,8.71,9.02,-0.31,-3.44,27177.39,24026.1639
002030.SZ,20110921,8.68,9.05,8.66,9.02,8.76,0.26,2.97,36325.93,32479.2966
002030.SZ,20110920,8.7,8.82,8.59,8.76,8.61,0.15,1.74,20654.38,18021.5342
002030.SZ,20110919,8.65,8.7,8.58,8.61,8.75,-0.14,-1.6,18056.81,15581.743
002030.SZ,20110916,8.82,8.9,8.75,8.75,8.78,-0.03,-0.34,15760.98,13916.7232
002030.SZ,20110915,8.76,8.94,8.74,8.78,8.67,0.11,1.27,23654.29,20923.6571
002030.SZ,20110913,8.71,8.73,8.58,8.67,8.89,-0.22,-2.47,25290.92,21846.2023
002030.SZ,20110909,9.02,9.11,8.84,8.89,9.1,-0.21,-2.31,30557.66,27438.0945
002030.SZ,20110908,9.03,9.27,8.93,9.1,9.0,0.1,1.11,54193.18,49419.7263
002030.SZ,20110907,8.84,9.02,8.8,9.0,8.81,0.19,2.16,23598.18,21074.7103
002030.SZ,20110906,8.81,8.91,8.76,8.81,8.89,-0.08,-0.9,17277.28,15226.5828
002030.SZ,20110905,9.07,9.1,8.85,8.89,9.23,-0.34,-3.68,24139.01,21530.3619
002030.SZ,20110902,9.25,9.38,9.11,9.23,9.25,-0.02,-0.22,23313.96,21538.5054
002030.SZ,20110901,9.34,9.41,9.22,9.25,9.32,-0.07,-0.75,24508.61,22811.4192
002030.SZ,20110831,9.52,9.52,9.26,9.32,9.47,-0.15,-1.58,28902.28,27018.4349
002030.SZ,20110830,9.66,9.75,9.45,9.47,9.69,-0.22,-2.27,52838.76,50626.0579
002030.SZ,20110829,9.51,9.87,9.46,9.69,9.6,0.09,0.94,73106.93,70516.5415
002030.SZ,20110826,9.47,9.65,9.4,9.6,9.48,0.12,1.27,53913.79,51554.1033
002030.SZ,20110825,9.22,9.49,9.2,9.48,9.2,0.28,3.04,47093.12,44158.9147
002030.SZ,20110824,9.28,9.45,9.16,9.2,9.2,0.0,0.0,34427.33,32079.5091
002030.SZ,20110823,8.99,9.2,8.98,9.2,8.98,0.22,2.45,23256.51,21206.17
002030.SZ,20110822,9.1,9.1,8.9,8.98,8.94,0.04,0.45,19342.36,17416.7447
002030.SZ,20110819,8.82,8.99,8.75,8.94,9.09,-0.15,-1.65,35781.5,31730.1632
002030.SZ,20110818,9.34,9.37,9.08,9.09,9.32,-0.23,-2.47,28899.25,26644.5119
002030.SZ,20110817,9.42,9.46,9.29,9.32,9.46,-0.14,-1.48,30714.12,28697.7146
002030.SZ,20110816,9.4,9.63,9.32,9.46,9.41,0.05,0.53,42186.8,39855.0332
002030.SZ,20110815,9.3,9.48,9.22,9.41,9.25,0.16,1.73,36599.0,34223.1476
002030.SZ,20110812,9.28,9.36,9.2,9.25,9.24,0.01,0.11,42783.78,39695.2368
002030.SZ,20110811,8.71,9.31,8.65,9.24,8.94,0.3,3.36,50558.44,45671.6604
002030.SZ,20110810,9.01,9.08,8.92,8.94,8.81,0.13,1.48,36010.78,32362.7433
002030.SZ,20110809,8.5,8.95,8.4,8.81,8.96,-0.15,-1.67,45749.99,39790.2728
002030.SZ,20110808,9.56,9.7,8.78,8.96,9.73,-0.77,-7.91,52178.53,47902.0646
002030.SZ,20110805,9.63,9.78,9.48,9.73,9.98,-0.25,-2.51,31375.33,30364.3262
002030.SZ,20110804,9.91,10.07,9.9,9.98,9.88,0.1,1.01,23518.91,23524.8642
002030.SZ,20110803,9.78,9.93,9.64,9.88,9.86,0.02,0.2,28608.32,28060.2654
002030.SZ,20110802,10.0,10.0,9.7,9.86,10.03,-0.17,-1.69,34261.83,33580.9429
002030.SZ,20110801,9.98,10.13,9.97,10.03,10.01,0.02,0.2,25618.18,25780.622
002030.SZ,20110729,10.19,10.21,9.94,10.01,10.14,-0.13,-1.28,37016.69,37208.9858
002030.SZ,20110728,10.15,10.26,10.05,10.14,10.3,-0.16,-1.55,47960.45,48578.8365
002030.SZ,20110727,10.12,10.6,9.93,10.3,10.16,0.14,1.38,66106.61,68447.2819
002030.SZ,20110726,10.12,10.2,10.02,10.16,10.13,0.03,0.3,29338.15,29678.491
002030.SZ,20110725,10.82,10.82,10.02,10.13,10.81,-0.68,-6.29,65620.45,67598.9951
002030.SZ,20110722,10.8,10.93,10.73,10.81,10.78,0.03,0.28,32879.65,35605.4582
002030.SZ,20110721,11.02,11.02,10.75,10.78,11.02,-0.24,-2.18,38198.3,41399.94
002030.SZ,20110720,11.06,11.14,10.7,11.02,10.94,0.08,0.73,61220.78,66907.0993
002030.SZ,20110719,10.79,11.3,10.76,10.94,10.95,-0.01,-0.09,98010.81,107703.608
002030.SZ,20110718,11.05,11.38,10.89,10.95,11.0,-0.05,-0.45,110143.85,122479.4644
002030.SZ,20110715,10.57,11.07,10.57,11.0,10.56,0.44,4.17,128815.72,140320.2228
002030.SZ,20110714,10.33,10.57,10.33,10.56,10.38,0.18,1.73,46131.52,48371.5605
002030.SZ,20110713,10.18,10.43,10.18,10.38,10.17,0.21,2.06,25979.09,26850.3394
002030.SZ,20110712,10.48,10.48,10.14,10.17,10.53,-0.36,-3.42,46087.67,47374.3425
002030.SZ,20110711,10.48,10.59,10.36,10.53,10.5,0.03,0.29,34846.12,36498.9828
002030.SZ,20110708,10.48,10.58,10.45,10.5,10.5,0.0,0.0,22118.28,23237.0149
002030.SZ,20110707,10.46,10.69,10.43,10.5,10.54,-0.04,-0.38,44357.98,46809.3808
002030.SZ,20110706,10.52,10.54,10.38,10.54,10.54,0.0,0.0,37285.8,39034.8634
002030.SZ,20110705,10.55,10.55,10.4,10.54,10.5,0.04,0.38,42237.8,44226.7985
002030.SZ,20110704,10.34,10.56,10.25,10.5,10.23,0.27,2.64,43949.25,45779.4385
002030.SZ,20110701,10.4,10.42,10.21,10.23,10.22,0.01,0.1,29730.37,30621.3525
002030.SZ,20110630,10.06,10.32,10.02,10.22,10.1,0.12,1.19,25317.63,25886.2675
002030.SZ,20110629,10.3,10.32,10.04,10.1,10.3,-0.2,-1.94,31132.69,31663.5817
002030.SZ,20110628,10.24,10.45,10.2,10.3,10.26,0.04,0.39,30163.58,31150.2912
002030.SZ,20110627,10.16,10.39,10.1,10.26,10.18,0.08,0.79,32835.66,33614.5158
002030.SZ,20110624,9.94,10.26,9.86,10.18,9.9,0.28,2.83,51023.85,51449.9151
002030.SZ,20110623,9.58,9.9,9.5,9.9,9.61,0.29,3.02,37475.96,36353.2205
002030.SZ,20110622,9.61,9.69,9.49,9.61,9.61,0.0,0.0,22229.37,21333.2812
002030.SZ,20110621,9.6,9.66,9.52,9.61,9.52,0.09,0.95,23385.3,22429.3081
002030.SZ,20110620,9.99,10.04,9.44,9.52,10.13,-0.61,-6.02,43477.98,41823.5474
002030.SZ,20110617,10.34,10.87,10.08,10.13,10.33,-0.2,-1.94,46699.41,49080.4458
002030.SZ,20110616,12.64,12.69,12.3,12.41,12.79,-0.38,-2.97,20340.63,25456.4196
002030.SZ,20110615,12.91,13.03,12.77,12.79,12.93,-0.14,-1.08,24831.39,32027.7242
002030.SZ,20110614,12.73,12.97,12.64,12.93,12.71,0.22,1.73,27287.6,35157.505
002030.SZ,20110613,12.5,12.78,12.41,12.71,12.62,0.09,0.71,20765.56,26255.0518
002030.SZ,20110610,12.48,12.63,12.17,12.62,12.43,0.19,1.53,22153.96,27559.3429
002030.SZ,20110609,12.8,12.9,12.43,12.43,12.84,-0.41,-3.19,24612.72,31147.8956
002030.SZ,20110608,12.83,12.85,12.6,12.84,12.95,-0.11,-0.85,25921.63,32983.9477
002030.SZ,20110607,12.83,13.2,12.83,12.95,12.79,0.16,1.25,31243.56,40678.8984
002030.SZ,20110603,12.53,12.95,12.53,12.79,12.49,0.3,2.4,31873.33,40830.6134
002030.SZ,20110602,12.66,12.74,12.29,12.49,12.91,-0.42,-3.25,36247.19,45406.41
002030.SZ,20110601,12.47,13.28,12.32,12.91,12.47,0.44,3.53,53744.48,69350.5117
002030.SZ,20110531,12.14,12.47,12.09,12.47,12.13,0.34,2.8,20796.8,25604.6489
002030.SZ,20110530,12.24,12.35,12.06,12.13,12.25,-0.12,-0.98,16480.12,20124.2368
002030.SZ,20110527,12.55,12.68,12.2,12.25,12.56,-0.31,-2.47,22956.89,28415.2529
002030.SZ,20110526,12.63,12.84,12.53,12.56,12.55,0.01,0.08,20194.01,25615.5103
002030.SZ,20110525,13.08,13.08,12.51,12.55,12.97,-0.42,-3.24,32230.47,41062.3567
002030.SZ,20110524,13.18,13.18,12.66,12.97,13.16,-0.19,-1.44,32894.02,42302.6027
002030.SZ,20110523,14.0,14.08,13.11,13.16,14.11,-0.95,-6.73,49375.35,66957.4897
002030.SZ,20110520,14.0,14.2,13.91,14.11,13.94,0.17,1.22,40143.17,56689.2574
002030.SZ,20110519,14.09,14.23,13.91,13.94,14.0,-0.06,-0.43,43571.89,61366.6716
002030.SZ,20110518,13.7,14.08,13.65,14.0,13.75,0.25,1.82,43462.67,60512.8859
002030.SZ,20110517,13.75,13.88,13.48,13.75,13.81,-0.06,-0.43,33962.8,46567.0777
002030.SZ,20110516,13.83,14.0,13.8,13.81,13.9,-0.09,-0.65,28907.84,40203.6576
002030.SZ,20110513,13.99,14.1,13.61,13.9,14.03,-0.13,-0.93,37834.14,52442.9804
002030.SZ,20110512,14.01,14.14,13.92,14.03,13.99,0.04,0.29,41093.07,57607.2982
002030.SZ,20110511,14.09,14.14,13.82,13.99,14.08,-0.09,-0.64,29578.62,41434.7534
002030.SZ,20110510,14.13,14.15,13.89,14.08,14.02,0.06,0.43,27976.71,39192.6272
002030.SZ,20110509,14.16,14.35,13.88,14.02,14.0,0.02,0.14,35315.9,49746.5797
002030.SZ,20110506,13.79,14.05,13.71,14.0,13.78,0.22,1.6,28572.49,39883.0858
002030.SZ,20110505,13.6,13.85,13.6,13.78,13.57,0.21,1.55,22873.19,31481.0129
002030.SZ,20110504,14.02,14.1,13.54,13.57,14.11,-0.54,-3.83,38958.85,53628.8797
002030.SZ,20110503,13.84,14.17,13.78,14.11,13.82,0.29,2.1,30278.78,42544.0157
002030.SZ,20110429,13.55,13.84,13.52,13.82,13.55,0.27,1.99,27626.11,37893.8274
002030.SZ,20110428,13.99,14.14,13.51,13.55,13.91,-0.36,-2.59,36729.39,50596.884
002030.SZ,20110427,14.16,14.4,13.68,13.91,14.12,-0.21,-1.49,40246.66,56847.2346
002030.SZ,20110426,14.58,14.83,14.09,14.12,14.69,-0.57,-3.88,50707.6,72787.1191
002030.SZ,20110425,14.65,14.94,14.51,14.69,14.79,-0.1,-0.68,49206.9,72297.913
002030.SZ,20110422,15.75,15.75,14.72,14.79,15.29,-0.5,-3.27,95896.31,144467.2833
002030.SZ,20110420,15.1,15.46,14.97,15.29,15.23,0.06,0.39,96463.23,146463.6888
002030.SZ,20110419,15.8,15.99,15.2,15.23,16.0,-0.77,-4.81,126377.31,196550.2636
002030.SZ,20110418,15.88,16.02,15.57,16.0,15.7,0.3,1.91,139163.16,220690.9712
002030.SZ,20110415,15.7,15.88,15.37,15.7,15.9,-0.2,-1.26,117935.09,183884.0092
002030.SZ,20110414,15.35,16.25,15.3,15.9,15.38,0.52,3.38,222530.44,353065.0003
002030.SZ,20110413,15.22,15.65,14.96,15.38,15.2,0.18,1.18,119476.78,183139.7881
002030.SZ,20110412,15.4,15.86,15.14,15.2,15.48,-0.28,-1.81,144935.69,224069.6746
002030.SZ,20110411,14.92,15.9,14.7,15.48,14.94,0.54,3.61,176011.49,269116.9953
002030.SZ,20110408,15.05,15.18,14.75,14.94,14.92,0.02,0.13,77843.9,116517.3121
002030.SZ,20110407,15.1,15.11,14.63,14.92,15.31,-0.39,-2.55,107711.13,160065.3144
002030.SZ,20110406,15.23,16.2,14.93,15.31,14.81,0.5,3.38,201269.4,311803.8904
002030.SZ,20110401,15.2,15.2,14.53,14.81,14.95,-0.14,-0.94,109196.84,161329.3967
002030.SZ,20110331,15.11,15.42,14.68,14.95,15.52,-0.57,-3.67,216530.46,325599.6089
002030.SZ,20110330,14.18,15.52,14.14,15.52,14.11,1.41,9.99,424947.25,641415.7907
002030.SZ,20110329,13.8,14.2,13.5,14.11,13.82,0.29,2.1,118116.3,164429.7265
002030.SZ,20110328,13.88,13.93,13.75,13.82,13.8,0.02,0.14,42840.41,59245.5056
002030.SZ,20110325,13.78,13.93,13.71,13.8,13.88,-0.08,-0.58,41466.25,57273.9973
002030.SZ,20110324,13.7,14.1,13.68,13.88,13.76,0.12,0.87,58823.23,81787.5436
002030.SZ,20110323,13.73,13.79,13.6,13.76,13.7,0.06,0.44,38670.67,52982.1425
002030.SZ,20110322,13.9,14.0,13.48,13.7,13.86,-0.16,-1.15,42017.67,57330.0836
002030.SZ,20110321,14.15,14.17,13.82,13.86,14.2,-0.34,-2.39,44365.7,61816.253
002030.SZ,20110318,14.16,14.35,14.03,14.2,14.14,0.06,0.42,66779.75,94644.6516
002030.SZ,20110317,13.91,14.65,13.75,14.14,14.04,0.1,0.71,115994.16,165516.7989
002030.SZ,20110316,13.8,14.14,13.74,14.04,13.82,0.22,1.59,67082.27,93482.7149
002030.SZ,20110315,14.0,14.03,13.54,13.82,14.05,-0.23,-1.64,53315.75,73369.287
002030.SZ,20110314,13.66,14.15,13.6,14.05,13.68,0.37,2.7,74387.92,104081.6907
002030.SZ,20110311,13.69,13.86,13.61,13.68,13.73,-0.05,-0.36,32749.18,45051.1707
002030.SZ,20110310,13.86,14.03,13.7,13.73,13.93,-0.2,-1.44,45337.22,62894.1933
002030.SZ,20110309,14.03,14.03,13.76,13.93,14.07,-0.14,-1.0,42930.68,59594.6562
002030.SZ,20110308,13.96,14.09,13.7,14.07,13.96,0.11,0.79,49282.33,68556.1263
002030.SZ,20110307,13.89,13.96,13.82,13.96,13.88,0.08,0.58,51222.25,71248.6783
002030.SZ,20110304,13.82,13.92,13.51,13.88,13.78,0.1,0.73,41933.64,57624.8237
002030.SZ,20110303,14.42,14.5,13.76,13.78,14.45,-0.67,-4.64,66618.89,93811.9945
002030.SZ,20110302,14.26,14.58,14.2,14.45,14.39,0.06,0.42,73836.51,106358.0833
002030.SZ,20110301,14.2,14.43,14.1,14.39,14.21,0.18,1.27,72221.13,103124.0278
002030.SZ,20110228,14.17,14.27,13.95,14.21,14.17,0.04,0.28,49665.03,69925.6423
002030.SZ,20110225,14.2,14.36,14.03,14.17,14.27,-0.1,-0.7,58702.79,83376.9688
002030.SZ,20110224,14.31,14.58,14.13,14.27,14.46,-0.19,-1.31,79842.47,114174.6459
002030.SZ,20110223,13.93,14.51,13.93,14.46,13.93,0.53,3.8,130712.28,187161.731
002030.SZ,20110222,13.9,14.17,13.77,13.93,13.87,0.06,0.43,102315.83,142967.5028
002030.SZ,20110221,13.71,13.94,13.64,13.87,13.87,0.0,0.0,59523.64,81977.6999
002030.SZ,20110218,13.99,14.15,13.6,13.87,13.88,-0.01,-0.07,86235.82,120056.9002
002030.SZ,20110217,14.01,14.06,13.7,13.88,14.0,-0.12,-0.86,63370.78,87735.4893
002030.SZ,20110216,13.69,14.04,13.63,14.0,13.73,0.27,1.97,73562.4,102394.1826
002030.SZ,20110215,13.68,13.94,13.57,13.73,13.75,-0.02,-0.15,75622.0,103865.156
002030.SZ,20110214,13.78,13.9,13.51,13.75,13.69,0.06,0.44,91054.3,124779.9608
002030.SZ,20110211,13.56,13.84,13.34,13.69,13.5,0.19,1.41,81159.71,110393.0937
002030.SZ,20110210,12.86,13.8,12.83,13.5,12.82,0.68,5.3,84764.91,113526.2816
002030.SZ,20110209,12.8,13.07,12.72,12.82,12.67,0.15,1.18,42490.98,54871.3429
002030.SZ,20110201,12.64,12.77,12.62,12.67,12.69,-0.02,-0.16,23058.0,29256.5451
002030.SZ,20110131,12.62,12.7,12.51,12.69,12.66,0.03,0.24,26460.23,33422.3096
002030.SZ,20110128,12.49,12.74,12.49,12.66,12.55,0.11,0.88,26320.23,33247.2288
002030.SZ,20110127,12.43,12.59,12.35,12.55,12.4,0.15,1.21,31009.98,38817.8789
002030.SZ,20110126,12.24,12.48,12.24,12.4,12.31,0.09,0.73,21001.67,25974.7928
002030.SZ,20110125,12.14,12.5,12.1,12.31,12.15,0.16,1.32,31024.8,38254.6101
002030.SZ,20110124,12.19,12.25,11.97,12.15,12.1,0.05,0.41,21140.13,25621.8813
002030.SZ,20110121,12.12,12.29,11.94,12.1,12.1,0.0,0.0,26494.76,32148.2382
002030.SZ,20110120,12.5,12.59,12.09,12.1,12.6,-0.5,-3.97,31810.32,39037.855
002030.SZ,20110119,12.41,12.63,12.25,12.6,12.27,0.33,2.69,33034.08,41057.2587
002030.SZ,20110118,12.16,12.44,12.16,12.27,12.4,-0.13,-1.05,29437.49,36244.155
002030.SZ,20110117,13.18,13.4,12.33,12.4,13.3,-0.9,-6.77,64719.61,82934.2305
002030.SZ,20110114,13.3,14.05,13.2,13.3,13.35,-0.05,-0.37,106026.02,145300.4191
002030.SZ,20110113,13.24,13.38,13.12,13.35,13.25,0.1,0.75,34976.68,46351.1985
002030.SZ,20110112,13.1,13.25,12.94,13.25,13.02,0.23,1.77,29026.05,38025.7694
002030.SZ,20110111,13.2,13.27,12.82,13.02,13.27,-0.25,-1.88,45297.39,58881.3034
002030.SZ,20110110,13.7,13.85,13.25,13.27,13.75,-0.48,-3.49,43016.74,58004.695
002030.SZ,20110107,13.77,14.07,13.65,13.75,13.7,0.05,0.37,44639.28,61882.8945
002030.SZ,20110106,14.14,14.14,13.68,13.7,14.06,-0.36,-2.56,49269.92,68017.7399
002030.SZ,20110105,13.95,14.31,13.91,14.06,14.09,-0.03,-0.21,48093.23,67998.8053
002030.SZ,20110104,14.0,14.1,13.81,14.09,13.87,0.22,1.59,46062.62,64278.8758
002030.SZ,20101231,13.6,13.96,13.6,13.87,13.6,0.27,1.99,39676.19,54848.9881
002030.SZ,20101230,13.73,13.85,13.5,13.6,13.72,-0.12,-0.87,38476.37,52615.1405
002030.SZ,20101229,13.35,13.72,13.3,13.72,13.32,0.4,3.0,46649.52,63347.5424
002030.SZ,20101228,13.45,13.5,13.18,13.32,13.5,-0.18,-1.33,49243.82,65690.1569
002030.SZ,20101227,14.53,14.7,13.36,13.5,14.55,-1.05,-7.22,96030.14,135264.653
002030.SZ,20101224,14.98,15.0,14.2,14.55,15.0,-0.45,-3.0,72577.69,105643.1544
002030.SZ,20101223,15.37,15.37,14.87,15.0,15.4,-0.4,-2.6,62120.91,94036.2078
002030.SZ,20101222,15.65,15.7,15.3,15.4,15.7,-0.3,-1.91,49648.85,76568.2806
002030.SZ,20101221,15.6,15.8,15.36,15.7,15.67,0.03,0.19,48927.8,76319.6513
002030.SZ,20101220,15.99,16.14,15.01,15.67,16.0,-0.33,-2.06,69597.07,108691.2462
002030.SZ,20101217,15.7,16.05,15.6,16.0,15.7,0.3,1.91,53161.05,84365.8712
002030.SZ,20101216,15.78,15.98,15.64,15.7,15.98,-0.28,-1.75,77886.89,122894.5253
002030.SZ,20101215,16.46,16.6,15.95,15.98,15.92,0.06,0.38,125743.9,203418.8085
002030.SZ,20101214,15.74,16.38,15.65,15.92,15.72,0.2,1.27,125174.71,201077.9629
002030.SZ,20101213,15.45,15.9,15.45,15.72,15.26,0.46,3.01,84239.93,132538.0838
002030.SZ,20101210,14.95,15.35,14.89,15.26,15.16,0.1,0.66,41421.33,62767.868
002030.SZ,20101209,15.29,15.38,14.9,15.16,15.47,-0.31,-2.0,60981.51,92357.5782
002030.SZ,20101208,15.49,15.85,15.37,15.47,15.48,-0.01,-0.06,62528.09,97721.827
002030.SZ,20101207,15.25,15.62,14.88,15.48,15.28,0.2,1.31,47578.87,72845.4123
002030.SZ,20101206,15.72,15.79,15.11,15.28,15.73,-0.45,-2.86,48280.14,74620.112
002030.SZ,20101203,15.75,16.0,15.41,15.73,15.86,-0.13,-0.82,51581.21,80861.3326
002030.SZ,20101202,16.3,16.36,15.8,15.86,16.15,-0.29,-1.8,87033.21,139528.8151
002030.SZ,20101201,15.5,16.39,15.25,16.15,15.7,0.45,2.87,125286.52,198669.8293
002030.SZ,20101130,16.72,16.72,15.19,15.7,16.75,-1.05,-6.27,190192.85,301938.0844
002030.SZ,20101129,16.59,16.98,16.42,16.75,16.45,0.3,1.82,160618.66,268793.7127
002030.SZ,20101126,16.69,16.9,16.0,16.45,16.66,-0.21,-1.26,165930.46,273821.8543
002030.SZ,20101125,17.3,17.47,16.5,16.66,17.11,-0.45,-2.63,276378.22,466263.587
002030.SZ,20101124,15.28,17.11,15.28,17.11,15.55,1.56,10.03,306784.21,505801.7831
002030.SZ,20101123,15.62,15.86,15.04,15.55,15.77,-0.22,-1.4,106372.86,164714.5195
002030.SZ,20101122,15.08,15.87,15.01,15.77,15.23,0.54,3.55,154003.72,238435.666
002030.SZ,20101119,14.53,15.27,14.36,15.23,14.5,0.73,5.03,127128.8,188745.7864
002030.SZ,20101118,14.65,14.78,14.08,14.5,14.4,0.1,0.69,84327.8,121908.8063
002030.SZ,20101117,15.4,15.64,14.35,14.4,15.79,-1.39,-8.8,149065.08,221598.4364
002030.SZ,20101116,16.4,16.84,15.21,15.79,16.5,-0.71,-4.3,305096.56,492458.9687
002030.SZ,20101115,15.75,16.64,15.32,16.5,15.44,1.06,6.87,291155.43,467908.5816
002030.SZ,20101112,16.09,16.85,15.1,15.44,16.6,-1.16,-6.99,352320.8,568711.6698
002030.SZ,20101111,15.05,16.72,14.87,16.6,15.2,1.4,9.21,494708.99,797701.3573
002030.SZ,20101110,15.41,15.97,15.2,15.2,15.44,-0.24,-1.55,257806.32,402395.0077
002030.SZ,20101109,15.0,15.44,14.9,15.44,14.99,0.45,3.0,217428.58,330792.8677
002030.SZ,20101108,14.9,15.08,14.73,14.99,14.83,0.16,1.08,125712.94,187479.8326
002030.SZ,20101105,14.53,14.98,14.44,14.83,14.53,0.3,2.06,109237.79,160782.1233
002030.SZ,20101104,14.27,14.6,14.27,14.53,14.31,0.22,1.54,70596.86,101926.5618
002030.SZ,20101103,14.8,14.8,14.24,14.31,14.81,-0.5,-3.38,108122.18,157269.07
002030.SZ,20101102,14.87,15.08,14.6,14.81,14.9,-0.09,-0.6,164828.91,243859.0661
002030.SZ,20101101,14.78,15.0,14.62,14.9,14.68,0.22,1.5,129152.02,191695.9076
002030.SZ,20101029,14.99,14.99,14.56,14.68,15.03,-0.35,-2.33,96995.55,142869.0725
002030.SZ,20101028,15.0,15.18,14.6,15.03,15.2,-0.17,-1.12,143405.58,212684.8348
002030.SZ,20101027,15.58,16.1,14.8,15.2,14.67,0.53,3.61,362851.24,558305.924
002030.SZ,20101026,14.36,14.78,14.06,14.67,14.24,0.43,3.02,203713.02,295023.8222
002030.SZ,20101025,14.1,14.29,13.9,14.24,14.0,0.24,1.71,105321.1,148941.6996
002030.SZ,20101022,14.03,14.2,13.86,14.0,14.13,-0.13,-0.92,84016.52,117448.0096
002030.SZ,20101021,13.66,14.29,13.66,14.13,13.75,0.38,2.76,116630.22,163479.1732
002030.SZ,20101020,13.28,14.08,13.17,13.75,13.63,0.12,0.88,95509.96,131534.4397
002030.SZ,20101019,13.13,13.75,13.13,13.63,13.13,0.5,3.81,65688.91,88933.2237
002030.SZ,20101018,13.5,13.5,12.96,13.13,13.65,-0.52,-3.81,90948.23,119311.7606
002030.SZ,20101015,13.51,14.0,13.49,13.65,13.63,0.02,0.15,80282.87,109770.6647
002030.SZ,20101014,14.4,14.55,13.6,13.63,14.41,-0.78,-5.41,106947.55,149796.3353
002030.SZ,20101013,14.32,14.56,14.18,14.41,14.36,0.05,0.35,105806.78,152194.9901
002030.SZ,20101012,14.3,14.7,14.2,14.36,14.57,-0.21,-1.44,114415.24,164712.4436
002030.SZ,20101011,13.87,14.76,13.67,14.57,13.86,0.71,5.12,145909.4,205369.0249
002030.SZ,20101008,13.79,13.98,13.67,13.86,13.67,0.19,1.39,68088.11,94389.1443
002030.SZ,20100930,13.47,13.68,13.42,13.67,13.38,0.29,2.17,47083.94,63921.3295
002030.SZ,20100929,13.6,13.61,13.34,13.38,13.52,-0.14,-1.04,41143.98,55230.7872
002030.SZ,20100928,13.63,13.75,13.45,13.52,13.64,-0.12,-0.88,49127.41,66623.4149
002030.SZ,20100927,13.39,13.68,13.39,13.64,13.36,0.28,2.1,42821.15,58142.3355
002030.SZ,20100921,13.43,13.54,13.33,13.36,13.43,-0.07,-0.52,32375.41,43424.481
002030.SZ,20100920,13.94,13.96,13.24,13.43,13.93,-0.5,-3.59,66876.44,90471.2641
002030.SZ,20100917,13.96,14.13,13.7,13.93,13.9,0.03,0.22,75780.51,105464.6158
002030.SZ,20100916,14.7,14.8,13.63,13.9,14.66,-0.76,-5.18,132120.47,185806.9293
002030.SZ,20100915,14.7,15.29,14.55,14.66,14.89,-0.23,-1.54,202968.63,304225.4669
002030.SZ,20100914,14.6,15.2,14.5,14.89,14.85,0.04,0.27,198500.78,294259.6004
002030.SZ,20100913,15.79,15.8,14.78,14.85,14.61,0.24,1.64,291234.85,441540.7537
002030.SZ,20100909,14.31,15.2,14.31,14.61,14.04,0.57,4.06,331031.25,489883.8193
002030.SZ,20100908,14.21,14.22,13.88,14.04,14.28,-0.24,-1.68,104489.21,146389.3901
002030.SZ,20100907,14.2,14.33,14.04,14.28,14.1,0.18,1.28,104772.38,148921.7675
002030.SZ,20100906,14.29,14.45,14.04,14.1,14.19,-0.09,-0.63,102528.75,145595.6907
002030.SZ,20100903,14.05,14.25,13.84,14.19,14.06,0.13,0.92,129909.12,182364.8648
002030.SZ,20100902,13.9,14.16,13.83,14.06,13.86,0.2,1.44,99104.21,138623.7643
002030.SZ,20100901,14.32,14.39,13.7,13.86,14.37,-0.51,-3.55,140363.59,196658.9518
002030.SZ,20100831,14.14,14.49,14.03,14.37,14.15,0.22,1.55,156967.01,224179.2446
002030.SZ,20100830,14.11,14.23,13.84,14.15,13.99,0.16,1.14,136634.1,192157.84
002030.SZ,20100827,13.7,14.19,13.65,13.99,13.77,0.22,1.6,112261.16,156842.5751
002030.SZ,20100826,13.79,13.95,13.45,13.77,13.78,-0.01,-0.07,111977.92,153093.841
002030.SZ,20100825,14.15,14.33,13.71,13.78,14.14,-0.36,-2.55,133345.68,187377.5084
002030.SZ,20100824,14.2,14.29,13.83,14.14,14.24,-0.1,-0.7,135790.17,191664.5754
002030.SZ,20100823,14.6,14.74,14.0,14.24,14.64,-0.4,-2.73,198449.63,284089.8113
002030.SZ,20100820,14.23,14.88,14.1,14.64,14.42,0.22,1.53,238130.18,348055.4401
002030.SZ,20100819,14.38,14.8,14.18,14.42,14.6,-0.18,-1.23,192021.85,276137.925
002030.SZ,20100818,14.05,15.35,14.0,14.6,14.35,0.25,1.74,332819.06,489868.9107
002030.SZ,20100817,15.01,15.1,14.2,14.35,14.42,-0.07,-0.49,456317.34,670344.9766
002030.SZ,20100816,13.31,14.42,13.31,14.42,13.11,1.31,9.99,222201.48,316239.5224
002030.SZ,20100813,13.15,13.42,12.78,13.11,13.17,-0.06,-0.46,131329.16,171820.7749
002030.SZ,20100812,13.25,13.7,13.01,13.17,13.49,-0.32,-2.37,199342.88,265590.3136
002030.SZ,20100811,13.02,13.79,12.72,13.49,13.23,0.26,1.97,320858.25,428688.8177
002030.SZ,20100810,12.7,13.79,12.7,13.23,12.6,0.63,5.0,393623.97,523750.3494
002030.SZ,20100809,12.47,12.85,12.4,12.6,12.46,0.14,1.12,111108.73,140202.722
002030.SZ,20100806,12.28,12.5,12.15,12.46,12.36,0.1,0.81,104964.85,129561.4679
002030.SZ,20100805,12.17,12.68,12.1,12.36,12.17,0.19,1.56,189891.91,236052.3548
002030.SZ,20100804,11.96,12.19,11.83,12.17,12.05,0.12,1.0,85047.34,101831.3485
002030.SZ,20100803,12.29,12.42,12.02,12.05,12.26,-0.21,-1.71,125703.27,153601.9344
002030.SZ,20100802,12.01,12.29,12.0,12.26,11.94,0.32,2.68,110562.03,134629.1439
002030.SZ,20100730,12.01,12.01,11.8,11.94,12.07,-0.13,-1.08,66072.52,78828.3472
002030.SZ,20100729,12.08,12.2,11.91,12.07,12.11,-0.04,-0.33,95000.79,114735.4616
002030.SZ,20100728,11.89,12.12,11.76,12.11,11.94,0.17,1.42,102689.25,123032.4657
002030.SZ,20100727,12.02,12.17,11.9,11.94,12.03,-0.09,-0.75,74726.51,89753.9004
002030.SZ,20100726,12.0,12.15,11.85,12.03,12.08,-0.05,-0.41,100146.18,120180.3088
002030.SZ,20100723,11.78,12.3,11.63,12.08,11.77,0.31,2.63,167850.68,201883.306
002030.SZ,20100722,11.56,11.78,11.47,11.77,11.56,0.21,1.82,83900.08,97858.7681
002030.SZ,20100721,11.63,11.79,11.51,11.56,11.64,-0.08,-0.69,90663.57,105317.1423
002030.SZ,20100720,11.25,11.8,11.16,11.64,11.2,0.44,3.93,99005.79,114057.5854
002030.SZ,20100719,10.96,11.24,10.88,11.2,11.04,0.16,1.45,43242.43,48011.6924
002030.SZ,20100716,10.89,11.1,10.78,11.04,11.07,-0.03,-0.27,44743.63,48890.7835
002030.SZ,20100715,11.38,11.54,11.03,11.07,11.39,-0.32,-2.81,55684.56,62992.8701
002030.SZ,20100714,11.21,11.59,11.2,11.39,11.24,0.15,1.33,59936.96,68369.3796
002030.SZ,20100713,11.5,11.5,11.11,11.24,11.66,-0.42,-3.6,71284.55,80601.261
002030.SZ,20100712,11.6,11.85,11.44,11.66,11.66,0.0,0.0,86800.32,101320.7738
002030.SZ,20100709,11.46,11.9,11.21,11.66,11.49,0.17,1.48,129494.01,149393.1279
002030.SZ,20100708,11.1,11.8,11.02,11.49,11.1,0.39,3.51,136439.33,155940.3236
002030.SZ,20100707,10.99,11.22,10.95,11.1,11.11,-0.01,-0.09,67668.97,74892.0412
002030.SZ,20100706,10.7,11.2,10.5,11.11,10.75,0.36,3.35,89286.53,97254.7912
002030.SZ,20100705,11.06,11.33,10.58,10.75,11.08,-0.33,-2.98,84673.12,93014.6093
002030.SZ,20100702,12.0,12.1,10.93,11.08,12.12,-1.04,-8.58,156931.9,178455.5282
002030.SZ,20100701,12.44,12.82,12.03,12.12,12.63,-0.51,-4.04,170646.59,211107.2673
002030.SZ,20100630,12.12,13.28,12.02,12.63,12.61,0.02,0.16,300528.05,385814.3785
002030.SZ,20100629,12.2,12.78,11.6,12.61,12.3,0.31,2.52,187862.82,230567.6205
002030.SZ,20100628,12.4,12.48,11.85,12.3,12.27,0.03,0.24,97404.26,118507.9277
002030.SZ,20100625,12.32,12.77,12.2,12.27,12.04,0.23,1.91,145730.96,181542.1796
002030.SZ,20100624,12.11,12.24,11.82,12.04,12.17,-0.13,-1.07,54099.91,64931.2386
002030.SZ,20100623,11.75,12.5,11.72,12.17,11.88,0.29,2.44,105895.56,129554.5299
002030.SZ,20100622,11.94,12.09,11.72,11.88,12.11,-0.23,-1.9,80075.63,95283.4009
002030.SZ,20100621,12.39,12.39,11.26,12.11,12.51,-0.4,-3.2,160077.36,189601.8158
002030.SZ,20100618,11.82,12.89,11.28,12.51,11.8,0.71,6.02,239479.37,293820.0673
002030.SZ,20100617,14.77,14.85,14.19,14.19,14.77,-0.58,-3.93,78640.95,113810.1467
002030.SZ,20100611,14.8,15.16,14.71,14.77,14.79,-0.02,-0.14,119827.09,178728.4408
002030.SZ,20100610,14.99,15.04,14.68,14.79,15.0,-0.21,-1.4,94884.5,140584.6245
002030.SZ,20100609,14.86,15.12,14.63,15.0,14.99,0.01,0.07,161292.0,239539.6561
002030.SZ,20100608,15.6,15.67,14.8,14.99,15.71,-0.72,-4.58,208596.59,316018.5587
002030.SZ,20100607,14.54,15.96,14.36,15.71,14.54,1.17,8.05,338153.32,512462.4162
002030.SZ,20100604,13.15,14.54,13.0,14.54,13.22,1.32,9.98,218856.71,306674.7627
002030.SZ,20100603,12.61,13.6,12.61,13.22,12.37,0.85,6.87,132514.9,175622.4348
002030.SZ,20100602,12.1,12.37,12.0,12.37,12.39,-0.02,-0.16,25370.69,30895.3107
002030.SZ,20100601,12.65,12.79,12.2,12.39,12.86,-0.47,-3.65,38849.35,48489.8946
002030.SZ,20100531,12.78,13.49,12.75,12.86,12.88,-0.02,-0.16,75080.7,99056.2919
002030.SZ,20100528,12.76,13.14,12.69,12.88,12.7,0.18,1.42,50737.26,65539.591
002030.SZ,20100527,12.54,12.75,12.5,12.7,12.54,0.16,1.28,31241.64,39519.1377
002030.SZ,20100526,12.55,12.75,12.48,12.54,12.62,-0.08,-0.63,21948.76,27656.0832
002030.SZ,20100525,12.64,12.95,12.48,12.62,12.72,-0.1,-0.79,44113.55,56109.6021
002030.SZ,20100524,12.1,13.0,12.1,12.72,12.0,0.72,6.0,54299.9,68256.1872
002030.SZ,20100521,11.6,12.0,11.41,12.0,11.89,0.11,0.93,29665.19,34783.5135
002030.SZ,20100520,11.78,12.05,11.68,11.89,11.81,0.08,0.68,24699.24,29333.9947
002030.SZ,20100519,11.68,11.96,11.62,11.81,11.81,0.0,0.0,21205.43,25107.6771
002030.SZ,20100518,11.64,11.94,11.34,11.81,11.77,0.04,0.34,24825.02,29002.6426
002030.SZ,20100517,12.33,12.5,11.71,11.77,12.59,-0.82,-6.51,30107.84,36389.9326
002030.SZ,20100514,12.11,12.79,12.08,12.59,12.31,0.28,2.27,37851.48,47385.379
002030.SZ,20100513,12.31,12.45,11.72,12.31,12.21,0.1,0.82,35753.36,43203.5625
002030.SZ,20100512,13.0,13.13,12.16,12.21,12.9,-0.69,-5.35,31996.59,40239.8624
002030.SZ,20100511,13.5,13.53,12.8,12.9,13.14,-0.24,-1.83,23321.82,30729.0557
002030.SZ,20100510,13.03,13.4,12.88,13.14,13.33,-0.19,-1.43,22883.26,30119.3595
002030.SZ,20100507,12.6,13.68,12.6,13.33,13.28,0.05,0.38,35509.78,47073.2966
002030.SZ,20100506,13.99,14.04,13.28,13.28,13.92,-0.64,-4.6,36457.71,49750.1315
002030.SZ,20100505,13.3,13.92,13.26,13.92,13.52,0.4,2.96,29782.15,40875.0833
002030.SZ,20100504,13.19,13.82,13.11,13.52,13.66,-0.14,-1.02,25275.16,34271.4554
002030.SZ,20100430,14.8,14.8,13.42,13.66,14.91,-1.25,-8.38,65708.65,91229.8539
002030.SZ,20100429,15.35,15.79,14.9,14.91,15.33,-0.42,-2.74,70887.49,109628.691
002030.SZ,20100428,15.04,15.38,14.9,15.33,15.28,0.05,0.33,40722.89,62079.2016
002030.SZ,20100427,15.6,15.61,14.9,15.28,15.67,-0.39,-2.49,60377.58,91643.4378
002030.SZ,20100426,15.75,16.03,15.59,15.67,15.75,-0.08,-0.51,89061.27,140436.972
002030.SZ,20100423,15.18,15.94,15.05,15.75,15.35,0.4,2.61,120105.27,187006.4182
002030.SZ,20100422,15.19,15.7,15.12,15.35,14.81,0.54,3.65,120023.2,185305.4771
002030.SZ,20100420,14.58,14.85,14.21,14.81,14.53,0.28,1.93,43442.7,63516.384
002030.SZ,20100419,14.9,15.19,14.52,14.53,15.08,-0.55,-3.65,55796.31,83024.1924
002030.SZ,20100416,15.37,15.45,14.82,15.08,15.36,-0.28,-1.82,49355.7,74360.2736
002030.SZ,20100415,15.96,16.08,15.21,15.36,15.96,-0.6,-3.76,79831.53,124989.8227
002030.SZ,20100414,15.5,16.09,15.48,15.96,15.48,0.48,3.1,122860.53,193967.7386
002030.SZ,20100413,15.58,16.39,14.87,15.48,15.42,0.06,0.39,167406.62,263297.8001
002030.SZ,20100412,15.13,15.48,15.06,15.42,15.13,0.29,1.92,83072.92,127190.3815
002030.SZ,20100409,15.19,15.19,14.92,15.13,15.1,0.03,0.2,62258.13,93691.7416
002030.SZ,20100408,14.81,15.22,14.7,15.1,14.85,0.25,1.68,104002.5,156590.2502
002030.SZ,20100407,14.67,14.89,14.47,14.85,14.67,0.18,1.23,54391.6,80173.2408
002030.SZ,20100406,14.75,14.95,14.58,14.67,14.61,0.06,0.41,44362.44,65362.7296
002030.SZ,20100402,14.6,14.64,14.46,14.61,14.6,0.01,0.07,38158.42,55519.8132
002030.SZ,20100401,14.34,14.62,14.33,14.6,14.36,0.24,1.67,47165.8,68392.9863
002030.SZ,20100331,14.27,14.43,14.17,14.36,14.27,0.09,0.63,30795.08,44028.4273
002030.SZ,20100330,14.28,14.31,14.18,14.27,14.28,-0.01,-0.07,25272.43,35973.4128
002030.SZ,20100329,14.25,14.63,14.25,14.28,14.01,0.27,1.93,38069.63,54664.2387
002030.SZ,20100326,13.85,14.15,13.85,14.01,13.82,0.19,1.37,19789.4,27770.3962
002030.SZ,20100325,14.3,14.3,13.8,13.82,14.31,-0.49,-3.42,26917.92,37508.4014
002030.SZ,20100324,14.4,14.49,14.28,14.31,14.43,-0.12,-0.83,22341.27,32066.8023
002030.SZ,20100323,14.28,14.52,14.27,14.43,14.28,0.15,1.05,34295.07,49352.8881
002030.SZ,20100322,14.18,14.3,14.1,14.28,14.19,0.09,0.63,25586.59,36345.2521
002030.SZ,20100319,14.19,14.23,14.0,14.19,14.15,0.04,0.28,20044.63,28297.0202
002030.SZ,20100318,14.19,14.23,14.07,14.15,14.16,-0.01,-0.07,21000.3,29700.3026
002030.SZ,20100317,13.88,14.18,13.81,14.16,13.81,0.35,2.53,18922.25,26507.3715
002030.SZ,20100316,13.71,13.89,13.61,13.81,13.79,0.02,0.15,14608.18,20096.3675
002030.SZ,20100315,14.24,14.29,13.75,13.79,14.25,-0.46,-3.23,25393.77,35411.9998
002030.SZ,20100312,14.43,14.63,14.24,14.25,14.4,-0.15,-1.04,18880.57,27209.73
002030.SZ,20100311,14.37,14.5,14.25,14.4,14.37,0.03,0.21,18351.99,26407.4949
002030.SZ,20100310,14.65,14.69,14.31,14.37,14.61,-0.24,-1.64,23719.7,34239.5316
002030.SZ,20100309,14.7,14.71,14.38,14.61,14.74,-0.13,-0.88,34906.02,50728.2997
002030.SZ,20100308,14.9,14.92,14.69,14.74,14.85,-0.11,-0.74,28663.94,42436.0445
002030.SZ,20100305,14.76,15.03,14.41,14.85,14.72,0.13,0.88,39251.62,58059.1831
002030.SZ,20100304,14.9,15.34,14.7,14.72,14.9,-0.18,-1.21,88221.34,132815.447
002030.SZ,20100303,14.78,14.9,14.47,14.9,14.72,0.18,1.22,38100.66,56002.3983
002030.SZ,20100302,14.81,14.98,14.66,14.72,14.8,-0.08,-0.54,41873.02,62099.1185
002030.SZ,20100301,14.55,14.9,14.55,14.8,14.75,0.05,0.34,41848.2,61869.2077
002030.SZ,20100226,14.49,15.28,14.37,14.75,14.44,0.31,2.15,77965.67,116820.0656
002030.SZ,20100225,14.4,14.49,14.22,14.44,14.33,0.11,0.77,42617.65,61186.0662
002030.SZ,20100224,13.89,14.44,13.7,14.33,13.89,0.44,3.17,41472.74,58952.0312
002030.SZ,20100223,13.77,13.9,13.52,13.89,13.77,0.12,0.87,17603.42,24184.438
002030.SZ,20100222,13.7,13.88,13.7,13.77,13.86,-0.09,-0.65,12871.82,17783.1957
002030.SZ,20100212,13.74,13.9,13.66,13.86,13.66,0.2,1.46,12518.47,17289.2605
002030.SZ,20100211,13.78,13.78,13.6,13.66,13.7,-0.04,-0.29,12229.35,16731.5241
002030.SZ,20100210,13.51,13.77,13.5,13.7,13.48,0.22,1.63,16358.39,22350.1301
002030.SZ,20100209,13.35,13.6,13.3,13.48,13.41,0.07,0.52,11131.6,14976.4045
002030.SZ,20100208,13.42,13.57,13.35,13.41,13.41,0.0,0.0,9862.59,13273.2033
002030.SZ,20100205,13.6,13.8,13.31,13.41,13.97,-0.56,-4.01,24846.82,33706.6901
002030.SZ,20100204,13.5,14.2,13.48,13.97,13.67,0.3,2.19,33582.74,46724.6086
002030.SZ,20100203,13.66,13.82,13.01,13.67,13.65,0.02,0.15,25135.11,33747.3835
002030.SZ,20100202,13.9,14.09,13.61,13.65,13.84,-0.19,-1.37,18870.71,26181.8911
002030.SZ,20100201,13.81,14.04,13.81,13.84,14.03,-0.19,-1.35,22140.31,30765.9494
002030.SZ,20100129,13.66,14.22,13.48,14.03,13.66,0.37,2.71,39335.45,54836.2635
002030.SZ,20100128,13.51,13.83,13.27,13.66,13.57,0.09,0.66,19481.97,26469.3396
002030.SZ,20100127,13.69,13.84,13.51,13.57,13.65,-0.08,-0.59,23096.7,31517.6852
002030.SZ,20100126,14.48,14.65,13.51,13.65,14.54,-0.89,-6.12,31080.53,43216.0287
002030.SZ,20100125,14.7,14.97,14.48,14.54,14.83,-0.29,-1.96,19034.63,27999.3239
002030.SZ,20100122,15.1,15.21,14.61,14.83,15.24,-0.41,-2.69,34096.22,50809.467
002030.SZ,20100121,15.23,15.46,15.19,15.24,15.16,0.08,0.53,25148.93,38434.1786
002030.SZ,20100120,15.93,15.99,15.08,15.16,15.91,-0.75,-4.71,51716.39,80212.4946
002030.SZ,20100119,16.18,16.26,15.86,15.91,16.1,-0.19,-1.18,45602.86,72873.1296
002030.SZ,20100118,15.9,16.1,15.8,16.1,15.89,0.21,1.32,56667.57,90697.6108
002030.SZ,20100115,15.93,16.2,15.74,15.89,15.86,0.03,0.19,59084.61,94352.251
002030.SZ,20100114,15.61,15.89,15.61,15.86,15.58,0.28,1.8,53036.01,83776.7756
002030.SZ,20100113,15.38,15.92,15.21,15.58,15.63,-0.05,-0.32,59994.54,93862.2843
002030.SZ,20100112,15.2,15.78,15.2,15.63,15.19,0.44,2.9,46117.33,71459.7254
002030.SZ,20100111,15.35,15.45,15.12,15.19,15.31,-0.12,-0.78,29048.14,44148.0608
002030.SZ,20100108,15.15,15.35,15.1,15.31,15.15,0.16,1.06,25305.35,38504.8552
002030.SZ,20100107,15.7,15.8,15.08,15.15,15.74,-0.59,-3.75,45298.01,69651.1596
002030.SZ,20100106,15.8,16.0,15.62,15.74,15.77,-0.03,-0.19,35371.31,55998.2247
002030.SZ,20100105,15.86,16.09,15.31,15.77,15.86,-0.09,-0.57,50333.42,78938.2133
002030.SZ,20100104,16.06,16.18,15.82,15.86,15.98,-0.12,-0.75,35576.53,56828.5487
002030.SZ,20091231,16.1,16.25,15.8,15.98,16.41,-0.43,-2.62,56370.12,90254.863
002030.SZ,20091230,15.42,16.8,15.25,16.41,15.42,0.99,6.42,108126.78,172779.8579
002030.SZ,20091229,15.56,15.63,15.22,15.42,15.6,-0.18,-1.15,31456.05,48476.3089
002030.SZ,20091228,15.45,15.7,15.35,15.6,15.35,0.25,1.63,37810.3,58703.6213
002030.SZ,20091225,15.45,15.45,15.11,15.35,15.38,-0.03,-0.2,31128.24,47617.5268
002030.SZ,20091224,15.0,15.39,14.9,15.38,15.0,0.38,2.53,46165.46,70187.8226
002030.SZ,20091223,14.91,15.1,14.7,15.0,14.72,0.28,1.9,32731.78,48919.676
002030.SZ,20091222,14.98,15.3,14.7,14.72,14.95,-0.23,-1.54,36279.06,54616.2811
002030.SZ,20091221,14.82,15.0,14.8,14.95,14.82,0.13,0.88,27765.5,41350.9851
002030.SZ,20091218,15.47,15.47,14.8,14.82,15.61,-0.79,-5.06,41613.24,62579.0843
002030.SZ,20091217,16.37,16.46,15.6,15.61,16.37,-0.76,-4.64,52865.23,84081.5177
002030.SZ,20091216,16.4,16.71,16.3,16.37,16.4,-0.03,-0.18,34815.07,57511.6688
002030.SZ,20091215,16.36,16.59,16.26,16.4,16.31,0.09,0.55,32792.19,53770.0602
002030.SZ,20091214,16.83,16.83,16.0,16.31,16.76,-0.45,-2.69,49146.75,80267.5334
002030.SZ,20091211,16.78,16.93,16.68,16.76,16.78,-0.02,-0.12,40811.56,68422.7096
002030.SZ,20091210,16.99,17.0,16.67,16.78,16.99,-0.21,-1.24,42396.06,71106.5287
002030.SZ,20091209,16.6,17.49,16.55,16.99,16.73,0.26,1.55,108847.24,186479.987
002030.SZ,20091208,16.98,17.01,16.65,16.73,16.91,-0.18,-1.06,44744.01,74914.9823
002030.SZ,20091207,16.71,16.98,16.61,16.91,16.71,0.2,1.2,54120.67,90984.8731
002030.SZ,20091204,17.11,17.28,16.47,16.71,17.3,-0.59,-3.41,96874.76,163225.2315
002030.SZ,20091203,17.11,17.35,16.99,17.3,17.25,0.05,0.29,102887.13,176573.9119
002030.SZ,20091202,17.2,17.38,17.05,17.25,17.31,-0.06,-0.35,92117.83,158327.1885
002030.SZ,20091201,17.23,17.56,17.0,17.31,17.23,0.08,0.46,83944.03,144865.3711
002030.SZ,20091130,16.88,17.23,16.72,17.23,16.83,0.4,2.38,73020.39,124407.3241
002030.SZ,20091127,16.45,17.33,16.31,16.83,16.57,0.26,1.57,95999.45,162264.0388
002030.SZ,20091126,17.29,17.5,16.41,16.57,17.29,-0.72,-4.16,110984.65,188886.8938
002030.SZ,20091125,17.01,17.39,16.6,17.29,17.17,0.12,0.7,124218.13,211667.7687
002030.SZ,20091124,18.52,18.61,16.85,17.17,18.52,-1.35,-7.29,156730.02,282457.264
002030.SZ,20091123,18.61,18.69,18.3,18.52,18.69,-0.17,-0.91,132581.59,244652.6684
002030.SZ,20091120,19.0,19.18,18.68,18.69,18.99,-0.3,-1.58,148713.14,281377.8254
002030.SZ,20091119,18.71,19.28,18.55,18.99,18.71,0.28,1.5,184159.41,348352.6116
002030.SZ,20091118,18.6,18.89,18.41,18.71,18.72,-0.01,-0.05,148460.06,276822.6234
002030.SZ,20091117,18.35,18.87,18.11,18.72,18.44,0.28,1.52,188917.03,351382.4548
002030.SZ,20091116,18.28,18.58,18.02,18.44,18.18,0.26,1.43,144504.27,264176.9709
002030.SZ,20091113,18.0,18.3,17.9,18.18,17.94,0.24,1.34,76600.11,138647.1387
002030.SZ,20091112,18.2,18.34,17.9,17.94,18.08,-0.14,-0.77,85631.42,154928.3146
002030.SZ,20091111,18.4,18.4,18.0,18.08,18.37,-0.29,-1.58,93048.63,168656.9395
002030.SZ,20091110,17.98,18.99,17.98,18.37,17.94,0.43,2.4,218348.29,407089.9686
002030.SZ,20091109,18.27,18.27,17.6,17.94,18.3,-0.36,-1.97,145093.01,260042.2628
002030.SZ,20091106,18.6,18.8,18.22,18.3,18.54,-0.24,-1.29,149059.46,274349.0559
002030.SZ,20091105,18.7,18.95,18.5,18.54,19.12,-0.58,-3.03,159301.7,297202.2229
002030.SZ,20091104,18.7,19.64,18.08,19.12,18.97,0.15,0.79,327444.18,615782.3539
002030.SZ,20091103,20.0,20.08,18.85,18.97,19.56,-0.59,-3.02,405102.61,778265.0931
002030.SZ,20091102,17.69,19.56,17.18,19.56,17.78,1.78,10.01,498812.68,943364.0463
002030.SZ,20091030,17.2,18.2,16.4,17.78,16.9,0.88,5.21,408534.79,709076.8226
002030.SZ,20091029,16.55,17.5,16.54,16.9,16.33,0.57,3.49,315782.62,540743.2249
002030.SZ,20091028,16.97,17.19,16.2,16.33,16.97,-0.64,-3.77,205710.52,339262.1523
002030.SZ,20091027,16.77,17.93,16.28,16.97,16.77,0.2,1.19,499473.79,857680.3699
002030.SZ,20091026,16.1,16.9,15.95,16.77,15.39,1.38,8.97,412042.53,680176.4148
002030.SZ,20091023,15.3,15.65,15.21,15.39,15.1,0.29,1.92,100672.84,155035.4106
002030.SZ,20091022,15.11,15.35,15.06,15.1,15.21,-0.11,-0.72,62031.55,94251.6516
002030.SZ,20091021,15.48,15.48,15.18,15.21,15.54,-0.33,-2.12,88121.47,134510.0575
002030.SZ,20091020,15.39,15.64,15.1,15.54,15.41,0.13,0.84,135253.79,208337.7039
002030.SZ,20091019,15.4,15.91,15.38,15.41,15.08,0.33,2.19,137011.58,213229.1784
002030.SZ,20091016,14.82,15.2,14.81,15.08,14.79,0.29,1.96,80386.57,120666.4294
002030.SZ,20091015,15.17,15.3,14.78,14.79,15.07,-0.28,-1.86,78289.49,117104.7346
002030.SZ,20091014,15.09,15.39,14.95,15.07,14.98,0.09,0.6,118086.32,178320.9053
002030.SZ,20091013,14.86,15.05,14.66,14.98,14.88,0.1,0.67,70441.56,104809.6439
002030.SZ,20091012,15.0,15.18,14.62,14.88,15.27,-0.39,-2.55,96366.43,143715.0136
002030.SZ,20091009,14.85,15.68,14.1,15.27,14.55,0.72,4.95,161969.72,244413.5193
002030.SZ,20090930,13.9,14.65,13.8,14.55,13.68,0.87,6.36,127338.2,181357.4083
002030.SZ,20090929,14.4,14.5,13.24,13.68,14.68,-1.0,-6.81,97532.47,134603.1511
002030.SZ,20090928,14.15,15.1,14.02,14.68,13.73,0.95,6.92,176099.71,258815.2738
002030.SZ,20090925,13.86,14.15,13.68,13.73,13.86,-0.13,-0.94,56031.0,77761.452
002030.SZ,20090924,14.41,14.41,13.15,13.86,14.43,-0.57,-3.95,117287.72,162524.5734
002030.SZ,20090923,15.9,16.19,14.4,14.43,16.0,-1.57,-9.81,152000.43,230095.0539
002030.SZ,20090922,15.99,16.42,15.81,16.0,15.89,0.11,0.69,167186.02,270146.2432
002030.SZ,20090921,16.1,16.29,15.5,15.89,16.24,-0.35,-2.16,127760.32,201640.0542
002030.SZ,20090918,15.88,16.7,15.81,16.24,15.84,0.4,2.53,252238.18,411849.8377
002030.SZ,20090917,15.68,15.99,15.61,15.84,15.76,0.08,0.51,117859.24,186188.982
002030.SZ,20090916,16.08,16.22,15.52,15.76,16.24,-0.48,-2.96,187830.83,296914.7312
002030.SZ,20090915,16.32,16.95,16.0,16.24,16.4,-0.16,-0.98,307506.22,508544.8676
002030.SZ,20090914,16.3,16.78,15.89,16.4,15.26,1.14,7.47,382947.04,628431.4536
002030.SZ,20090910,15.62,15.99,15.14,15.26,16.09,-0.83,-5.16,182980.6,283932.0703
002030.SZ,20090909,15.45,16.7,15.0,16.09,15.85,0.24,1.51,343497.46,548993.2663
002030.SZ,20090908,16.29,16.79,15.26,15.85,15.84,0.01,0.06,460352.68,740107.5706
002030.SZ,20090907,15.3,15.84,15.25,15.84,14.4,1.44,10.0,290666.26,456965.9653
002030.SZ,20090904,13.1,14.61,13.0,14.4,13.33,1.07,8.03,190153.3,268685.0392
002030.SZ,20090903,12.7,13.44,12.58,13.33,12.57,0.76,6.05,103808.1,134962.9346
002030.SZ,20090902,12.98,12.98,12.33,12.57,13.11,-0.54,-4.12,81174.58,102281.8104
002030.SZ,20090901,13.65,13.98,12.44,13.11,13.61,-0.5,-3.67,127575.59,166177.846
002030.SZ,20090831,14.18,14.65,13.36,13.61,14.1,-0.49,-3.48,188312.23,270453.6139
002030.SZ,20090828,14.98,14.98,14.01,14.1,14.47,-0.37,-2.56,232460.81,335462.8208
002030.SZ,20090827,13.33,14.47,13.2,14.47,13.15,1.32,10.04,247577.94,353950.7831
002030.SZ,20090826,12.8,13.44,12.65,13.15,12.8,0.35,2.73,83495.39,110284.2863
002030.SZ,20090825,13.28,13.28,12.4,12.8,13.31,-0.51,-3.83,88969.7,113470.861
002030.SZ,20090824,12.79,13.49,12.7,13.31,12.67,0.64,5.05,119455.18,158112.2844
002030.SZ,20090821,12.46,12.75,12.21,12.67,12.59,0.08,0.64,76394.85,95495.6224
002030.SZ,20090820,12.01,12.65,11.9,12.59,12.29,0.3,2.44,77326.87,95156.6506
002030.SZ,20090819,12.43,13.26,12.01,12.29,12.35,-0.06,-0.49,111911.79,142315.3809
002030.SZ,20090818,12.1,12.5,11.89,12.35,12.26,0.09,0.73,63536.81,77297.5149
002030.SZ,20090817,13.5,13.5,12.26,12.26,13.62,-1.36,-9.99,73206.03,92847.3146
002030.SZ,20090814,14.98,14.98,13.61,13.62,14.85,-1.23,-8.28,82880.08,117639.6502
002030.SZ,20090813,14.9,15.45,14.6,14.85,15.16,-0.31,-2.04,78360.64,117150.5684
002030.SZ,20090812,14.78,15.8,14.38,15.16,14.66,0.5,3.41,136123.42,205313.2945
002030.SZ,20090811,14.8,14.88,14.53,14.66,14.72,-0.06,-0.41,51215.77,75104.0092
002030.SZ,20090810,15.11,15.4,14.47,14.72,15.11,-0.39,-2.58,78891.35,117264.0088
002030.SZ,20090807,15.9,16.0,15.0,15.11,15.95,-0.84,-5.27,86565.9,134721.4694
002030.SZ,20090806,15.72,16.2,15.48,15.95,15.75,0.2,1.27,138119.22,219246.1943
002030.SZ,20090805,15.73,15.84,15.52,15.75,15.75,0.0,0.0,93530.8,146604.0081
002030.SZ,20090804,15.64,15.97,15.5,15.75,15.63,0.12,0.77,101800.27,160166.1858
002030.SZ,20090803,15.85,15.95,15.43,15.63,15.85,-0.22,-1.39,110544.34,172490.6691
002030.SZ,20090731,15.81,15.97,15.31,15.85,15.8,0.05,0.32,120882.19,189145.9547
002030.SZ,20090730,16.43,16.6,15.2,15.8,16.67,-0.87,-5.22,181172.36,287035.9395
002030.SZ,20090729,16.08,17.24,14.81,16.67,16.08,0.59,3.67,364377.71,611029.6792
002030.SZ,20090728,16.28,16.29,15.92,16.08,16.22,-0.14,-0.86,108438.27,173692.1495
002030.SZ,20090727,16.0,16.27,15.94,16.22,16.1,0.12,0.75,92307.18,148860.6865
002030.SZ,20090724,16.42,16.64,16.0,16.1,16.42,-0.32,-1.95,112689.68,183807.6987
002030.SZ,20090723,16.62,16.68,16.32,16.42,16.6,-0.18,-1.08,93271.69,153028.7242
002030.SZ,20090722,16.46,16.68,16.32,16.6,16.46,0.14,0.85,113070.3,186650.2843
002030.SZ,20090721,16.78,16.78,16.45,16.46,16.55,-0.09,-0.54,107427.5,178316.1824
002030.SZ,20090720,16.49,16.65,16.4,16.55,16.49,0.06,0.36,115776.1,190994.3014
002030.SZ,20090717,16.59,16.89,16.38,16.49,16.57,-0.08,-0.48,98448.83,162808.1229
002030.SZ,20090716,16.83,17.09,16.32,16.57,16.82,-0.25,-1.49,174483.99,290212.4298
002030.SZ,20090715,17.3,17.65,16.8,16.82,17.33,-0.51,-2.94,279788.29,477219.0432
002030.SZ,20090714,17.25,18.0,16.81,17.33,17.44,-0.11,-0.63,350495.49,616277.6892
002030.SZ,20090713,16.15,17.68,16.09,17.44,16.15,1.29,7.99,323954.73,548133.8653
002030.SZ,20090710,16.3,16.3,16.05,16.15,16.3,-0.15,-0.92,105127.3,169610.2874
002030.SZ,20090709,16.15,16.6,16.15,16.3,16.14,0.16,0.99,120424.85,196638.7786
002030.SZ,20090708,16.21,16.7,16.05,16.14,16.44,-0.3,-1.82,129258.32,209011.8166
002030.SZ,20090707,16.0,16.99,15.6,16.44,16.0,0.44,2.75,205119.6,338750.0745
002030.SZ,20090706,16.27,16.55,15.5,16.0,16.26,-0.26,-1.6,198141.12,316596.9421
002030.SZ,20090703,17.0,17.27,16.2,16.26,17.28,-1.02,-5.9,351900.73,583364.3181
002030.SZ,20090702,17.43,17.89,16.51,17.28,17.08,0.2,1.17,371129.42,642860.7693
002030.SZ,20090701,16.31,17.6,16.3,17.08,16.06,1.02,6.35,446309.26,751647.0861
002030.SZ,20090630,14.67,16.06,14.61,16.06,14.6,1.46,10.0,370374.4,585644.3283
002030.SZ,20090629,14.73,14.93,14.5,14.6,14.72,-0.12,-0.82,113917.79,166378.6439
002030.SZ,20090626,14.66,14.88,14.5,14.72,14.66,0.06,0.41,113395.96,166665.2432
002030.SZ,20090625,15.0,15.0,14.42,14.66,15.07,-0.41,-2.72,179913.0,263447.3782
002030.SZ,20090624,14.8,15.4,14.71,15.07,14.8,0.27,1.82,247403.95,372575.6898
002030.SZ,20090623,15.4,15.9,14.78,14.8,16.3,-1.5,-9.2,306919.26,467632.9277
002030.SZ,20090622,16.66,17.7,16.29,16.3,18.1,-1.8,-9.94,501288.53,835718.305
002030.SZ,20090619,18.8,19.8,16.41,18.1,18.07,0.03,0.17,511300.09,963447.3059
002030.SZ,20090618,16.57,18.07,16.56,18.07,16.43,1.64,9.98,424117.96,748697.6875
002030.SZ,20090617,14.78,16.5,14.5,16.43,15.07,1.36,9.02,488456.78,775404.5449
002030.SZ,20090616,14.49,15.8,13.55,15.07,14.54,0.53,3.65,487729.6,738334.6576
002030.SZ,20090615,13.89,14.8,13.25,14.54,13.52,1.02,7.54,475491.67,664325.7364
002030.SZ,20090612,12.5,13.52,12.5,13.52,12.29,1.23,10.01,465540.45,614218.4178
002030.SZ,20090611,11.76,12.36,11.62,12.29,11.83,0.46,3.89,145129.85,173896.1784
002030.SZ,20090610,12.1,12.16,11.6,11.83,12.02,-0.19,-1.58,106107.12,124497.9762
002030.SZ,20090609,14.8,14.85,14.15,14.45,14.76,-0.31,-2.1,86593.68,124796.2936
002030.SZ,20090608,14.72,14.88,14.37,14.76,14.62,0.14,0.96,100018.97,146156.493
002030.SZ,20090605,15.2,15.3,14.53,14.62,15.2,-0.58,-3.82,146932.27,216249.1196
002030.SZ,20090604,15.11,15.73,15.03,15.2,15.02,0.18,1.2,169475.75,260144.6434
002030.SZ,20090603,15.22,15.39,14.9,15.02,15.35,-0.33,-2.15,139925.0,210912.3627
002030.SZ,20090602,14.84,15.58,14.79,15.35,14.68,0.67,4.56,248336.98,377887.5454
002030.SZ,20090601,14.97,14.97,14.61,14.68,14.84,-0.16,-1.08,175977.79,258790.998
002030.SZ,20090527,15.0,15.6,14.59,14.84,15.18,-0.34,-2.24,192612.29,289571.5717
002030.SZ,20090526,15.41,15.71,15.0,15.18,15.1,0.08,0.53,240833.58,369707.5027
002030.SZ,20090525,16.0,16.05,14.81,15.1,16.4,-1.3,-7.93,272821.98,416711.1599
002030.SZ,20090522,16.5,18.8,16.37,16.4,18.19,-1.79,-9.84,357906.66,607168.0895
002030.SZ,20090515,17.25,18.19,17.2,18.19,16.54,1.65,9.98,206741.37,372232.0962
002030.SZ,20090514,15.0,16.54,14.7,16.54,15.04,1.5,9.97,374674.96,604114.6768
002030.SZ,20090513,15.0,15.04,14.4,15.04,13.67,1.37,10.02,457163.8,681338.8429
002030.SZ,20090512,13.67,13.67,13.67,13.67,12.43,1.24,9.98,49738.32,67992.2834
002030.SZ,20090511,12.43,12.43,12.43,12.43,11.3,1.13,10.0,50968.09,63353.3359
002030.SZ,20090508,11.23,11.49,11.21,11.3,11.23,0.07,0.62,46353.29,52616.288
002030.SZ,20090507,11.66,11.66,11.05,11.23,11.58,-0.35,-3.02,87875.99,98978.537
002030.SZ,20090506,11.51,11.73,11.44,11.58,11.63,-0.05,-0.43,76892.1,88816.9251
002030.SZ,20090505,12.02,12.02,11.59,11.63,11.97,-0.34,-2.84,86418.3,101057.5337
002030.SZ,20090504,11.81,12.16,11.7,11.97,11.83,0.14,1.18,97319.78,115770.4832
002030.SZ,20090430,11.97,12.2,11.52,11.83,11.97,-0.14,-1.17,105340.42,124892.121
002030.SZ,20090429,12.2,12.23,11.28,11.97,12.11,-0.14,-1.16,172626.45,202469.0428
002030.SZ,20090428,11.3,12.11,11.3,12.11,11.01,1.1,9.99,262542.49,310651.2468
002030.SZ,20090427,11.45,11.75,10.91,11.01,10.92,0.09,0.82,107612.27,121029.9751
002030.SZ,20090424,10.76,11.48,10.76,10.92,10.7,0.22,2.06,72662.17,80919.1535
002030.SZ,20090423,10.41,10.87,10.3,10.7,10.61,0.09,0.85,50092.2,53084.4531
002030.SZ,20090422,11.55,11.65,10.55,10.61,11.5,-0.89,-7.74,91101.4,101403.4111
002030.SZ,20090421,10.95,11.79,10.85,11.5,10.92,0.58,5.31,108873.72,124369.8079
002030.SZ,20090420,10.71,11.01,10.64,10.92,10.86,0.06,0.55,69227.66,75062.9349
002030.SZ,20090417,10.86,11.22,10.53,10.86,10.77,0.09,0.84,92898.7,101418.0122
002030.SZ,20090415,10.38,10.88,10.37,10.77,10.48,0.29,2.77,106769.25,114378.8769
002030.SZ,20090414,10.35,10.58,10.1,10.48,10.32,0.16,1.55,86478.3,89738.0689
002030.SZ,20090413,10.35,10.68,10.1,10.32,10.3,0.02,0.19,99268.98,102929.836
002030.SZ,20090410,10.07,10.48,9.86,10.3,10.0,0.3,3.0,105109.62,107928.4387
002030.SZ,20090409,9.94,10.08,9.71,10.0,9.97,0.03,0.3,64876.11,64032.3625
002030.SZ,20090408,9.52,10.26,9.41,9.97,9.53,0.44,4.62,157729.77,157097.5304
002030.SZ,20090407,9.6,9.77,9.4,9.53,9.43,0.1,1.06,44895.71,42933.1793
002030.SZ,20090403,9.65,9.72,9.33,9.43,9.63,-0.2,-2.08,53523.3,50861.9986
002030.SZ,20090402,9.71,9.89,9.58,9.63,9.69,-0.06,-0.62,62961.4,61240.4833
002030.SZ,20090401,9.58,9.8,9.4,9.69,9.52,0.17,1.79,66188.83,63695.5548
002030.SZ,20090331,9.42,9.6,9.14,9.52,9.67,-0.15,-1.55,60741.48,57016.207
002030.SZ,20090330,9.75,10.08,9.66,9.67,9.65,0.02,0.21,66396.05,65473.5959
002030.SZ,20090327,9.8,9.86,9.51,9.65,9.7,-0.05,-0.52,72589.56,70181.5083
002030.SZ,20090326,9.5,9.78,9.22,9.7,9.47,0.23,2.43,57461.84,54843.6645
002030.SZ,20090325,9.81,9.91,9.47,9.47,9.95,-0.48,-4.82,77875.22,75745.9127
002030.SZ,20090324,9.75,10.1,9.48,9.95,9.75,0.2,2.05,112812.34,110422.553
002030.SZ,20090323,9.15,9.85,9.15,9.75,9.12,0.63,6.91,130320.23,125603.7782
002030.SZ,20090320,9.21,9.24,8.73,9.12,9.26,-0.14,-1.51,102694.18,92636.9638
002030.SZ,20090319,9.27,9.39,9.01,9.26,9.19,0.07,0.76,92197.59,84854.1009
002030.SZ,20090318,9.44,9.87,9.18,9.19,9.38,-0.19,-2.03,121952.4,116600.3823
002030.SZ,20090317,9.32,9.5,9.14,9.38,9.27,0.11,1.19,120797.51,112505.6708
002030.SZ,20090316,8.6,9.27,8.52,9.27,8.67,0.6,6.92,104078.61,93599.2522
002030.SZ,20090313,8.84,8.96,8.59,8.67,8.98,-0.31,-3.45,84117.69,73661.6229
002030.SZ,20090312,8.28,9.05,8.25,8.98,8.33,0.65,7.8,161344.99,142992.269
002030.SZ,20090311,8.68,8.76,8.29,8.33,8.5,-0.17,-2.0,44539.56,37967.288
002030.SZ,20090310,8.14,8.5,8.01,8.5,8.24,0.26,3.16,44227.33,37016.8981
002030.SZ,20090309,8.68,8.74,8.21,8.24,8.7,-0.46,-5.29,56115.08,47282.474
002030.SZ,20090306,8.4,8.88,8.31,8.7,8.57,0.13,1.52,90378.33,78467.5686
002030.SZ,20090305,8.49,9.01,8.3,8.57,8.23,0.34,4.13,167007.46,144138.3742
002030.SZ,20090304,7.7,8.23,7.7,8.23,7.48,0.75,10.03,104573.32,85844.6658
002030.SZ,20090303,7.18,7.62,7.14,7.48,7.38,0.1,1.36,40076.99,29958.2665
002030.SZ,20090302,7.07,7.4,7.06,7.38,7.22,0.16,2.22,22747.23,16615.2212
002030.SZ,20090227,7.4,7.6,7.07,7.22,7.49,-0.27,-3.6,39635.87,28766.7293
002030.SZ,20090226,8.1,8.31,7.34,7.49,8.1,-0.61,-7.53,49045.71,39155.0742
002030.SZ,20090225,8.27,8.37,7.8,8.1,8.22,-0.12,-1.46,51220.57,41500.3355
002030.SZ,20090224,8.65,8.79,8.2,8.22,8.75,-0.53,-6.06,54144.9,45823.9917
002030.SZ,20090223,8.57,8.88,8.4,8.75,8.61,0.14,1.63,43076.9,37341.2849
002030.SZ,20090220,8.38,8.61,8.27,8.61,8.33,0.28,3.36,38711.04,32844.1177
002030.SZ,20090219,8.21,8.45,8.15,8.33,8.16,0.17,2.08,38374.64,31828.5564
002030.SZ,20090218,8.4,8.61,8.14,8.16,8.58,-0.42,-4.9,50638.85,42274.7832
002030.SZ,20090217,9.04,9.04,8.57,8.58,9.09,-0.51,-5.61,63174.0,55291.5151
002030.SZ,20090216,9.01,9.12,8.78,9.09,8.98,0.11,1.22,64297.77,57501.7888
002030.SZ,20090213,8.75,8.99,8.6,8.98,8.75,0.23,2.63,77388.96,68564.5857
002030.SZ,20090212,8.77,8.95,8.34,8.75,8.69,0.06,0.69,63206.41,54411.5989
002030.SZ,20090211,8.52,9.17,8.4,8.69,8.65,0.04,0.46,97601.12,85566.9897
002030.SZ,20090210,8.4,8.69,8.3,8.65,8.49,0.16,1.88,67431.91,57376.5404
002030.SZ,20090209,8.2,8.54,8.15,8.49,8.13,0.36,4.43,78657.58,65608.0067
002030.SZ,20090206,7.9,8.16,7.9,8.13,7.88,0.25,3.17,59090.44,47692.4156
002030.SZ,20090205,8.2,8.2,7.85,7.88,8.19,-0.31,-3.79,54799.98,43984.7687
002030.SZ,20090204,8.14,8.2,8.02,8.19,8.14,0.05,0.61,51304.19,41604.8889
002030.SZ,20090203,7.92,8.2,7.86,8.14,7.91,0.23,2.91,62512.49,50327.2564
002030.SZ,20090202,7.83,7.92,7.61,7.91,7.74,0.17,2.2,37458.4,29183.3324
002030.SZ,20090123,7.88,7.9,7.7,7.74,7.87,-0.13,-1.65,30104.78,23364.2081
002030.SZ,20090122,7.86,7.99,7.75,7.87,7.63,0.24,3.15,58497.29,46064.284
002030.SZ,20090121,7.7,7.8,7.6,7.63,7.75,-0.12,-1.55,25871.55,19870.2514
002030.SZ,20090120,7.58,7.77,7.51,7.75,7.6,0.15,1.97,21364.22,16445.6344
002030.SZ,20090119,7.8,7.94,7.55,7.6,7.76,-0.16,-2.06,42995.36,33092.7391
002030.SZ,20090116,7.74,8.03,7.72,7.76,7.84,-0.08,-1.02,42191.97,33272.2247
002030.SZ,20090115,7.8,8.03,7.76,7.84,7.89,-0.05,-0.63,38642.35,30531.1919
002030.SZ,20090114,7.58,7.89,7.55,7.89,7.64,0.25,3.27,33324.59,25871.3821
002030.SZ,20090113,7.9,7.9,7.64,7.64,8.03,-0.39,-4.86,46510.59,36051.0695
002030.SZ,20090112,8.0,8.16,7.93,8.03,8.0,0.03,0.38,70886.84,57067.5592
002030.SZ,20090109,7.55,8.1,7.55,8.0,7.55,0.45,5.96,68115.9,54001.097
002030.SZ,20090108,7.65,7.72,7.45,7.55,7.79,-0.24,-3.08,45669.15,34633.4106
002030.SZ,20090107,7.85,8.0,7.71,7.79,7.81,-0.02,-0.26,62052.36,48712.2164
002030.SZ,20090106,7.65,7.91,7.56,7.81,7.74,0.07,0.9,78253.76,60497.3109
002030.SZ,20090105,7.5,7.77,7.36,7.74,7.34,0.4,5.45,64189.49,48525.3586
002030.SZ,20081231,7.05,7.61,7.05,7.34,7.11,0.23,3.23,60431.79,44454.124
002030.SZ,20081230,7.33,7.41,7.05,7.11,7.25,-0.14,-1.93,64672.21,46878.1549
002030.SZ,20081229,7.1,7.38,7.06,7.25,7.2,0.05,0.69,41078.98,29809.8826
002030.SZ,20081226,7.02,7.39,6.98,7.2,6.99,0.21,3.0,49946.03,36086.8327
002030.SZ,20081225,6.88,7.08,6.79,6.99,6.84,0.15,2.19,33679.81,23366.3554
002030.SZ,20081224,6.95,7.14,6.79,6.84,7.13,-0.29,-4.07,39690.56,27514.0361
002030.SZ,20081223,7.65,7.75,7.01,7.13,7.74,-0.61,-7.88,55511.07,41137.2859
002030.SZ,20081222,7.68,7.87,7.42,7.74,7.48,0.26,3.48,70361.1,53855.2641
002030.SZ,20081219,7.43,7.6,7.32,7.48,7.35,0.13,1.77,49461.6,36997.5627
002030.SZ,20081218,7.31,7.44,7.1,7.35,7.31,0.04,0.55,36669.61,26706.5761
002030.SZ,20081217,7.15,7.65,7.08,7.31,7.15,0.16,2.24,68558.46,50704.5212
002030.SZ,20081216,6.86,7.18,6.58,7.15,6.94,0.21,3.03,36570.66,25366.1859
002030.SZ,20081215,6.83,7.02,6.68,6.94,6.65,0.29,4.36,38012.01,26040.4524
002030.SZ,20081212,7.05,7.16,6.46,6.65,7.15,-0.5,-6.99,47704.0,32317.4326
002030.SZ,20081211,7.49,7.49,7.12,7.15,7.45,-0.3,-4.03,59663.35,43288.8899
002030.SZ,20081210,6.7,7.45,6.69,7.45,6.78,0.67,9.88,106030.19,76487.8664
002030.SZ,20081209,7.12,7.12,6.75,6.78,7.1,-0.32,-4.51,39866.16,27443.9638
002030.SZ,20081208,7.01,7.17,6.87,7.1,6.92,0.18,2.6,57306.8,40173.1431
002030.SZ,20081205,6.63,7.0,6.63,6.92,6.79,0.13,1.91,40795.59,27909.9744
002030.SZ,20081204,7.0,7.08,6.79,6.79,6.99,-0.2,-2.86,75507.92,52470.6507
002030.SZ,20081203,6.72,7.02,6.54,6.99,6.58,0.41,6.23,69139.95,46675.1933
002030.SZ,20081202,6.48,6.99,6.41,6.58,6.71,-0.13,-1.94,88472.35,59367.7257
002030.SZ,20081201,6.18,6.71,6.1,6.71,6.1,0.61,10.0,99260.47,64348.2778
002030.SZ,20081128,5.6,6.18,5.56,6.1,5.66,0.44,7.77,54736.07,32833.4347
002030.SZ,20081127,5.97,6.13,5.66,5.66,5.64,0.02,0.35,28289.25,16630.2711
002030.SZ,20081126,5.6,5.79,5.53,5.64,5.63,0.01,0.18,12576.9,7093.8313
002030.SZ,20081125,5.88,5.95,5.53,5.63,5.78,-0.15,-2.6,22627.89,12926.228
002030.SZ,20081124,5.81,6.21,5.78,5.78,5.83,-0.05,-0.86,38764.97,23273.9124
002030.SZ,20081121,5.86,6.05,5.5,5.83,6.03,-0.2,-3.32,34889.63,20227.0554
002030.SZ,20081120,5.78,6.27,5.7,6.03,5.87,0.16,2.73,49691.79,30122.3141
002030.SZ,20081119,5.56,5.96,5.56,5.87,5.6,0.27,4.82,48751.91,28354.2467
002030.SZ,20081118,6.0,6.19,5.55,5.6,6.1,-0.5,-8.2,47985.6,28114.2136
002030.SZ,20081117,5.65,6.13,5.62,6.1,5.83,0.27,4.63,57102.13,33500.237
002030.SZ,20081114,5.57,5.89,5.5,5.83,5.57,0.26,4.67,34512.45,19689.0027
002030.SZ,20081113,5.25,5.7,5.21,5.57,5.35,0.22,4.11,32985.32,18157.5874
002030.SZ,20081112,5.03,5.36,5.03,5.35,5.12,0.23,4.49,18272.04,9506.7177
002030.SZ,20081111,5.21,5.32,5.12,5.12,5.27,-0.15,-2.85,23892.73,12446.2768
002030.SZ,20081110,5.0,5.3,5.0,5.27,4.93,0.34,6.9,27101.23,14050.1457
002030.SZ,20081107,4.68,4.98,4.66,4.93,4.78,0.15,3.14,9650.22,4720.2485
002030.SZ,20081106,4.81,4.84,4.71,4.78,4.9,-0.12,-2.45,8402.98,4009.145
002030.SZ,20081105,4.71,4.93,4.67,4.9,4.63,0.27,5.83,13969.06,6752.0523
002030.SZ,20081104,4.85,4.85,4.61,4.63,4.81,-0.18,-3.74,11058.0,5169.4144
002030.SZ,20081103,4.97,4.97,4.8,4.81,4.9,-0.09,-1.84,6739.67,3270.7052
002030.SZ,20081031,5.02,5.19,4.8,4.9,5.01,-0.11,-2.2,12193.94,6118.4069
002030.SZ,20081030,5.03,5.08,4.94,5.01,5.01,0.0,0.0,15020.2,7512.8252
002030.SZ,20081029,4.82,5.16,4.68,5.01,4.74,0.27,5.7,27884.08,13778.2243
002030.SZ,20081028,4.56,4.75,4.5,4.74,4.58,0.16,3.49,11354.0,5322.1106
002030.SZ,20081027,4.8,4.96,4.55,4.58,4.91,-0.33,-6.72,9506.52,4554.224
002030.SZ,20081024,4.93,5.06,4.8,4.91,4.93,-0.02,-0.41,9678.77,4773.8317
002030.SZ,20081023,4.86,4.94,4.77,4.93,4.91,0.02,0.41,6321.04,3062.004
002030.SZ,20081022,4.96,5.07,4.9,4.91,5.01,-0.1,-2.0,7282.73,3619.5688
002030.SZ,20081021,5.1,5.16,5.01,5.01,5.04,-0.03,-0.6,11291.28,5757.3741
002030.SZ,20081020,4.92,5.14,4.71,5.04,4.94,0.1,2.02,17631.92,8727.4782
002030.SZ,20081017,5.12,5.12,4.92,4.94,5.02,-0.08,-1.59,14501.07,7238.455
002030.SZ,20081016,5.4,5.4,5.02,5.02,5.55,-0.53,-9.55,12229.51,6335.8819
002030.SZ,20081014,6.02,6.1,5.55,5.55,5.78,-0.23,-3.98,9804.54,5756.0587
002030.SZ,20081013,5.7,5.93,5.4,5.78,5.7,0.08,1.4,13825.67,7795.9328
002030.SZ,20081010,5.89,6.0,5.68,5.7,6.13,-0.43,-7.01,10202.3,5938.2877
002030.SZ,20081009,6.3,6.3,6.1,6.13,6.14,-0.01,-0.16,5021.0,3099.7092
002030.SZ,20081008,6.05,6.33,6.05,6.14,6.25,-0.11,-1.76,8621.82,5342.9206
002030.SZ,20081007,5.88,6.38,5.72,6.25,6.01,0.24,3.99,14723.35,8997.5644
002030.SZ,20081006,6.14,6.18,6.0,6.01,6.3,-0.29,-4.6,7637.56,4631.8767
002030.SZ,20080926,6.35,6.49,6.22,6.3,6.29,0.01,0.16,10464.08,6605.1403
002030.SZ,20080925,6.2,6.42,6.2,6.29,6.2,0.09,1.45,15357.25,9694.3975
002030.SZ,20080924,5.92,6.2,5.82,6.2,6.07,0.13,2.14,9098.41,5486.4809
002030.SZ,20080923,6.3,6.35,6.05,6.07,6.5,-0.43,-6.62,13024.12,8016.2672
002030.SZ,20080922,6.69,6.85,6.24,6.5,6.23,0.27,4.33,34334.13,22608.6975
002030.SZ,20080919,6.2,6.23,6.1,6.23,5.66,0.57,10.07,15409.93,9577.4336
002030.SZ,20080918,5.92,5.92,5.36,5.66,5.95,-0.29,-4.87,18506.66,10231.0081
002030.SZ,20080917,6.29,6.34,5.91,5.95,6.46,-0.51,-7.89,9669.42,5892.5442
002030.SZ,20080912,6.54,6.62,6.41,6.46,6.55,-0.09,-1.37,5498.27,3578.7063
002030.SZ,20080911,6.58,6.78,6.5,6.55,6.64,-0.09,-1.36,5374.34,3560.8406
002030.SZ,20080910,6.68,6.78,6.4,6.64,6.65,-0.01,-0.15,7768.47,5122.4536
002030.SZ,20080909,6.62,6.7,6.5,6.65,6.59,0.06,0.91,6098.83,4043.5333
002030.SZ,20080908,6.98,6.99,6.51,6.59,6.94,-0.35,-5.04,8624.69,5745.4556
002030.SZ,20080905,7.16,7.16,6.85,6.94,7.28,-0.34,-4.67,18992.98,13276.1407
002030.SZ,20080904,7.09,7.39,7.05,7.28,7.1,0.18,2.54,17561.46,12756.3573
002030.SZ,20080903,7.12,7.3,7.04,7.1,7.04,0.06,0.85,14962.01,10677.1131
002030.SZ,20080902,7.11,7.21,7.03,7.04,7.16,-0.12,-1.68,11211.38,7955.6585
002030.SZ,20080901,7.38,7.38,7.15,7.16,7.45,-0.29,-3.89,13442.69,9721.7719
002030.SZ,20080829,7.25,7.56,7.15,7.45,7.31,0.14,1.92,25301.74,18617.4094
002030.SZ,20080828,7.54,7.66,7.3,7.31,7.6,-0.29,-3.82,9224.64,6851.4574
002030.SZ,20080827,7.61,7.81,7.32,7.6,7.7,-0.1,-1.3,9704.87,7334.0511
002030.SZ,20080826,8.04,8.04,7.61,7.7,8.1,-0.4,-4.94,8689.52,6773.5581
002030.SZ,20080825,8.1,8.33,8.01,8.1,8.13,-0.03,-0.37,7501.22,6140.2182
002030.SZ,20080822,8.11,8.25,7.9,8.13,8.3,-0.17,-2.05,7807.14,6300.996
002030.SZ,20080821,8.19,8.53,8.08,8.3,8.47,-0.17,-2.01,15952.94,13247.25
002030.SZ,20080820,7.72,8.48,7.51,8.47,7.72,0.75,9.72,19129.92,15649.3443
002030.SZ,20080819,7.5,7.79,7.41,7.72,7.6,0.12,1.58,8028.28,6129.8807
002030.SZ,20080818,7.9,8.03,7.5,7.6,7.95,-0.35,-4.4,15647.01,12209.4142
002030.SZ,20080815,7.99,8.09,7.88,7.95,7.98,-0.03,-0.38,5143.7,4108.5385
002030.SZ,20080814,7.95,8.18,7.95,7.98,8.07,-0.09,-1.12,6035.83,4861.6203
002030.SZ,20080813,8.0,8.15,7.77,8.07,8.02,0.05,0.62,10669.7,8478.4158
002030.SZ,20080812,7.82,8.11,7.61,8.02,7.86,0.16,2.04,12238.15,9724.581
002030.SZ,20080811,8.49,8.61,7.75,7.86,8.5,-0.64,-7.53,19037.94,15532.3632
002030.SZ,20080808,8.95,9.0,8.08,8.5,8.92,-0.42,-4.71,13624.13,11617.9976
002030.SZ,20080807,8.9,9.1,8.75,8.92,8.94,-0.02,-0.22,9039.29,8021.1885
002030.SZ,20080806,9.1,9.15,8.8,8.94,8.92,0.02,0.22,14708.37,13229.8894
002030.SZ,20080805,9.06,9.36,8.9,8.92,9.1,-0.18,-1.98,12330.86,11220.4709
002030.SZ,20080804,9.5,9.5,9.1,9.1,9.51,-0.41,-4.31,13664.52,12690.3907
002030.SZ,20080801,9.33,9.69,9.25,9.51,9.5,0.01,0.11,15032.1,14159.8314
002030.SZ,20080731,9.77,9.94,9.5,9.5,9.89,-0.39,-3.94,25145.87,24172.3055
002030.SZ,20080730,10.05,10.25,9.78,9.89,10.03,-0.14,-1.4,18035.38,17973.6102
002030.SZ,20080729,10.07,10.14,9.91,10.03,10.17,-0.14,-1.38,16948.15,16950.9924
002030.SZ,20080728,9.94,10.28,9.77,10.17,9.8,0.37,3.78,34474.67,34830.5864
002030.SZ,20080725,10.06,10.06,9.7,9.8,10.09,-0.29,-2.87,29128.51,28639.8966
002030.SZ,20080724,9.99,10.15,9.94,10.09,9.91,0.18,1.82,26019.52,26170.1623
002030.SZ,20080723,10.19,10.35,9.9,9.91,10.25,-0.34,-3.32,42609.6,42814.031
002030.SZ,20080722,10.08,10.41,10.04,10.25,10.4,-0.15,-1.44,72299.72,73909.6798
002030.SZ,20080721,10.7,10.88,10.18,10.4,10.34,0.06,0.58,162858.9,169483.5588
002030.SZ,20080718,9.5,10.34,9.41,10.34,9.4,0.94,10.0,90397.0,90410.997
002030.SZ,20080717,9.4,10.14,9.31,9.4,9.22,0.18,1.95,40292.1,39194.2697
002030.SZ,20080716,9.28,9.4,9.03,9.22,9.38,-0.16,-1.71,22509.5,20639.5592
002030.SZ,20080715,9.72,9.98,9.35,9.38,9.93,-0.55,-5.54,26239.55,25228.7184
002030.SZ,20080714,9.3,10.0,9.2,9.93,9.53,0.4,4.2,32511.36,31241.6206
002030.SZ,20080711,9.6,9.6,8.99,9.53,9.63,-0.1,-1.04,65854.34,60959.9763
002030.SZ,20080710,9.73,10.37,9.51,9.63,9.43,0.2,2.12,119913.98,122280.2341
002030.SZ,20080709,9.2,9.49,9.1,9.43,9.4,0.03,0.32,31517.55,29385.0095
002030.SZ,20080708,9.0,9.58,8.71,9.4,8.8,0.6,6.82,52998.26,48275.5198
002030.SZ,20080707,8.07,8.88,8.07,8.8,8.07,0.73,9.05,32480.45,28154.1877
002030.SZ,20080704,7.9,8.26,7.86,8.07,8.0,0.07,0.88,16233.26,13106.2083
002030.SZ,20080703,7.5,8.18,7.4,8.0,7.68,0.32,4.17,22873.62,18026.1674
002030.SZ,20080702,7.7,7.84,7.55,7.68,7.67,0.01,0.13,12916.65,9975.5615
002030.SZ,20080701,7.92,7.99,7.6,7.67,7.87,-0.2,-2.54,11173.97,8621.4813
002030.SZ,20080630,8.02,8.13,7.68,7.87,8.02,-0.15,-1.87,13863.05,10948.7042
002030.SZ,20080627,8.51,8.51,7.91,8.02,8.78,-0.76,-8.66,17950.45,14662.006
002030.SZ,20080626,8.84,8.94,8.49,8.78,8.83,-0.05,-0.57,26822.07,23358.4704
002030.SZ,20080625,8.1,8.91,8.1,8.83,8.1,0.73,9.01,34603.32,29802.3702
002030.SZ,20080624,7.98,8.19,7.71,8.1,7.97,0.13,1.63,10977.59,8851.1483
002030.SZ,20080623,8.19,8.34,7.93,7.97,8.24,-0.27,-3.28,9384.38,7641.319
002030.SZ,20080620,8.1,8.6,7.6,8.24,8.1,0.14,1.73,19894.79,16347.1965
002030.SZ,20080619,8.79,8.8,7.9,8.1,8.78,-0.68,-7.74,18795.5,15641.0994
002030.SZ,20080618,8.18,8.9,8.0,8.78,8.27,0.51,6.17,24693.91,20913.6537
002030.SZ,20080617,8.66,8.8,8.23,8.27,8.66,-0.39,-4.5,18280.28,15732.1176
002030.SZ,20080616,8.66,9.0,8.53,8.66,8.75,-0.09,-1.03,10616.78,9221.8552
002030.SZ,20080613,9.13,9.24,8.66,8.75,9.12,-0.37,-4.06,11955.08,10659.3504
002030.SZ,20080612,9.01,9.26,8.95,9.12,9.1,0.02,0.22,14776.96,13411.6951
002030.SZ,20080611,8.81,9.3,8.81,9.1,9.1,0.0,0.0,15710.92,14241.1231
002030.SZ,20080610,9.57,9.91,9.0,9.1,10.0,-0.9,-9.0,27687.99,25794.292
002030.SZ,20080606,10.03,10.18,9.98,10.0,10.03,-0.03,-0.3,10344.63,10431.3297
002030.SZ,20080605,10.01,10.18,9.88,10.03,10.01,0.02,0.2,12522.37,12557.3273
002030.SZ,20080604,10.41,10.41,9.95,10.01,10.41,-0.4,-3.84,21730.05,21947.8469
002030.SZ,20080603,10.7,10.83,10.37,10.41,10.67,-0.26,-2.44,20284.65,21228.5755
002030.SZ,20080602,10.55,10.94,10.51,10.67,10.6,0.07,0.66,16564.29,17829.9741
002030.SZ,20080530,10.68,11.05,10.52,10.6,10.81,-0.21,-1.94,22646.55,24195.5883
002030.SZ,20080529,11.4,11.4,10.81,10.81,11.28,-0.47,-4.17,31762.96,35226.535
002030.SZ,20080528,11.0,11.47,10.9,11.28,11.0,0.28,2.55,31397.93,35263.2053
002030.SZ,20080527,10.71,11.1,10.71,11.0,10.71,0.29,2.71,26275.8,28777.4725
002030.SZ,20080526,10.85,11.1,10.59,10.71,10.87,-0.16,-1.47,27565.49,29910.6249
002030.SZ,20080523,10.61,11.15,10.58,10.87,10.74,0.13,1.21,34630.96,37936.1475
002030.SZ,20080522,10.92,11.18,10.6,10.74,11.12,-0.38,-3.42,39237.15,42747.749
002030.SZ,20080521,10.6,11.29,10.36,11.12,10.88,0.24,2.21,60706.59,65887.4732
002030.SZ,20080520,12.08,12.08,10.88,10.88,12.09,-1.21,-10.01,74757.0,85603.3614
002030.SZ,20080519,12.04,12.72,12.04,12.09,12.03,0.06,0.5,53683.7,66467.3826
002030.SZ,20080516,12.48,12.75,11.7,12.03,12.51,-0.48,-3.84,65719.73,80036.131
002030.SZ,20080515,12.94,13.3,12.5,12.51,12.98,-0.47,-3.62,84411.62,107794.0759
002030.SZ,20080514,13.85,13.85,12.5,12.98,13.69,-0.71,-5.19,128885.74,168698.9473
002030.SZ,20080513,20.0,22.54,19.4,22.03,20.51,1.52,7.41,125237.79,266052.7922
002030.SZ,20080512,18.7,20.53,18.31,20.51,18.88,1.63,8.63,79825.17,157675.3466
002030.SZ,20080509,18.95,19.18,18.0,18.88,18.95,-0.07,-0.37,47483.71,88402.1432
002030.SZ,20080508,18.5,19.31,18.33,18.95,17.88,1.07,5.98,103980.57,194130.2593
002030.SZ,20080507,16.8,17.88,16.7,17.88,16.25,1.63,10.03,53347.98,95008.4335
002030.SZ,20080506,15.89,16.49,15.84,16.25,16.2,0.05,0.31,16033.98,26030.1736
002030.SZ,20080505,16.0,16.21,15.68,16.2,15.67,0.53,3.38,17888.02,28564.8632
002030.SZ,20080430,15.2,15.74,15.2,15.67,15.2,0.47,3.09,10803.07,16833.6338
002030.SZ,20080429,15.14,15.43,15.02,15.2,15.2,0.0,0.0,8527.46,13030.0149
002030.SZ,20080428,15.39,15.44,14.81,15.2,15.56,-0.36,-2.31,11394.56,17224.6043
002030.SZ,20080425,14.95,16.16,14.71,15.56,15.02,0.54,3.6,26587.95,41218.6623
002030.SZ,20080424,14.8,15.02,14.33,15.02,13.65,1.37,10.04,25324.0,37454.8394
002030.SZ,20080423,12.86,13.73,12.8,13.65,13.12,0.53,4.04,12942.0,17095.8346
002030.SZ,20080422,13.93,13.93,12.54,13.12,13.93,-0.81,-5.81,11063.35,14354.9525
002030.SZ,20080421,15.22,15.48,13.85,13.93,14.1,-0.17,-1.21,8910.0,12938.1333
002030.SZ,20080418,14.78,14.78,14.02,14.1,14.5,-0.4,-2.76,4719.3,6762.4644
002030.SZ,20080417,15.02,15.59,14.36,14.5,15.3,-0.8,-5.23,5571.8,8246.7337
002030.SZ,20080415,14.8,15.39,14.6,15.3,14.82,0.48,3.24,4969.03,7418.318
002030.SZ,20080414,15.38,15.63,14.79,14.82,15.74,-0.92,-5.85,4486.0,6750.0723
002030.SZ,20080411,15.53,15.87,15.33,15.74,15.44,0.3,1.94,4758.11,7453.6581
002030.SZ,20080410,14.81,15.49,14.52,15.44,15.01,0.43,2.86,4493.62,6774.249
002030.SZ,20080409,15.6,16.16,15.0,15.01,15.82,-0.81,-5.12,7633.24,11895.6966
002030.SZ,20080408,15.61,16.15,15.5,15.82,15.63,0.19,1.22,10330.59,16380.6902
002030.SZ,20080407,14.55,15.75,14.16,15.63,14.55,1.08,7.42,15108.25,22784.2594
002030.SZ,20080403,13.9,14.68,13.5,14.55,14.0,0.55,3.93,8208.33,11708.043
002030.SZ,20080402,15.55,15.71,13.96,14.0,15.2,-1.2,-7.89,11415.67,16754.9941
002030.SZ,20080401,16.81,16.81,15.03,15.2,16.7,-1.5,-8.98,9916.56,15481.9033
002030.SZ,20080331,17.0,17.49,16.7,16.7,17.48,-0.78,-4.46,6580.7,11195.9363
002030.SZ,20080328,16.2,17.54,16.2,17.48,16.4,1.08,6.59,8176.36,13807.6763
002030.SZ,20080327,16.85,17.2,16.38,16.4,16.9,-0.5,-2.96,10479.74,17633.3355
002030.SZ,20080326,17.51,17.56,16.68,16.9,16.35,0.55,3.36,13826.61,23470.3885
002030.SZ,20080325,15.89,16.45,15.4,16.35,15.9,0.45,2.83,8856.51,14206.1501
002030.SZ,20080324,15.51,16.25,15.25,15.9,15.43,0.47,3.05,10503.67,16542.0564
002030.SZ,20080321,15.87,15.87,15.2,15.43,15.4,0.03,0.19,9243.35,14302.3117
002030.SZ,20080320,14.95,15.75,14.25,15.4,15.15,0.25,1.65,7590.72,11393.2088
002030.SZ,20080319,14.72,15.45,14.26,15.15,14.55,0.6,4.12,6050.6,9084.2665
002030.SZ,20080318,15.74,15.97,14.17,14.55,15.73,-1.18,-7.5,8393.9,12495.5418
002030.SZ,20080317,17.3,17.4,15.66,15.73,17.3,-1.57,-9.08,7157.3,11829.515
002030.SZ,20080314,17.42,17.8,17.1,17.3,17.45,-0.15,-0.86,3251.52,5647.099
002030.SZ,20080313,18.14,18.14,17.0,17.45,18.18,-0.73,-4.02,6634.36,11651.2087
002030.SZ,20080312,18.99,19.01,18.05,18.18,18.52,-0.34,-1.84,3709.57,6826.2821
002030.SZ,20080311,18.12,18.75,18.01,18.52,18.48,0.04,0.22,4635.77,8524.3915
002030.SZ,20080310,18.78,19.25,18.33,18.48,18.98,-0.5,-2.63,7033.96,13197.2783
002030.SZ,20080307,18.99,19.4,18.79,18.98,18.99,-0.01,-0.05,6731.9,12839.1426
002030.SZ,20080306,18.96,19.68,18.96,18.99,18.99,0.0,0.0,8031.16,15537.6219
002030.SZ,20080305,19.0,19.18,18.45,18.99,19.15,-0.16,-0.84,10375.97,19525.2606
002030.SZ,20080304,19.75,19.98,19.12,19.15,19.76,-0.61,-3.09,12762.65,24925.1571
002030.SZ,20080303,18.9,19.8,18.7,19.76,18.99,0.77,4.05,14913.31,29169.0594
002030.SZ,20080229,18.5,19.04,18.24,18.99,18.62,0.37,1.99,10364.53,19503.5641
002030.SZ,20080228,18.38,18.69,18.0,18.62,18.3,0.32,1.75,7391.14,13653.7791
002030.SZ,20080227,17.8,18.78,17.8,18.3,17.66,0.64,3.62,8094.19,14928.8862
002030.SZ,20080226,17.8,18.09,17.11,17.66,17.32,0.34,1.96,7359.97,12922.0566
002030.SZ,20080225,18.23,18.63,17.3,17.32,18.2,-0.88,-4.84,7950.0,14190.2921
002030.SZ,20080222,19.0,19.0,18.02,18.2,18.98,-0.78,-4.11,7995.66,14733.0911
002030.SZ,20080221,18.9,19.3,18.5,18.98,19.19,-0.21,-1.09,8484.05,16042.5537
002030.SZ,20080220,19.5,19.53,18.8,19.19,19.41,-0.22,-1.13,14017.38,26839.037
002030.SZ,20080219,19.08,19.47,18.78,19.41,18.96,0.45,2.37,9647.27,18619.2211
002030.SZ,20080218,18.46,19.28,18.46,18.96,18.38,0.58,3.16,8712.38,16496.047
002030.SZ,20080215,18.5,18.5,18.0,18.38,18.58,-0.2,-1.08,4811.1,8766.8105
002030.SZ,20080214,18.1,18.69,18.1,18.58,18.2,0.38,2.09,5098.82,9439.7973
002030.SZ,20080213,18.3,18.5,18.0,18.2,18.37,-0.17,-0.93,4914.5,8981.8021
002030.SZ,20080205,18.31,18.82,18.2,18.37,18.77,-0.4,-2.13,7227.18,13338.7402
002030.SZ,20080204,18.0,18.77,18.0,18.77,17.48,1.29,7.38,11000.45,20256.7902
002030.SZ,20080201,17.55,18.2,16.6,17.48,17.57,-0.09,-0.51,8877.32,15248.3425
002030.SZ,20080131,17.87,18.53,17.56,17.57,17.89,-0.32,-1.79,9238.56,16782.7329
002030.SZ,20080130,17.48,18.75,17.48,17.89,17.18,0.71,4.13,17115.83,31030.9227
002030.SZ,20080129,16.73,17.49,16.73,17.18,17.03,0.15,0.88,9435.58,16153.8133
002030.SZ,20080128,18.61,19.38,17.01,17.03,18.9,-1.87,-9.89,14257.2,25123.9234
002030.SZ,20080125,19.4,19.4,18.75,18.9,19.24,-0.34,-1.77,9813.98,18650.8182
002030.SZ,20080124,18.8,19.55,18.78,19.24,18.77,0.47,2.5,14138.83,27149.6889
002030.SZ,20080123,18.31,18.87,17.53,18.77,18.31,0.46,2.51,15773.71,29136.7782
002030.SZ,20080122,19.76,19.76,18.31,18.31,20.34,-2.03,-9.98,20965.28,39113.2836
002030.SZ,20080121,20.05,20.75,19.72,20.34,20.25,0.09,0.44,20239.14,41005.652
002030.SZ,20080118,20.05,20.68,19.72,20.25,20.0,0.25,1.25,10398.04,20982.8903
002030.SZ,20080117,20.88,21.49,19.8,20.0,21.2,-1.2,-5.66,19347.65,39570.7055
002030.SZ,20080116,21.8,21.8,21.02,21.2,21.87,-0.67,-3.06,13045.37,27897.0328
002030.SZ,20080115,21.22,21.88,21.2,21.87,21.22,0.65,3.06,23328.51,50403.8936
002030.SZ,20080114,21.23,21.38,20.76,21.22,21.2,0.02,0.09,17386.85,36717.2365
002030.SZ,20080111,20.55,21.3,20.31,21.2,20.6,0.6,2.91,16732.78,34572.1025
002030.SZ,20080110,21.25,21.51,20.6,20.6,21.1,-0.5,-2.37,16747.23,35053.5076
002030.SZ,20080109,20.55,21.46,20.55,21.1,20.47,0.63,3.08,11887.37,24941.3988
002030.SZ,20080108,21.9,21.9,20.41,20.47,21.88,-1.41,-6.44,25172.49,53117.5664
002030.SZ,20080107,21.82,21.88,21.2,21.88,21.71,0.17,0.78,17570.34,37888.2401
002030.SZ,20080104,22.0,22.24,21.35,21.71,22.24,-0.53,-2.38,20116.19,43516.2459
002030.SZ,20080103,22.01,22.85,21.73,22.24,22.2,0.04,0.18,21425.04,48010.5549
002030.SZ,20080102,21.75,22.58,21.4,22.2,21.33,0.87,4.08,24297.48,53811.7528
002030.SZ,20071228,21.1,21.74,20.98,21.33,21.24,0.09,0.42,19445.95,41601.0947
002030.SZ,20071227,21.64,21.77,21.16,21.24,21.18,0.06,0.28,46964.71,100815.8893
002030.SZ,20071226,19.37,21.18,19.37,21.18,19.25,1.93,10.03,56260.28,118614.0069
002030.SZ,20071225,19.38,19.6,19.0,19.25,19.29,-0.04,-0.21,5952.45,11447.418
002030.SZ,20071224,18.92,19.68,18.92,19.29,18.92,0.37,1.96,11086.46,21502.0102
002030.SZ,20071221,18.48,19.08,18.48,18.92,18.67,0.25,1.34,7283.71,13754.2692
002030.SZ,20071220,18.69,19.19,18.51,18.67,18.75,-0.08,-0.43,10218.78,19098.8745
002030.SZ,20071219,18.82,18.98,18.58,18.75,18.56,0.19,1.02,7142.43,13414.3983
002030.SZ,20071218,19.1,19.1,18.5,18.56,19.3,-0.74,-3.83,8474.23,15849.4487
002030.SZ,20071217,18.9,19.52,18.75,19.3,18.6,0.7,3.76,15303.1,29413.8734
002030.SZ,20071214,17.78,18.65,17.5,18.6,18.1,0.5,2.76,11707.92,21120.2039
002030.SZ,20071213,18.3,18.8,17.96,18.1,18.3,-0.2,-1.09,16408.51,30458.6396
002030.SZ,20071212,18.17,18.49,17.82,18.3,18.15,0.15,0.83,11425.25,20891.9155
002030.SZ,20071211,17.88,18.3,17.58,18.15,17.87,0.28,1.57,15115.15,27228.445
002030.SZ,20071210,16.8,17.88,16.68,17.87,16.98,0.89,5.24,13773.44,24156.4458
002030.SZ,20071207,17.16,17.18,16.78,16.98,17.16,-0.18,-1.05,13683.3,23168.1815
002030.SZ,20071206,17.37,17.37,17.02,17.16,17.29,-0.13,-0.75,3979.47,6839.8379
002030.SZ,20071205,17.09,17.46,16.9,17.29,16.92,0.37,2.19,5491.17,9430.1263
002030.SZ,20071204,17.1,17.47,16.9,16.92,16.97,-0.05,-0.29,6111.97,10465.773
002030.SZ,20071203,17.09,17.88,16.61,16.97,17.1,-0.13,-0.76,9295.9,16058.4223
002030.SZ,20071130,16.51,17.6,16.3,17.1,16.58,0.52,3.14,16311.7,27841.348
002030.SZ,20071129,15.9,16.8,15.71,16.58,15.69,0.89,5.67,6912.23,11311.8744
002030.SZ,20071128,15.55,15.97,15.55,15.69,15.56,0.13,0.84,1794.79,2818.9265
002030.SZ,20071127,15.4,16.0,15.4,15.56,15.56,0.0,0.0,2864.94,4500.9248
002030.SZ,20071126,15.88,16.35,15.55,15.56,15.67,-0.11,-0.7,4089.95,6558.9149
002030.SZ,20071123,15.38,15.79,15.16,15.67,15.4,0.27,1.75,3248.6,5025.05
002030.SZ,20071122,16.2,16.2,15.35,15.4,16.2,-0.8,-4.94,4867.21,7646.6371
002030.SZ,20071121,16.7,16.99,16.13,16.2,16.6,-0.4,-2.41,5217.35,8563.0583
002030.SZ,20071120,16.44,16.84,16.21,16.6,16.42,0.18,1.1,9438.59,15650.5698
002030.SZ,20071119,15.61,16.43,15.61,16.42,15.45,0.97,6.28,9069.51,14680.3852
002030.SZ,20071116,15.48,15.48,15.1,15.45,15.5,-0.05,-0.32,3431.8,5224.1162
002030.SZ,20071115,15.7,15.88,15.43,15.5,15.69,-0.19,-1.21,4244.88,6645.8837
002030.SZ,20071114,15.08,15.7,15.01,15.69,14.98,0.71,4.74,4850.85,7500.1342
002030.SZ,20071113,15.4,15.58,14.9,14.98,15.31,-0.33,-2.16,5819.08,8873.1197
002030.SZ,20071112,15.58,15.58,14.8,15.31,15.61,-0.3,-1.92,6382.91,9632.7524
002030.SZ,20071109,15.9,16.0,15.41,15.61,15.85,-0.24,-1.51,4984.6,7825.4145
002030.SZ,20071108,16.67,16.91,15.8,15.85,16.66,-0.81,-4.86,6039.0,9772.8872
002030.SZ,20071107,16.31,16.93,15.88,16.66,16.2,0.46,2.84,7320.59,12195.0502
002030.SZ,20071106,16.0,16.6,16.0,16.2,16.0,0.2,1.25,5714.45,9296.0172
002030.SZ,20071105,15.7,16.59,15.6,16.0,15.9,0.1,0.63,5688.55,9162.2255
002030.SZ,20071102,16.82,16.82,15.71,15.9,16.92,-1.02,-6.03,9268.73,14954.0314
002030.SZ,20071101,17.81,17.81,16.9,16.92,17.9,-0.98,-5.47,7986.64,13691.3144
002030.SZ,20071031,18.0,18.0,17.46,17.9,17.41,0.49,2.81,9389.68,16613.8399
002030.SZ,20071030,17.15,17.49,16.72,17.41,16.96,0.45,2.65,4865.78,8350.1516
002030.SZ,20071029,17.08,17.5,16.5,16.96,17.14,-0.18,-1.05,8517.91,14367.6998
002030.SZ,20071026,18.4,18.4,17.11,17.14,18.89,-1.75,-9.26,5758.7,10008.9922
002030.SZ,20071024,18.55,19.35,18.5,18.89,18.51,0.38,2.05,8334.77,15788.4384
002030.SZ,20071023,18.48,18.96,17.86,18.51,18.5,0.01,0.05,8265.15,15173.6917
002030.SZ,20071022,18.91,19.2,18.45,18.5,19.03,-0.53,-2.79,6263.62,11728.1288
002030.SZ,20071019,19.1,19.4,19.01,19.03,19.05,-0.02,-0.11,5039.0,9639.446
002030.SZ,20071018,19.5,19.5,18.9,19.05,19.68,-0.63,-3.2,12845.86,24519.5618
002030.SZ,20071017,20.3,20.3,19.45,19.68,20.2,-0.52,-2.57,7490.0,14774.9096
002030.SZ,20071016,19.4,20.45,19.08,20.2,19.6,0.6,3.06,12990.22,25579.4354
002030.SZ,20071015,19.59,19.75,19.0,19.6,19.62,-0.02,-0.1,11632.24,22520.671
002030.SZ,20071012,20.65,20.99,18.62,19.62,20.65,-1.03,-4.99,27478.21,53424.554
002030.SZ,20071011,21.45,21.8,20.57,20.65,21.8,-1.15,-5.28,22923.82,47916.2105
002030.SZ,20071010,21.6,21.83,21.28,21.8,21.5,0.3,1.4,23389.02,50287.3187
002030.SZ,20071009,21.98,22.1,20.96,21.5,21.7,-0.2,-0.92,27131.37,58325.8892
002030.SZ,20071008,22.2,22.75,21.7,21.7,21.85,-0.15,-0.69,45461.73,100902.7671
002030.SZ,20070928,20.35,22.19,20.35,21.85,20.17,1.68,8.33,34420.34,74597.7697
002030.SZ,20070927,19.26,20.25,19.26,20.17,19.39,0.78,4.02,22080.03,43838.0537
002030.SZ,20070926,20.86,21.05,19.15,19.39,20.85,-1.46,-7.0,28583.07,56947.392
002030.SZ,20070925,22.38,22.8,20.58,20.85,21.82,-0.97,-4.45,36300.81,76685.3389
002030.SZ,20070924,22.35,23.45,21.59,21.82,22.3,-0.48,-2.15,40546.45,89949.5245
002030.SZ,20070921,22.21,23.53,21.98,22.3,22.14,0.16,0.72,57280.21,130712.0455
002030.SZ,20070920,20.71,22.49,20.71,22.14,20.97,1.17,5.58,41303.61,89923.86
002030.SZ,20070919,21.5,21.5,20.39,20.97,21.5,-0.53,-2.47,30274.63,63160.5117
002030.SZ,20070918,20.4,21.9,20.26,21.5,20.2,1.3,6.44,46695.36,98628.7159
002030.SZ,20070917,20.98,20.98,20.02,20.2,20.48,-0.28,-1.37,39382.08,80478.4314
002030.SZ,20070914,19.6,20.85,19.2,20.48,19.09,1.39,7.28,65551.78,132787.4601
002030.SZ,20070913,18.36,19.36,17.71,19.09,18.36,0.73,3.98,57795.36,108565.3903
002030.SZ,20070912,17.1,18.79,17.1,18.36,17.32,1.04,6.0,58939.91,106497.6113
002030.SZ,20070911,17.52,18.49,17.2,17.32,17.5,-0.18,-1.03,46323.97,82468.2926
002030.SZ,20070910,16.65,17.57,16.5,17.5,16.93,0.57,3.37,27181.67,46917.0545
002030.SZ,20070907,17.46,17.47,16.9,16.93,17.55,-0.62,-3.53,20431.63,34917.8149
002030.SZ,20070906,17.35,17.8,17.25,17.55,17.3,0.25,1.45,26903.25,47112.9526
002030.SZ,20070905,16.98,17.35,16.8,17.3,17.18,0.12,0.7,15240.42,25926.1744
002030.SZ,20070904,17.5,17.6,17.03,17.18,17.41,-0.23,-1.32,20087.72,34668.8437
002030.SZ,20070903,17.35,17.75,17.15,17.41,17.24,0.17,0.99,23965.18,41665.9008
002030.SZ,20070831,17.3,17.88,17.1,17.24,17.26,-0.02,-0.12,20144.26,35034.7699
002030.SZ,20070830,17.06,17.38,16.78,17.26,16.8,0.46,2.74,17114.36,29300.0005
002030.SZ,20070829,17.36,17.39,16.75,16.8,17.46,-0.66,-3.78,29782.06,50614.8236
002030.SZ,20070828,18.05,18.06,17.19,17.46,18.39,-0.93,-5.06,38928.53,68303.0422
002030.SZ,20070827,17.13,18.7,16.9,18.39,17.0,1.39,8.18,77271.64,138729.523
002030.SZ,20070824,16.8,17.46,16.7,17.0,16.81,0.19,1.13,36913.69,63556.0044
002030.SZ,20070823,17.12,17.4,16.8,16.81,17.11,-0.3,-1.75,25479.54,43383.3651
002030.SZ,20070822,16.6,17.65,16.5,17.11,16.8,0.31,1.85,32601.19,55966.9239
002030.SZ,20070821,17.18,17.4,16.7,16.8,17.36,-0.56,-3.23,40017.3,67729.722
002030.SZ,20070820,17.88,17.88,16.9,17.36,17.41,-0.05,-0.29,76031.06,131710.6697
002030.SZ,20070817,17.41,17.41,16.65,17.41,15.83,1.58,9.98,162966.43,280809.6564
002030.SZ,20070816,15.11,15.83,15.11,15.83,14.39,1.44,10.01,18863.68,29573.6243
002030.SZ,20070815,14.32,14.4,13.93,14.39,14.31,0.08,0.56,14552.47,20708.4614
002030.SZ,20070814,13.71,14.35,13.68,14.31,13.71,0.6,4.38,17203.01,24188.6626
002030.SZ,20070813,14.1,14.13,13.56,13.71,13.9,-0.19,-1.37,16385.05,22408.2404
002030.SZ,20070810,14.55,14.55,13.6,13.9,14.55,-0.65,-4.47,16542.81,23173.0703
002030.SZ,20070809,14.5,14.9,14.49,14.55,14.49,0.06,0.41,10813.18,15785.6901
002030.SZ,20070808,14.94,14.94,14.31,14.49,15.0,-0.51,-3.4,21106.48,30760.4634
002030.SZ,20070807,15.47,15.5,14.85,15.0,15.47,-0.47,-3.04,23736.14,35724.2703
002030.SZ,20070806,15.39,15.88,15.31,15.47,15.46,0.01,0.06,22420.78,34840.2878
002030.SZ,20070803,15.3,15.6,15.1,15.46,15.29,0.17,1.11,23345.35,35963.4238
002030.SZ,20070802,14.65,15.49,14.65,15.29,14.66,0.63,4.3,22382.98,33904.9394
002030.SZ,20070801,15.57,15.6,14.6,14.66,15.47,-0.81,-5.24,25769.68,39006.8399
002030.SZ,20070731,15.8,15.99,15.42,15.47,15.8,-0.33,-2.09,27085.44,42180.7963
002030.SZ,20070730,15.2,15.8,15.06,15.8,15.19,0.61,4.02,29954.7,46391.5178
002030.SZ,20070727,14.76,15.5,14.52,15.19,14.79,0.4,2.7,19243.16,29076.3755
002030.SZ,20070726,15.08,15.15,14.75,14.79,14.99,-0.2,-1.33,16732.59,24946.5632
002030.SZ,20070725,14.77,15.08,14.5,14.99,14.64,0.35,2.39,22231.7,33004.3168
002030.SZ,20070724,15.25,15.69,14.62,14.64,14.65,-0.01,-0.07,30219.69,46141.9359
002030.SZ,20070723,14.6,15.0,14.01,14.65,14.19,0.46,3.24,25867.65,37536.9899
002030.SZ,20070720,13.86,14.35,13.72,14.19,13.96,0.23,1.65,31791.32,44879.2203
002030.SZ,20070719,12.55,13.96,12.55,13.96,12.69,1.27,10.01,30401.72,40785.5613
002030.SZ,20070718,12.54,13.02,12.54,12.69,12.57,0.12,0.95,15701.5,20121.5812
002030.SZ,20070717,12.05,12.75,11.98,12.57,12.05,0.52,4.32,12498.4,15591.1858
002030.SZ,20070716,12.45,12.45,11.95,12.05,12.4,-0.35,-2.82,7319.42,8866.9239
002030.SZ,20070713,12.3,12.45,12.1,12.4,12.41,-0.01,-0.08,6649.3,8185.4279
002030.SZ,20070712,12.2,12.45,12.01,12.41,12.1,0.31,2.56,12488.66,15353.1708
002030.SZ,20070711,11.9,12.3,11.71,12.1,11.95,0.15,1.26,10374.89,12437.8049
002030.SZ,20070710,12.25,12.58,11.9,11.95,12.58,-0.63,-5.01,8909.36,10776.463
002030.SZ,20070709,12.38,12.8,12.2,12.58,12.33,0.25,2.03,15395.55,19277.9112
002030.SZ,20070706,11.4,12.49,11.3,12.33,11.42,0.91,7.97,12823.75,15030.2327
002030.SZ,20070705,12.08,12.38,11.42,11.42,12.2,-0.78,-6.39,12963.2,15526.8756
002030.SZ,20070704,12.5,12.5,12.08,12.2,12.51,-0.31,-2.48,7067.89,8646.3658
002030.SZ,20070703,12.4,12.55,12.1,12.51,12.4,0.11,0.89,8584.67,10620.3245
002030.SZ,20070702,12.3,12.53,12.0,12.4,12.1,0.3,2.48,11106.06,13564.1493
002030.SZ,20070629,12.42,12.65,12.02,12.1,12.81,-0.71,-5.54,15748.19,19366.0141
002030.SZ,20070628,13.15,13.25,12.63,12.81,13.19,-0.38,-2.88,33006.13,42748.907
002030.SZ,20070627,13.06,13.46,13.0,13.19,12.96,0.23,1.77,19252.7,25395.6391
002030.SZ,20070626,12.7,12.98,12.02,12.96,12.6,0.36,2.86,18205.3,22908.4089
002030.SZ,20070625,14.0,14.15,12.6,12.6,14.0,-1.4,-10.0,22855.23,29929.1063
002030.SZ,20070622,14.96,15.03,13.48,14.0,14.98,-0.98,-6.54,29908.42,42524.44
002030.SZ,20070621,15.18,15.43,14.6,14.98,15.34,-0.36,-2.35,24675.11,36922.0343
002030.SZ,20070620,16.25,16.25,15.25,15.34,16.26,-0.92,-5.66,32771.04,51614.0463
002030.SZ,20070619,16.0,16.46,15.88,16.26,15.87,0.39,2.46,49642.7,80710.6226
002030.SZ,20070618,14.93,15.87,14.6,15.87,14.43,1.44,9.98,45041.18,69543.3887
002030.SZ,20070615,14.8,14.9,14.31,14.43,14.91,-0.48,-3.22,22666.7,32939.6572
002030.SZ,20070614,15.35,15.55,14.72,14.91,15.35,-0.44,-2.87,22553.93,33894.1085
002030.SZ,20070613,14.92,15.6,14.92,15.35,15.06,0.29,1.93,35013.37,53549.1834
002030.SZ,20070612,14.8,15.2,14.1,15.06,14.78,0.28,1.89,26310.46,38856.8475
002030.SZ,20070611,14.54,15.23,14.53,14.78,14.54,0.24,1.65,27627.91,41288.2534
002030.SZ,20070608,14.56,14.68,14.4,14.54,14.56,-0.02,-0.14,29216.82,42539.0517
002030.SZ,20070607,14.0,14.6,14.0,14.56,14.04,0.52,3.7,34602.17,49849.0341
002030.SZ,20070606,14.06,14.68,13.4,14.04,13.99,0.05,0.36,34819.69,49276.3083
002030.SZ,20070605,12.91,14.0,12.0,13.99,12.96,1.03,7.95,56102.84,73077.7713
002030.SZ,20070604,13.99,14.3,12.52,12.96,13.56,-0.6,-4.42,59233.14,78288.715
002030.SZ,20070601,14.81,15.5,13.52,13.56,15.02,-1.46,-9.72,57001.98,83470.1614
002030.SZ,20070531,16.03,16.03,14.95,15.02,16.61,-1.59,-9.57,63590.39,96585.4951
002030.SZ,20070530,16.62,17.8,16.61,16.61,18.46,-1.85,-10.02,55204.76,93706.3827
002030.SZ,20070529,18.12,18.5,17.7,18.46,18.06,0.4,2.21,35927.73,64846.8001
002030.SZ,20070528,18.03,18.58,18.01,18.06,18.1,-0.04,-0.22,32676.71,59469.6147
002030.SZ,20070525,18.06,18.45,17.88,18.1,18.28,-0.18,-0.98,36990.1,66983.7288
002030.SZ,20070524,18.7,19.4,17.99,18.28,18.75,-0.47,-2.51,46287.87,85881.6768
002030.SZ,20070523,17.8,18.85,17.8,18.75,17.8,0.95,5.34,45037.69,82824.4071
002030.SZ,20070522,17.15,18.18,17.15,17.8,16.98,0.82,4.83,49523.04,87905.0541
002030.SZ,20070521,16.28,17.49,16.06,16.98,16.85,0.13,0.77,31318.09,52683.2265
002030.SZ,20070518,17.0,17.17,16.71,16.85,17.05,-0.2,-1.17,25840.25,43645.6106
002030.SZ,20070517,16.9,17.5,16.7,17.05,16.78,0.27,1.61,33281.06,56747.3797
002030.SZ,20070516,16.05,16.98,15.88,16.9,16.05,0.85,5.3,42526.47,69092.02
002030.SZ,20070515,17.25,17.55,15.89,16.05,17.25,-1.2,-6.96,51843.35,85985.2077
002030.SZ,20070514,16.99,17.85,16.71,17.25,17.4,-0.15,-0.86,29135.9,50592.5872
002030.SZ,20070511,17.38,17.62,16.65,17.4,17.75,-0.35,-1.97,44576.86,76028.2117
002030.SZ,20070510,17.72,18.5,17.2,17.75,17.71,0.04,0.23,51882.07,91683.1335
002030.SZ,20070509,16.12,17.71,16.1,17.71,16.1,1.61,10.0,92550.51,162387.1638
002030.SZ,20070508,16.37,16.37,15.54,16.1,15.85,0.25,1.58,53163.09,84677.9387
002030.SZ,20070430,15.69,16.45,15.5,15.85,15.85,0.0,0.0,40986.2,65220.732
002030.SZ,20070427,16.74,16.74,15.7,15.85,16.75,-0.9,-5.37,44491.83,72122.3723
002030.SZ,20070426,16.98,17.08,16.15,16.75,16.76,-0.01,-0.06,58418.3,96714.8247
002030.SZ,20070425,15.24,16.76,14.78,16.76,15.24,1.52,9.97,83894.53,135656.8207
002030.SZ,20070424,14.99,15.53,14.61,15.24,15.07,0.17,1.13,52359.38,78999.397
002030.SZ,20070423,15.0,15.41,14.5,15.07,14.86,0.21,1.41,81281.36,122244.3865
002030.SZ,20070420,13.8,14.98,13.7,14.86,13.7,1.16,8.47,130283.81,187206.6288
002030.SZ,20070419,12.4,13.7,12.31,13.7,12.45,1.25,10.04,134924.95,180218.203
002030.SZ,20070418,12.43,12.48,12.14,12.45,12.43,0.02,0.16,42074.94,51889.398
002030.SZ,20070417,12.42,12.55,12.07,12.43,12.43,0.0,0.0,37720.5,46447.7094
002030.SZ,20070416,12.02,12.46,12.02,12.43,11.96,0.47,3.93,37357.17,45911.319
002030.SZ,20070413,12.11,12.5,11.88,11.96,11.97,-0.01,-0.08,42848.66,52535.3822
002030.SZ,20070411,11.84,12.0,11.7,11.97,11.85,0.12,1.01,29762.5,35394.0225
002030.SZ,20070410,11.98,12.02,11.52,11.85,11.98,-0.13,-1.09,29739.74,35096.6206
002030.SZ,20070409,12.15,12.32,11.9,11.98,12.05,-0.07,-0.58,36400.71,44135.4717
002030.SZ,20070406,11.65,12.1,11.42,12.05,11.72,0.33,2.82,39988.88,47624.7722
002030.SZ,20070405,11.32,11.76,11.22,11.72,11.32,0.4,3.53,37108.44,42896.878
002030.SZ,20070404,11.52,11.63,11.19,11.32,11.52,-0.2,-1.74,31115.74,35201.5735
002030.SZ,20070403,11.48,11.64,11.34,11.52,11.47,0.05,0.44,19658.9,22622.8159
002030.SZ,20070402,11.26,11.5,11.26,11.47,11.32,0.15,1.33,19035.32,21693.5265
002030.SZ,20070330,11.06,11.35,10.96,11.32,11.18,0.14,1.25,17646.86,19800.8217
002030.SZ,20070329,11.68,11.71,11.16,11.18,11.68,-0.5,-4.28,29828.7,33880.0768
002030.SZ,20070328,11.89,11.89,11.2,11.68,11.9,-0.22,-1.85,42822.15,49476.487
002030.SZ,20070327,11.58,12.14,11.58,11.9,11.55,0.35,3.03,44258.81,52358.1922
002030.SZ,20070326,11.3,11.75,11.11,11.55,11.24,0.31,2.76,58331.16,67055.5204
002030.SZ,20070323,10.41,11.27,10.38,11.24,10.41,0.83,7.97,63338.54,68673.4858
002030.SZ,20070322,10.8,10.88,10.32,10.41,10.65,-0.24,-2.25,41874.21,44674.1175
002030.SZ,20070321,10.41,10.7,10.19,10.65,10.35,0.3,2.9,35001.93,36614.8699
002030.SZ,20070320,10.08,10.53,10.0,10.35,10.0,0.35,3.5,25348.23,26132.4251
002030.SZ,20070319,9.7,10.16,9.5,10.0,10.12,-0.12,-1.19,22610.83,22500.2169
002030.SZ,20070316,10.5,10.58,10.05,10.12,10.46,-0.34,-3.25,26303.84,26958.7047
002030.SZ,20070315,10.27,10.62,10.27,10.46,10.38,0.08,0.77,25750.28,26925.2498
002030.SZ,20070314,10.7,10.7,10.01,10.38,10.7,-0.32,-2.99,28262.23,29298.0963
002030.SZ,20070313,10.72,10.98,10.6,10.7,10.77,-0.07,-0.65,22985.99,24707.9019
002030.SZ,20070312,10.08,10.99,10.08,10.77,10.01,0.76,7.59,30916.01,33047.3197
002030.SZ,20070309,10.38,10.4,9.97,10.01,10.38,-0.37,-3.56,28189.04,28479.1339
002030.SZ,20070308,10.19,10.45,10.12,10.38,10.25,0.13,1.27,20249.35,20952.5901
002030.SZ,20070307,10.05,10.45,10.05,10.25,10.05,0.2,1.99,24208.98,24869.3886
002030.SZ,20070306,10.08,10.17,9.85,10.05,10.03,0.02,0.2,19503.68,19518.9292
002030.SZ,20070305,9.8,10.18,9.59,10.03,9.83,0.2,2.03,36057.81,35818.7073
002030.SZ,20070302,9.56,10.05,9.5,9.83,9.44,0.39,4.13,25646.29,25261.8893
002030.SZ,20070301,9.99,10.13,9.37,9.44,9.95,-0.51,-5.13,31648.16,30862.4557
002030.SZ,20070228,9.85,10.06,9.45,9.95,9.85,0.1,1.02,36231.58,35375.7237
002030.SZ,20070227,10.9,11.03,9.85,9.85,10.94,-1.09,-9.96,41993.38,43378.9357
002030.SZ,20070226,10.68,11.1,10.4,10.94,10.56,0.38,3.6,25857.85,28092.7711
002030.SZ,20070216,10.25,11.04,10.01,10.56,10.17,0.39,3.83,37297.96,38805.2279
002030.SZ,20070215,9.8,10.28,9.73,10.17,9.75,0.42,4.31,32178.77,32155.7037
002030.SZ,20070214,9.6,9.89,9.52,9.75,9.59,0.16,1.67,23195.02,22577.1909
002030.SZ,20070213,9.78,9.8,9.54,9.59,9.75,-0.16,-1.64,20738.76,19947.9707
002030.SZ,20070212,9.75,9.95,9.53,9.75,9.75,0.0,0.0,40505.58,39432.8804
002030.SZ,20070209,9.42,9.78,9.2,9.75,9.52,0.23,2.42,33575.34,31721.5068
002030.SZ,20070208,9.38,9.79,9.35,9.52,9.27,0.25,2.7,52242.21,49955.8642
002030.SZ,20070207,8.95,9.27,8.86,9.27,8.9,0.37,4.16,42431.64,38394.0709
002030.SZ,20070206,8.85,8.96,8.71,8.9,8.79,0.11,1.25,27078.39,23948.0187
002030.SZ,20070205,8.48,8.84,8.43,8.79,8.48,0.31,3.66,25317.83,22148.2108
002030.SZ,20070202,8.47,8.77,8.35,8.48,8.47,0.01,0.12,21125.17,18011.0843
002030.SZ,20070201,8.32,8.57,8.1,8.47,8.35,0.12,1.44,19519.42,16346.0432
002030.SZ,20070131,8.65,8.96,8.25,8.35,8.65,-0.3,-3.47,25492.81,22150.7787
002030.SZ,20070130,8.85,8.87,8.48,8.65,8.8,-0.15,-1.7,21883.96,19003.3294
002030.SZ,20070129,8.43,8.85,8.3,8.8,8.3,0.5,6.02,30579.82,26490.8089
002030.SZ,20070126,8.41,8.43,7.97,8.3,8.46,-0.16,-1.89,27669.62,22683.1221
002030.SZ,20070125,8.81,8.81,8.44,8.46,8.97,-0.51,-5.69,30996.05,26685.0368
002030.SZ,20070124,8.88,9.12,8.71,8.97,8.91,0.06,0.67,24265.54,21701.2882
002030.SZ,20070123,9.17,9.17,8.58,8.91,9.16,-0.25,-2.73,37078.51,32825.326
002030.SZ,20070122,8.82,9.17,8.6,9.16,8.7,0.46,5.29,45094.01,40442.0837
002030.SZ,20070119,8.62,8.9,8.59,8.7,8.58,0.12,1.4,38043.54,33168.774
002030.SZ,20070118,8.15,8.58,8.15,8.58,8.17,0.41,5.02,38999.26,32668.5524
002030.SZ,20070117,8.1,8.55,8.0,8.17,8.03,0.14,1.74,42224.83,35058.0352
002030.SZ,20070116,7.91,8.08,7.87,8.03,7.87,0.16,2.03,23220.31,18547.3836
002030.SZ,20070115,7.55,7.89,7.51,7.87,7.53,0.34,4.52,15985.21,12453.0443
002030.SZ,20070112,7.9,8.04,7.51,7.53,7.93,-0.4,-5.04,16550.08,12861.8276
002030.SZ,20070111,8.01,8.2,7.86,7.93,7.98,-0.05,-0.63,27300.11,22065.7191
002030.SZ,20070110,7.79,8.05,7.73,7.98,7.84,0.14,1.79,23669.88,18657.7432
002030.SZ,20070109,7.9,7.95,7.74,7.84,7.81,0.03,0.38,15501.99,12165.6341
002030.SZ,20070108,7.54,7.95,7.5,7.81,7.53,0.28,3.72,20987.33,16375.1326
002030.SZ,20070105,7.25,7.54,7.15,7.53,7.25,0.28,3.86,13950.34,10269.86
002030.SZ,20070104,7.22,7.45,7.22,7.25,7.23,0.02,0.28,11769.82,8581.3727
002030.SZ,20061229,7.25,7.39,7.18,7.23,7.25,-0.02,-0.28,11780.01,8549.0966
002030.SZ,20061228,7.55,7.56,7.22,7.25,7.54,-0.29,-3.85,11776.07,8618.6319
002030.SZ,20061227,7.5,7.63,7.46,7.54,7.54,0.0,0.0,9183.53,6904.9887
002030.SZ,20061226,7.61,7.79,7.5,7.54,7.6,-0.06,-0.79,10032.7,7619.3382
002030.SZ,20061225,7.65,7.84,7.58,7.6,7.65,-0.05,-0.65,13327.96,10250.0971
002030.SZ,20061222,7.7,7.89,7.61,7.65,7.79,-0.14,-1.8,11530.88,8905.6447
002030.SZ,20061221,7.9,8.18,7.67,7.79,7.97,-0.18,-2.26,28793.97,22814.3375
002030.SZ,20061220,7.55,8.28,7.53,7.97,7.53,0.44,5.84,59557.83,47320.4137
002030.SZ,20061219,7.41,7.57,7.33,7.53,7.46,0.07,0.94,27630.72,20606.3383
002030.SZ,20061218,7.12,7.56,7.12,7.46,7.12,0.34,4.78,32706.59,24098.2254
002030.SZ,20061215,7.04,7.18,6.99,7.12,7.02,0.1,1.42,9083.35,6447.977
002030.SZ,20061214,7.06,7.08,6.96,7.02,7.02,0.0,0.0,6274.21,4401.3578
002030.SZ,20061213,7.01,7.08,6.95,7.02,7.0,0.02,0.29,5924.22,4143.9337
002030.SZ,20061212,7.05,7.15,6.98,7.0,7.05,-0.05,-0.71,6610.85,4662.1744
002030.SZ,20061211,6.85,7.1,6.81,7.05,6.87,0.18,2.62,5834.41,4065.27
002030.SZ,20061208,7.18,7.18,6.87,6.87,7.21,-0.34,-4.72,12017.4,8421.9014
002030.SZ,20061207,7.24,7.3,7.18,7.21,7.25,-0.04,-0.55,10050.86,7261.1557
002030.SZ,20061206,7.26,7.4,7.11,7.25,7.28,-0.03,-0.41,15865.25,11498.4267
002030.SZ,20061205,7.27,7.33,7.22,7.28,7.31,-0.03,-0.41,12389.04,8999.6312
002030.SZ,20061204,7.15,7.34,7.11,7.31,7.15,0.16,2.24,12442.94,9011.907
002030.SZ,20061201,7.23,7.26,7.11,7.15,7.23,-0.08,-1.11,9648.75,6890.0557
002030.SZ,20061130,7.19,7.33,7.17,7.23,7.19,0.04,0.56,11950.87,8653.6209
002030.SZ,20061129,7.1,7.2,7.09,7.19,7.17,0.02,0.28,8313.39,5935.3986
002030.SZ,20061128,7.15,7.22,7.1,7.17,7.17,0.0,0.0,6928.97,4959.6744
002030.SZ,20061127,7.0,7.17,6.98,7.17,7.0,0.17,2.43,10506.13,7449.5224
002030.SZ,20061124,7.1,7.1,6.95,7.0,7.12,-0.12,-1.69,6879.43,4821.0189
002030.SZ,20061123,7.03,7.17,7.03,7.12,7.04,0.08,1.14,5079.18,3597.9518
002030.SZ,20061122,6.9,7.18,6.9,7.04,6.99,0.05,0.72,7449.88,5235.9429
002030.SZ,20061121,6.93,7.05,6.83,6.99,6.91,0.08,1.16,6595.01,4581.9589
002030.SZ,20061120,6.99,7.02,6.82,6.91,6.99,-0.08,-1.14,4638.75,3190.2902
002030.SZ,20061117,6.8,7.07,6.8,6.99,6.86,0.13,1.9,4344.65,3023.5219
002030.SZ,20061116,7.02,7.07,6.8,6.86,7.08,-0.22,-3.11,6520.11,4507.8825
002030.SZ,20061115,6.95,7.1,6.83,7.08,6.95,0.13,1.87,4637.91,3239.9703
002030.SZ,20061114,6.9,6.97,6.72,6.95,6.91,0.04,0.58,5751.38,3933.4802
002030.SZ,20061113,7.06,7.14,6.9,6.91,7.14,-0.23,-3.22,6271.35,4392.4415
002030.SZ,20061110,7.28,7.35,7.02,7.14,7.28,-0.14,-1.92,4148.09,2983.024
002030.SZ,20061109,7.35,7.35,7.24,7.28,7.3,-0.02,-0.27,4228.61,3076.1823
002030.SZ,20061108,7.32,7.35,7.22,7.3,7.35,-0.05,-0.68,4487.85,3274.4904
002030.SZ,20061107,7.44,7.48,7.29,7.35,7.43,-0.08,-1.08,5945.35,4380.6234
002030.SZ,20061106,7.39,7.48,7.32,7.43,7.43,0.0,0.0,5195.74,3833.3665
002030.SZ,20061103,7.4,7.51,7.36,7.43,7.31,0.12,1.64,8139.72,6052.3964
002030.SZ,20061102,7.37,7.38,7.25,7.31,7.37,-0.06,-0.81,4068.65,2981.5043
002030.SZ,20061101,7.32,7.42,7.32,7.37,7.31,0.06,0.82,5132.44,3778.0302
002030.SZ,20061031,7.27,7.31,7.18,7.31,7.27,0.04,0.55,3570.34,2593.4081
002030.SZ,20061030,7.25,7.28,7.11,7.27,7.26,0.01,0.14,4070.26,2923.8229
002030.SZ,20061027,7.41,7.42,7.2,7.26,7.42,-0.16,-2.16,6676.32,4860.0568
002030.SZ,20061026,7.5,7.52,7.4,7.42,7.42,0.0,0.0,5699.69,4240.8893
002030.SZ,20061025,7.52,7.53,7.36,7.42,7.52,-0.1,-1.33,5225.5,3883.6969
002030.SZ,20061024,7.36,7.54,7.36,7.52,7.35,0.17,2.31,7399.9,5502.3894
002030.SZ,20061023,7.68,7.78,7.31,7.35,7.81,-0.46,-5.89,9228.88,6971.4542
002030.SZ,20061020,7.92,8.0,7.8,7.81,7.89,-0.08,-1.01,5789.89,4565.5405
002030.SZ,20061019,7.74,7.97,7.74,7.89,7.73,0.16,2.07,7668.98,6051.5853
002030.SZ,20061018,7.72,7.79,7.68,7.73,7.72,0.01,0.13,4171.7,3224.9365
002030.SZ,20061017,7.78,7.85,7.69,7.72,7.85,-0.13,-1.66,6610.35,5140.6942
002030.SZ,20061016,7.89,7.9,7.76,7.85,7.89,-0.04,-0.51,4671.7,3649.6414
002030.SZ,20061013,7.75,7.93,7.74,7.89,7.75,0.14,1.81,7598.06,5974.3789
002030.SZ,20061012,7.98,7.98,7.74,7.75,7.91,-0.16,-2.02,5868.0,4590.2592
002030.SZ,20061011,7.85,7.92,7.73,7.91,7.81,0.1,1.28,6863.1,5372.3343
002030.SZ,20061010,7.94,7.94,7.73,7.81,7.94,-0.13,-1.64,9935.41,7770.4311
002030.SZ,20061009,7.8,8.06,7.8,7.94,7.8,0.14,1.79,13789.47,10948.4349
002030.SZ,20060929,7.72,7.84,7.72,7.8,7.73,0.07,0.91,10367.33,8074.6961
002030.SZ,20060928,7.58,7.82,7.52,7.73,7.58,0.15,1.98,11833.31,9125.5749
002030.SZ,20060927,7.55,7.59,7.43,7.58,7.55,0.03,0.4,5326.4,3994.3544
002030.SZ,20060926,7.62,7.7,7.5,7.55,7.67,-0.12,-1.56,5250.0,3990.8987
002030.SZ,20060925,7.63,7.74,7.56,7.67,7.6,0.07,0.92,9337.02,7161.8379
002030.SZ,20060922,7.63,7.67,7.51,7.6,7.63,-0.03,-0.39,7261.05,5509.2203
002030.SZ,20060921,7.58,7.68,7.48,7.63,7.58,0.05,0.66,10379.31,7885.7373
002030.SZ,20060920,7.48,7.67,7.4,7.58,7.47,0.11,1.47,10823.07,8185.3378
002030.SZ,20060919,7.55,7.56,7.43,7.47,7.5,-0.03,-0.4,5923.27,4440.839
002030.SZ,20060918,7.42,7.51,7.38,7.5,7.42,0.08,1.08,5232.39,3896.4305
002030.SZ,20060915,7.38,7.44,7.25,7.42,7.29,0.13,1.78,7065.25,5201.9124
002030.SZ,20060914,7.4,7.5,7.22,7.29,7.43,-0.14,-1.88,5455.7,3988.1191
002030.SZ,20060913,7.55,7.55,7.41,7.43,7.5,-0.07,-0.93,4224.38,3158.1917
002030.SZ,20060912,7.44,7.57,7.41,7.5,7.43,0.07,0.94,3338.87,2499.3268
002030.SZ,20060911,7.52,7.55,7.36,7.43,7.53,-0.1,-1.33,4005.98,2968.3459
002030.SZ,20060908,7.44,7.6,7.42,7.53,7.48,0.05,0.67,4755.83,3571.5744
002030.SZ,20060907,7.7,7.7,7.43,7.48,7.68,-0.2,-2.6,5004.65,3764.1733
002030.SZ,20060906,7.8,7.8,7.64,7.68,7.7,-0.02,-0.26,3097.52,2383.6378
002030.SZ,20060905,7.8,7.8,7.66,7.7,7.84,-0.14,-1.79,5541.87,4267.4027
002030.SZ,20060904,7.57,7.85,7.44,7.84,7.5,0.34,4.53,15554.63,11992.7442
002030.SZ,20060901,7.5,7.57,7.35,7.5,7.49,0.01,0.13,7318.37,5481.9971
002030.SZ,20060831,7.56,7.6,7.44,7.49,7.55,-0.06,-0.79,6554.18,4907.7773
002030.SZ,20060830,7.5,7.6,7.42,7.55,7.49,0.06,0.8,4807.57,3610.3013
002030.SZ,20060829,7.56,7.7,7.49,7.49,7.52,-0.03,-0.4,10865.8,8242.5597
002030.SZ,20060828,7.45,7.54,7.4,7.52,7.45,0.07,0.94,6875.28,5154.2133
002030.SZ,20060825,7.55,7.58,7.43,7.45,7.59,-0.14,-1.84,4863.17,3642.5558
002030.SZ,20060824,7.53,7.64,7.4,7.59,7.49,0.1,1.34,9662.36,7282.6831
002030.SZ,20060823,7.3,7.59,7.3,7.49,7.43,0.06,0.81,9808.81,7314.1014
002030.SZ,20060822,7.13,7.43,7.12,7.43,7.18,0.25,3.48,9346.88,6819.7822
002030.SZ,20060821,7.05,7.22,6.85,7.18,7.18,0.0,0.0,4155.54,2932.8669
002030.SZ,20060818,7.16,7.22,7.14,7.18,7.17,0.01,0.14,2534.48,1820.6312
002030.SZ,20060817,7.28,7.28,7.13,7.17,7.28,-0.11,-1.51,3058.57,2188.703
002030.SZ,20060816,7.14,7.29,7.14,7.28,7.19,0.09,1.25,4261.52,3087.1132
002030.SZ,20060815,7.09,7.23,7.02,7.19,7.09,0.1,1.41,4273.8,3047.8204
002030.SZ,20060814,7.4,7.4,7.08,7.09,7.35,-0.26,-3.54,3954.23,2843.0196
002030.SZ,20060811,7.29,7.39,7.23,7.35,7.26,0.09,1.24,4801.02,3511.6581
002030.SZ,20060810,7.16,7.28,7.14,7.26,7.15,0.11,1.54,4739.66,3418.49
002030.SZ,20060809,7.25,7.26,7.1,7.15,7.24,-0.09,-1.24,3386.64,2434.877
002030.SZ,20060808,7.11,7.25,7.06,7.24,7.06,0.18,2.55,4445.08,3187.4287
002030.SZ,20060807,7.18,7.19,7.01,7.06,7.18,-0.12,-1.67,5700.92,4052.4678
002030.SZ,20060804,7.53,7.59,7.16,7.18,7.59,-0.41,-5.4,6448.75,4750.2355
002030.SZ,20060803,7.64,7.76,7.53,7.59,7.45,0.14,1.88,8669.3,6647.3085
002030.SZ,20060802,7.63,7.63,7.3,7.45,7.5,-0.05,-0.67,4135.65,3070.1974
002030.SZ,20060801,7.52,7.68,7.32,7.5,7.62,-0.12,-1.57,5084.78,3844.618
002030.SZ,20060731,8.12,8.13,7.6,7.62,8.12,-0.5,-6.16,8105.14,6285.8608
002030.SZ,20060728,8.0,8.15,7.99,8.12,8.04,0.08,1.0,8387.55,6783.0323
002030.SZ,20060727,8.25,8.27,7.99,8.04,8.26,-0.22,-2.66,8784.42,7120.0378
002030.SZ,20060726,8.05,8.29,7.94,8.26,8.0,0.26,3.25,11696.5,9493.9984
002030.SZ,20060725,7.91,8.07,7.88,8.0,7.91,0.09,1.14,8374.49,6692.3857
002030.SZ,20060724,8.0,8.04,7.75,7.91,8.04,-0.13,-1.62,12591.42,9864.2106
002030.SZ,20060721,8.0,8.09,7.92,8.04,7.94,0.1,1.26,8056.62,6450.1469
002030.SZ,20060720,8.06,8.15,7.93,7.94,8.07,-0.13,-1.61,13898.02,11121.1842
002030.SZ,20060719,8.25,8.25,8.03,8.07,8.3,-0.23,-2.77,11497.39,9340.0931
002030.SZ,20060718,8.25,8.4,8.15,8.3,8.29,0.01,0.12,7734.07,6373.4679
002030.SZ,20060717,8.3,8.3,8.11,8.29,8.2,0.09,1.1,10442.82,8577.377
002030.SZ,20060714,8.2,8.36,8.1,8.2,8.25,-0.05,-0.61,14580.72,12025.0461
002030.SZ,20060713,8.94,8.95,8.21,8.25,8.96,-0.71,-7.92,27597.14,23552.7624
002030.SZ,20060712,9.28,9.28,8.88,8.96,9.28,-0.32,-3.45,16872.55,15389.0948
002030.SZ,20060711,9.32,9.32,9.1,9.28,9.35,-0.07,-0.75,16907.95,15565.3972
002030.SZ,20060710,9.2,9.45,9.18,9.35,9.2,0.15,1.63,22733.09,21197.5141
002030.SZ,20060707,9.28,9.28,9.0,9.2,9.24,-0.04,-0.43,16410.89,14984.4383
002030.SZ,20060706,8.89,9.28,8.82,9.24,8.9,0.34,3.82,28770.18,26206.3681
002030.SZ,20060705,9.02,9.03,8.61,8.9,9.04,-0.14,-1.55,20245.89,17868.3031
002030.SZ,20060704,8.85,9.3,8.85,9.04,8.8,0.24,2.73,54309.59,49275.8955
002030.SZ,20060703,8.6,8.82,8.45,8.8,8.62,0.18,2.09,28111.96,24306.5666
002030.SZ,20060630,8.73,8.85,8.59,8.62,8.71,-0.09,-1.03,13883.2,12063.9837
002030.SZ,20060629,8.63,8.79,8.6,8.71,8.63,0.08,0.93,17940.78,15618.3237
002030.SZ,20060628,8.6,8.76,8.6,8.63,8.58,0.05,0.58,9925.42,8617.663
002030.SZ,20060627,8.72,8.72,8.53,8.58,8.72,-0.14,-1.61,9313.47,8009.98
002030.SZ,20060626,8.5,8.79,8.5,8.72,8.56,0.16,1.87,12266.69,10620.9972
002030.SZ,20060623,8.5,8.61,8.35,8.56,8.6,-0.04,-0.47,10565.51,8955.9314
002030.SZ,20060622,8.63,8.76,8.4,8.6,8.69,-0.09,-1.04,12706.07,10861.928
002030.SZ,20060621,8.62,8.95,8.62,8.69,8.56,0.13,1.52,29826.61,26189.3559
002030.SZ,20060620,8.4,8.65,8.4,8.56,8.53,0.03,0.35,14147.9,12021.6614
002030.SZ,20060619,8.57,8.78,8.43,8.53,8.69,-0.16,-1.84,19493.94,16756.8876
002030.SZ,20060616,8.45,8.7,8.37,8.69,8.32,0.37,4.45,23560.96,20162.1859
002030.SZ,20060615,8.18,8.48,8.12,8.32,8.15,0.17,2.09,13789.2,11476.8361
002030.SZ,20060614,8.33,8.33,8.05,8.15,8.25,-0.1,-1.21,9383.82,7607.6397
002030.SZ,20060613,8.13,8.36,8.04,8.25,8.14,0.11,1.35,13090.98,10747.4625
002030.SZ,20060612,8.15,8.23,8.02,8.14,8.19,-0.05,-0.61,10209.38,8301.1018
002030.SZ,20060609,8.4,8.45,8.15,8.19,8.41,-0.22,-2.62,16526.13,13701.6021
002030.SZ,20060608,8.01,8.47,7.89,8.41,8.28,0.13,1.57,25517.28,20798.5802
002030.SZ,20060607,9.19,9.19,8.28,8.28,9.2,-0.92,-10.0,36072.57,31131.6905
002030.SZ,20060606,9.41,9.55,9.1,9.2,9.6,-0.4,-4.17,32207.33,29838.4532
002030.SZ,20060605,9.43,9.73,9.1,9.6,9.3,0.3,3.23,56385.88,53338.4705
002030.SZ,20060602,8.8,9.3,8.55,9.3,8.81,0.49,5.56,56678.66,50095.7561
002030.SZ,20060601,8.25,8.9,8.2,8.81,8.28,0.53,6.4,53232.8,46271.5241
002030.SZ,20060531,8.47,8.63,8.19,8.28,8.5,-0.22,-2.59,27341.74,22893.5287
002030.SZ,20060530,8.48,8.5,8.19,8.5,8.5,0.0,0.0,31167.98,26018.2798
002030.SZ,20060529,8.63,8.74,8.3,8.5,8.44,0.06,0.71,33274.01,28252.6547
002030.SZ,20060526,8.01,8.5,8.01,8.44,7.85,0.59,7.52,49965.6,41775.7777
002030.SZ,20060525,7.56,7.97,7.48,7.85,7.64,0.21,2.75,20092.36,15600.466
002030.SZ,20060524,8.02,8.19,7.28,7.64,7.95,-0.31,-3.9,32215.01,24950.1501
002030.SZ,20060523,8.55,8.55,7.89,7.95,8.6,-0.65,-7.56,38730.57,31651.3109
002030.SZ,20060522,8.35,8.95,8.22,8.6,8.14,0.46,5.65,65926.76,56816.7826
002030.SZ,20060519,7.45,8.14,7.44,8.14,7.4,0.74,10.0,52427.19,41301.2103
002030.SZ,20060518,7.6,7.6,7.16,7.4,7.57,-0.17,-2.25,26111.3,19175.5935
002030.SZ,20060517,7.61,7.91,7.43,7.57,7.65,-0.08,-1.05,29160.91,22168.0058
002030.SZ,20060516,11.83,12.39,11.51,11.73,11.87,-0.14,-1.18,29143.27,34875.3661
002030.SZ,20060515,11.5,11.94,11.2,11.87,11.13,0.74,6.65,26569.06,30642.1576
002030.SZ,20060512,10.85,11.2,10.85,11.13,10.69,0.44,4.12,15898.37,17540.3815
002030.SZ,20060511,11.05,11.28,10.68,10.69,11.04,-0.35,-3.17,20646.11,22727.2206
002030.SZ,20060510,11.01,11.3,10.81,11.04,10.73,0.31,2.89,23143.73,25619.5689
002030.SZ,20060509,10.4,10.96,10.26,10.73,10.39,0.34,3.27,23500.81,24994.7722
002030.SZ,20060508,10.21,10.49,10.1,10.39,10.23,0.16,1.56,14145.66,14615.7783
002030.SZ,20060428,9.75,10.5,9.42,10.23,9.81,0.42,4.28,17975.96,18209.0122
002030.SZ,20060427,10.1,10.18,9.72,9.81,10.0,-0.19,-1.9,8592.6,8489.0533
002030.SZ,20060426,9.68,10.18,9.6,10.0,9.7,0.3,3.09,10940.45,10912.762
002030.SZ,20060425,9.85,9.94,9.4,9.7,10.05,-0.35,-3.48,13460.75,13011.4941
002030.SZ,20060424,10.33,10.35,9.93,10.05,10.35,-0.3,-2.9,15887.1,15965.9158
002030.SZ,20060421,10.11,10.51,9.83,10.35,10.14,0.21,2.07,18562.63,18877.9448
002030.SZ,20060420,10.38,10.38,10.05,10.14,10.38,-0.24,-2.31,16442.56,16676.0614
002030.SZ,20060419,10.18,10.57,10.04,10.38,10.23,0.15,1.47,19168.91,19822.6198
002030.SZ,20060418,10.51,10.75,10.2,10.23,10.15,0.08,0.79,40764.15,42485.4464
002030.SZ,20060414,9.31,10.15,9.29,10.15,9.35,0.8,8.56,23304.08,22908.0923
002030.SZ,20060413,9.6,9.88,9.3,9.35,9.64,-0.29,-3.01,15751.43,15198.7328
002030.SZ,20060412,9.48,9.81,9.4,9.64,9.45,0.19,2.01,15552.61,14994.6641
002030.SZ,20060411,9.57,9.57,9.37,9.45,9.53,-0.08,-0.84,8716.52,8252.2372
002030.SZ,20060410,9.2,9.55,9.18,9.53,9.17,0.36,3.93,15005.26,14144.8315
002030.SZ,20060407,9.2,9.27,9.11,9.17,9.25,-0.08,-0.86,7418.31,6813.9017
002030.SZ,20060406,9.39,9.43,9.21,9.25,9.4,-0.15,-1.6,8007.8,7449.5752
002030.SZ,20060405,9.2,9.43,9.15,9.4,9.2,0.2,2.17,15769.47,14742.9738
002030.SZ,20060404,9.24,9.26,9.08,9.2,9.24,-0.04,-0.43,8580.47,7859.5808
002030.SZ,20060403,8.93,9.24,8.9,9.24,8.91,0.33,3.7,13782.62,12529.5236
002030.SZ,20060331,8.99,8.99,8.88,8.91,9.0,-0.09,-1.0,7149.49,6378.393
002030.SZ,20060330,9.16,9.16,8.94,9.0,9.16,-0.16,-1.75,6065.81,5486.3558
002030.SZ,20060329,9.19,9.27,9.13,9.16,9.18,-0.02,-0.22,5556.55,5104.8539
002030.SZ,20060328,9.19,9.32,9.1,9.18,9.25,-0.07,-0.76,6421.89,5918.9517
002030.SZ,20060327,9.3,9.4,9.09,9.25,9.24,0.01,0.11,9333.41,8583.2519
002030.SZ,20060324,9.14,9.25,9.0,9.24,9.14,0.1,1.09,11025.24,10108.6209
002030.SZ,20060323,8.98,9.19,8.95,9.14,8.87,0.27,3.04,10732.27,9797.6187
002030.SZ,20060322,8.85,8.92,8.76,8.87,8.89,-0.02,-0.23,4791.63,4233.025
002030.SZ,20060321,8.93,8.98,8.85,8.89,8.93,-0.04,-0.45,4601.1,4100.5823
002030.SZ,20060320,8.89,8.95,8.71,8.93,8.85,0.08,0.9,6350.97,5626.6861
002030.SZ,20060317,8.73,9.09,8.73,8.85,8.65,0.2,2.31,14729.73,13189.7143
002030.SZ,20060316,8.58,8.7,8.56,8.65,8.58,0.07,0.82,4138.97,3572.7735
002030.SZ,20060315,8.55,8.63,8.51,8.58,8.6,-0.02,-0.23,3283.39,2818.1106
002030.SZ,20060314,8.47,8.63,8.33,8.6,8.4,0.2,2.38,4329.58,3693.1281
002030.SZ,20060313,8.22,8.46,8.22,8.4,8.29,0.11,1.33,2410.86,2023.3874
002030.SZ,20060310,8.29,8.36,8.25,8.29,8.29,0.0,0.0,1487.41,1234.399
002030.SZ,20060309,8.34,8.34,8.23,8.29,8.28,0.01,0.12,1621.78,1342.5904
002030.SZ,20060308,8.17,8.3,8.12,8.28,8.17,0.11,1.35,2768.73,2273.0808
002030.SZ,20060307,8.5,8.51,8.13,8.17,8.51,-0.34,-4.0,3756.3,3117.5865
002030.SZ,20060306,8.5,8.55,8.45,8.51,8.51,0.0,0.0,2017.15,1711.9162
002030.SZ,20060303,8.42,8.52,8.38,8.51,8.41,0.1,1.19,4207.89,3555.4168
002030.SZ,20060302,8.66,8.69,8.39,8.41,8.7,-0.29,-3.33,5472.45,4692.7983
002030.SZ,20060301,8.5,8.74,8.5,8.7,8.65,0.05,0.58,3714.54,3224.1935
002030.SZ,20060228,8.5,8.68,8.46,8.65,8.58,0.07,0.82,2921.33,2494.7923
002030.SZ,20060227,8.76,8.78,8.56,8.58,8.72,-0.14,-1.61,3257.4,2810.7999
002030.SZ,20060224,8.56,8.75,8.53,8.72,8.56,0.16,1.87,5014.97,4342.0372
002030.SZ,20060223,8.52,8.57,8.45,8.56,8.52,0.04,0.47,2672.68,2269.9119
002030.SZ,20060222,8.63,8.63,8.5,8.52,8.62,-0.1,-1.16,3996.78,3420.0232
002030.SZ,20060221,8.4,8.63,8.38,8.62,8.4,0.22,2.62,7228.03,6140.3434
002030.SZ,20060220,8.9,8.93,8.38,8.4,8.92,-0.52,-5.83,14947.5,12846.6909
002030.SZ,20060217,9.0,9.2,8.91,8.92,8.98,-0.06,-0.67,3500.0,3164.7235
002030.SZ,20060216,9.3,9.3,8.98,8.98,9.34,-0.36,-3.85,8775.11,7973.397
002030.SZ,20060215,9.5,9.57,9.3,9.34,9.46,-0.12,-1.27,6206.04,5851.4952
002030.SZ,20060214,9.37,9.49,9.35,9.46,9.34,0.12,1.28,6644.89,6271.1866
002030.SZ,20060213,9.34,9.39,9.18,9.34,9.34,0.0,0.0,5321.45,4941.3779
002030.SZ,20060210,9.15,9.35,9.08,9.34,9.09,0.25,2.75,6510.25,6008.2147
002030.SZ,20060209,9.29,9.29,9.08,9.09,9.25,-0.16,-1.73,3695.35,3384.9754
002030.SZ,20060208,9.12,9.27,8.95,9.25,9.16,0.09,0.98,7627.94,6908.6334
002030.SZ,20060207,9.48,9.48,9.0,9.16,9.53,-0.37,-3.88,16263.6,14916.3577
002030.SZ,20060206,9.3,9.6,9.3,9.53,9.3,0.23,2.47,6148.45,5838.3875
002030.SZ,20060125,9.25,9.43,9.18,9.3,9.24,0.06,0.65,8410.54,7799.5156
002030.SZ,20060124,9.3,9.43,9.24,9.24,9.33,-0.09,-0.96,9418.97,8777.2982
002030.SZ,20060123,9.6,9.62,9.18,9.33,9.61,-0.28,-2.91,10870.3,10119.4593
002030.SZ,20060120,9.8,9.84,9.44,9.61,9.79,-0.18,-1.84,11107.41,10622.5802
002030.SZ,20060119,9.9,9.95,9.67,9.79,9.86,-0.07,-0.71,7044.9,6879.1497
002030.SZ,20060118,9.6,9.86,9.53,9.86,9.6,0.26,2.71,8120.69,7874.6756
002030.SZ,20060117,9.61,9.9,9.51,9.6,9.62,-0.02,-0.21,8786.35,8542.8077
002030.SZ,20060116,9.54,9.94,9.43,9.62,9.58,0.04,0.42,14256.7,13850.9227
002030.SZ,20060113,9.6,9.67,9.4,9.58,9.52,0.06,0.63,10706.28,10202.9977
002030.SZ,20060112,9.1,9.59,9.1,9.52,9.18,0.34,3.7,15709.37,14878.5321
002030.SZ,20060111,9.38,9.43,9.17,9.18,9.45,-0.27,-2.86,12239.55,11375.2227
002030.SZ,20060110,9.19,9.58,9.19,9.45,9.07,0.38,4.19,35464.79,33378.3348
002030.SZ,20060106,9.05,9.14,8.91,9.07,9.03,0.04,0.44,10145.97,9163.7903
002030.SZ,20060105,8.95,9.05,8.84,9.03,8.9,0.13,1.46,7685.86,6896.9172
002030.SZ,20060104,8.86,8.91,8.7,8.9,8.85,0.05,0.57,6384.54,5626.138
002030.SZ,20051230,9.0,9.05,8.79,8.85,9.02,-0.17,-1.88,6184.23,5497.9586
002030.SZ,20051229,9.04,9.13,8.96,9.02,9.06,-0.04,-0.44,8640.52,7811.9941
002030.SZ,20051228,8.89,9.07,8.81,9.06,8.93,0.13,1.46,11318.8,10178.2636
002030.SZ,20051227,8.95,8.95,8.83,8.93,8.95,-0.02,-0.22,3808.69,3380.9787
002030.SZ,20051226,8.81,8.97,8.71,8.95,8.83,0.12,1.36,11238.01,9951.5216
002030.SZ,20051223,8.9,8.9,8.69,8.83,8.83,0.0,0.0,5116.81,4488.1513
002030.SZ,20051222,8.65,8.9,8.64,8.83,8.71,0.12,1.38,4356.97,3826.2802
002030.SZ,20051221,8.82,8.87,8.69,8.71,8.86,-0.15,-1.69,4895.3,4287.2124
002030.SZ,20051220,8.92,8.98,8.77,8.86,8.98,-0.12,-1.34,5734.62,5068.9493
002030.SZ,20051219,9.01,9.06,8.91,8.98,9.06,-0.08,-0.88,2926.61,2627.6076
002030.SZ,20051216,8.9,9.08,8.86,9.06,8.91,0.15,1.68,5669.2,5082.7139
002030.SZ,20051215,9.15,9.15,8.9,8.91,9.09,-0.18,-1.98,8731.24,7900.5809
002030.SZ,20051214,8.94,9.12,8.86,9.09,8.96,0.13,1.45,7747.86,7019.6438
002030.SZ,20051213,9.05,9.05,8.88,8.96,9.1,-0.14,-1.54,9212.5,8241.9666
002030.SZ,20051212,8.93,9.18,8.93,9.1,8.74,0.36,4.12,28822.28,26058.5449
002030.SZ,20051209,8.51,8.75,8.45,8.74,8.55,0.19,2.22,6963.59,6033.1732
002030.SZ,20051208,8.48,8.6,8.35,8.55,8.43,0.12,1.42,5783.93,4888.2588
002030.SZ,20051207,8.41,8.54,8.4,8.43,8.4,0.03,0.36,3814.9,3227.1396
002030.SZ,20051206,8.49,8.6,8.38,8.4,8.54,-0.14,-1.64,8475.45,7167.2012
002030.SZ,20051205,8.87,8.93,8.52,8.54,8.94,-0.4,-4.47,7809.26,6766.2365
002030.SZ,20051202,8.9,9.0,8.8,8.94,8.92,0.02,0.22,9620.24,8535.7288
002030.SZ,20051201,9.19,9.19,8.86,8.92,9.24,-0.32,-3.46,13069.01,11745.1012
002030.SZ,20051130,9.06,9.3,8.92,9.24,8.94,0.3,3.36,23807.19,21780.6775
002030.SZ,20051129,8.78,9.15,8.78,8.94,8.77,0.17,1.94,24402.45,21916.437
002030.SZ,20051128,8.81,8.87,8.57,8.77,8.82,-0.05,-0.57,7555.9,6570.4108
002030.SZ,20051125,8.87,8.95,8.73,8.82,8.88,-0.06,-0.68,8895.37,7849.1831
002030.SZ,20051124,8.7,8.96,8.7,8.88,8.78,0.1,1.14,11336.0,10048.5734
002030.SZ,20051123,8.6,8.94,8.56,8.78,8.68,0.1,1.15,13195.64,11637.1725
002030.SZ,20051122,8.6,8.95,8.6,8.68,8.58,0.1,1.17,23742.35,20881.267
002030.SZ,20051121,8.52,8.79,8.46,8.58,8.72,-0.14,-1.61,22236.81,19159.1985
002030.SZ,20051118,8.06,8.91,8.01,8.72,10.0,-1.28,-12.8,39077.41,33191.0632
002030.SZ,20051102,10.2,10.3,9.93,10.0,10.21,-0.21,-2.06,9249.54,9371.6246
002030.SZ,20051101,10.23,10.33,10.15,10.21,10.2,0.01,0.1,4954.22,5071.21
002030.SZ,20051031,10.0,10.21,9.91,10.2,10.02,0.18,1.8,5476.07,5498.606
002030.SZ,20051028,10.74,10.74,9.85,10.02,10.59,-0.57,-5.38,4960.72,5095.9978
002030.SZ,20051027,10.47,10.62,10.35,10.59,10.52,0.07,0.67,4343.96,4571.3285
002030.SZ,20051026,10.51,10.78,10.32,10.52,10.51,0.01,0.1,7061.86,7493.3286
002030.SZ,20051025,11.05,11.15,10.49,10.51,11.05,-0.54,-4.89,8719.11,9354.2004
002030.SZ,20051024,11.18,11.29,10.88,11.05,11.26,-0.21,-1.87,4864.81,5380.5991
002030.SZ,20051021,11.48,11.48,11.09,11.26,11.6,-0.34,-2.93,10421.11,11661.1196
002030.SZ,20051020,11.23,11.7,11.08,11.6,12.05,-0.45,-3.73,19395.86,22136.7692
002030.SZ,20050916,12.31,12.36,12.04,12.05,12.38,-0.33,-2.67,13894.99,16919.9056
002030.SZ,20050915,11.94,12.45,11.94,12.38,11.9,0.48,4.03,19242.79,23594.9149
002030.SZ,20050914,11.95,11.95,11.7,11.9,11.91,-0.01,-0.08,5810.05,6873.6654
002030.SZ,20050913,11.81,11.98,11.65,11.91,11.94,-0.03,-0.25,5865.31,6922.2504
002030.SZ,20050912,12.01,12.01,11.61,11.94,12.01,-0.07,-0.58,6544.99,7722.2689
002030.SZ,20050909,12.0,12.29,11.86,12.01,12.08,-0.07,-0.58,9755.1,11814.284
002030.SZ,20050908,11.97,12.48,11.8,12.08,11.97,0.11,0.92,12620.33,15299.318
002030.SZ,20050907,11.5,11.97,11.41,11.97,11.5,0.47,4.09,8677.11,10137.8321
002030.SZ,20050906,11.9,11.96,11.45,11.5,11.88,-0.38,-3.2,11502.1,13586.0993
002030.SZ,20050905,11.97,11.97,11.65,11.88,11.75,0.13,1.11,11145.1,13207.6339
002030.SZ,20050902,11.4,11.88,11.4,11.75,11.39,0.36,3.16,18392.01,21611.1131
002030.SZ,20050901,11.0,11.43,10.99,11.39,10.99,0.4,3.64,9296.68,10483.0578
002030.SZ,20050831,10.7,11.07,10.7,10.99,10.67,0.32,3.0,5472.48,5985.1381
002030.SZ,20050830,10.75,10.85,10.61,10.67,10.76,-0.09,-0.84,2937.76,3147.4879
002030.SZ,20050829,11.1,11.15,10.68,10.76,11.1,-0.34,-3.06,5723.9,6225.0705
002030.SZ,20050826,10.78,11.16,10.78,11.1,10.86,0.24,2.21,8507.87,9351.7704
002030.SZ,20050825,10.74,10.89,10.62,10.86,10.8,0.06,0.56,5035.72,5407.8931
002030.SZ,20050824,10.68,10.97,10.63,10.8,10.62,0.18,1.69,6907.37,7488.2217
002030.SZ,20050823,10.68,10.75,10.41,10.62,10.7,-0.08,-0.75,4715.79,4988.729
002030.SZ,20050822,10.41,10.8,10.41,10.7,10.55,0.15,1.42,5078.09,5389.2972
002030.SZ,20050819,10.8,10.98,10.31,10.55,10.8,-0.25,-2.31,11325.77,12071.937
002030.SZ,20050818,11.8,11.81,10.68,10.8,11.8,-1.0,-8.47,17034.96,19458.5144
002030.SZ,20050817,11.35,11.94,11.23,11.8,11.42,0.38,3.33,20425.14,23855.6579
002030.SZ,20050816,11.8,11.88,11.38,11.42,11.68,-0.26,-2.23,13664.0,15829.6528
002030.SZ,20050815,11.0,11.68,11.0,11.68,11.0,0.68,6.18,22869.32,26255.7458
002030.SZ,20050812,11.25,11.36,10.91,11.0,11.25,-0.25,-2.22,10706.65,11967.5613
002030.SZ,20050811,11.36,11.36,11.03,11.25,11.34,-0.09,-0.79,11092.72,12410.0513
002030.SZ,20050810,11.2,11.36,10.88,11.34,11.16,0.18,1.61,11740.39,13078.0576
002030.SZ,20050809,11.0,11.3,10.84,11.16,11.02,0.14,1.27,11588.17,12826.5767
002030.SZ,20050808,11.08,11.56,10.88,11.02,10.75,0.27,2.51,22728.99,25441.6961
002030.SZ,20050805,10.23,10.9,10.23,10.75,10.2,0.55,5.39,14926.31,15843.3672
002030.SZ,20050804,10.16,10.45,10.02,10.2,10.18,0.02,0.2,6677.99,6878.2091
002030.SZ,20050803,10.24,10.34,10.02,10.18,10.13,0.05,0.49,7781.09,7937.9875
002030.SZ,20050802,10.26,10.26,9.91,10.13,10.23,-0.1,-0.98,5832.57,5869.3729
002030.SZ,20050801,10.0,10.33,10.0,10.23,10.0,0.23,2.3,4203.66,4286.8256
002030.SZ,20050729,10.06,10.16,9.91,10.0,10.1,-0.1,-0.99,5152.79,5162.0241
002030.SZ,20050728,10.09,10.35,10.0,10.1,10.05,0.05,0.5,13800.79,14021.9851
002030.SZ,20050727,9.5,10.05,9.49,10.05,9.6,0.45,4.69,8403.16,8239.9244
002030.SZ,20050726,9.28,9.75,9.28,9.6,9.41,0.19,2.02,4424.15,4254.126
002030.SZ,20050725,9.68,9.71,9.3,9.41,9.7,-0.29,-2.99,4450.24,4204.6316
002030.SZ,20050722,9.56,9.87,9.26,9.7,9.35,0.35,3.74,7406.62,7121.7199
002030.SZ,20050721,9.49,9.49,9.22,9.35,9.49,-0.14,-1.48,2817.8,2623.7452
002030.SZ,20050720,9.49,9.66,9.31,9.49,9.43,0.06,0.64,2492.27,2367.5856
002030.SZ,20050719,9.43,9.55,9.34,9.43,9.4,0.03,0.32,2036.0,1922.639
002030.SZ,20050718,9.11,9.47,9.11,9.4,9.36,0.04,0.43,3347.44,3119.4291
002030.SZ,20050715,9.74,9.84,9.26,9.36,9.74,-0.38,-3.9,4710.42,4453.8062
002030.SZ,20050714,9.76,9.98,9.67,9.74,9.88,-0.14,-1.42,4992.61,4901.376
002030.SZ,20050713,9.69,10.07,9.5,9.88,9.69,0.19,1.96,12650.12,12520.1368
002030.SZ,20050712,8.86,9.8,8.86,9.69,9.09,0.6,6.6,6752.36,6388.1643
002030.SZ,20050711,9.35,9.7,9.09,9.09,9.1,-0.01,-0.11,5930.8,5551.5827
002030.SZ,20050708,9.5,9.51,9.02,9.1,9.57,-0.47,-4.91,4221.45,3878.4099
002030.SZ,20050707,9.5,9.65,9.42,9.57,9.52,0.05,0.53,3230.62,3083.1767
002030.SZ,20050706,9.8,10.0,9.38,9.52,9.74,-0.22,-2.26,4905.92,4764.7589
002030.SZ,20050705,9.69,10.02,9.69,9.74,9.84,-0.1,-1.02,5656.77,5593.4958
002030.SZ,20050704,9.68,9.86,9.6,9.84,9.73,0.11,1.13,5476.21,5329.5291
002030.SZ,20050701,10.38,10.45,9.72,9.73,10.38,-0.65,-6.26,8513.5,8539.7723
002030.SZ,20050630,10.51,10.65,10.36,10.38,10.56,-0.18,-1.7,7106.61,7428.8742
002030.SZ,20050629,10.76,11.0,10.51,10.56,10.76,-0.2,-1.86,6541.68,7045.0748
002030.SZ,20050628,10.95,11.05,10.76,10.76,11.19,-0.43,-3.84,9279.8,10096.7389
002030.SZ,20050627,10.95,11.58,10.83,11.19,10.62,0.57,5.37,18407.14,20681.1784
002030.SZ,20050624,10.45,10.77,10.39,10.62,10.4,0.22,2.12,6970.8,7389.6482
002030.SZ,20050623,10.8,10.92,10.4,10.4,10.93,-0.53,-4.85,10411.88,11102.6292
002030.SZ,20050622,10.81,11.16,10.7,10.93,10.98,-0.05,-0.46,10721.96,11655.0622
002030.SZ,20050621,11.08,11.34,10.66,10.98,11.18,-0.2,-1.79,17774.61,19501.0421
002030.SZ,20050620,10.55,11.2,10.5,11.18,10.44,0.74,7.09,20224.82,22185.4903
002030.SZ,20050617,10.79,11.08,10.38,10.44,10.53,-0.09,-0.85,22405.57,24141.1647
002030.SZ,20050616,10.07,10.84,9.91,10.53,9.86,0.67,6.8,17975.26,18758.5589
002030.SZ,20050615,9.66,10.08,9.59,9.86,9.78,0.08,0.82,7808.8,7717.3606
002030.SZ,20050614,10.27,10.35,9.75,9.78,10.22,-0.44,-4.31,9788.43,9783.6671
002030.SZ,20050613,10.15,10.4,10.08,10.22,10.22,0.0,0.0,6821.07,7006.3073
002030.SZ,20050610,10.53,10.58,10.11,10.22,10.52,-0.3,-2.85,11042.84,11362.5842
002030.SZ,20050609,10.22,10.94,10.22,10.52,10.18,0.34,3.34,22654.56,24105.7838
002030.SZ,20050608,9.25,10.18,9.25,10.18,9.25,0.93,10.05,18643.02,18526.0591
002030.SZ,20050607,9.35,9.59,9.15,9.25,9.33,-0.08,-0.86,6934.58,6545.7765
002030.SZ,20050606,9.0,9.34,8.72,9.33,9.13,0.2,2.19,4975.74,4500.0719
002030.SZ,20050603,9.35,9.43,8.92,9.13,9.35,-0.22,-2.35,4933.87,4506.4151
002030.SZ,20050602,9.11,9.6,9.05,9.35,9.18,0.17,1.85,7310.36,6821.6241
002030.SZ,20050601,9.41,9.52,9.0,9.18,9.51,-0.33,-3.47,5983.73,5484.9639
002030.SZ,20050531,9.62,9.8,9.43,9.51,9.66,-0.15,-1.55,4214.3,4052.6244
002030.SZ,20050530,9.56,9.75,9.4,9.66,9.55,0.11,1.15,4715.79,4530.7533
002030.SZ,20050527,9.42,9.99,9.42,9.55,9.5,0.05,0.53,11910.24,11646.9854
002030.SZ,20050526,9.46,9.6,9.41,9.5,9.6,-0.1,-1.04,4289.66,4071.3217
002030.SZ,20050525,9.5,9.78,9.41,9.6,9.65,-0.05,-0.52,11318.18,10840.1029
002030.SZ,20050524,8.62,9.65,8.62,9.65,8.77,0.88,10.03,14484.75,13653.0106
002030.SZ,20050523,9.01,9.11,8.56,8.77,9.16,-0.39,-4.26,4262.91,3746.5766
002030.SZ,20050520,9.35,9.38,9.15,9.16,9.37,-0.21,-2.24,3481.23,3216.8804
002030.SZ,20050519,9.29,9.41,9.17,9.37,9.33,0.04,0.43,4063.64,3780.6426
002030.SZ,20050518,9.44,9.44,9.12,9.33,9.25,0.08,0.86,4290.8,3980.0982
002030.SZ,20050517,9.12,9.6,9.02,9.4,9.18,0.22,2.4,7139.41,6670.6144
002030.SZ,20050516,9.39,9.56,9.03,9.18,9.67,-0.49,-5.07,9482.0,8778.9548
002030.SZ,20050513,9.9,10.1,9.46,9.67,9.31,0.36,3.87,28914.59,28337.0491
002030.SZ,20050512,8.5,9.31,8.41,9.31,8.46,0.85,10.05,10206.24,9283.3785
002030.SZ,20050511,8.54,8.69,8.41,8.46,8.5,-0.04,-0.47,3234.0,2766.702
002030.SZ,20050510,8.36,8.55,8.09,8.5,8.44,0.06,0.71,4687.68,3907.4066
002030.SZ,20050509,9.12,9.2,8.3,8.44,9.01,-0.57,-6.33,3786.21,3281.0471
002030.SZ,20050429,9.13,9.32,8.98,9.01,9.32,-0.31,-3.33,3695.15,3363.2614
002030.SZ,20050428,9.42,9.45,8.52,9.32,9.45,-0.13,-1.38,7159.25,6527.1639
002030.SZ,20050427,9.68,9.8,9.4,9.45,9.56,-0.11,-1.15,3310.83,3193.6802
002030.SZ,20050426,9.47,9.78,9.3,9.56,9.82,-0.26,-2.65,4655.17,4455.2152
002030.SZ,20050422,10.08,10.28,9.69,9.82,10.17,-0.35,-3.44,4645.54,4595.9698
002030.SZ,20050421,10.18,10.38,10.07,10.17,10.15,0.02,0.2,3105.62,3166.6641
002030.SZ,20050420,10.74,10.74,10.12,10.15,10.75,-0.6,-5.58,5555.86,5729.6114
002030.SZ,20050419,10.63,10.75,10.53,10.75,10.74,0.01,0.09,2551.22,2712.8326
002030.SZ,20050418,10.9,10.9,10.45,10.74,10.98,-0.24,-2.19,5620.56,5947.0985
002030.SZ,20050415,11.25,11.29,10.98,10.98,11.3,-0.32,-2.83,5220.45,5803.1701
002030.SZ,20050414,11.38,11.66,11.2,11.3,11.25,0.05,0.44,7543.2,8641.3983
002030.SZ,20050413,11.15,11.5,11.15,11.25,11.03,0.22,1.99,4722.42,5335.918
002030.SZ,20050412,11.22,11.39,11.0,11.03,11.41,-0.38,-3.33,4057.12,4525.9176
002030.SZ,20050411,11.65,11.75,11.35,11.41,11.41,0.0,0.0,7858.07,9073.0399
002030.SZ,20050408,11.06,11.51,11.06,11.41,11.06,0.35,3.16,7880.11,8950.571
002030.SZ,20050407,10.98,11.38,10.88,11.06,10.98,0.08,0.73,5846.56,6554.5318
002030.SZ,20050406,10.65,11.12,10.56,10.98,10.7,0.28,2.62,3313.41,3604.7994
002030.SZ,20050405,10.8,10.88,10.6,10.7,10.8,-0.1,-0.93,2310.99,2484.0783
002030.SZ,20050404,10.97,11.15,10.67,10.8,11.15,-0.35,-3.14,4423.9,4805.0442
002030.SZ,20050401,10.62,11.3,10.45,11.15,10.69,0.46,4.3,6140.11,6666.5844
002030.SZ,20050331,10.55,10.74,10.48,10.69,10.52,0.17,1.62,2430.49,2582.6903
002030.SZ,20050330,11.1,11.1,10.51,10.52,11.17,-0.65,-5.82,6675.5,7135.2774
002030.SZ,20050329,11.28,11.38,11.1,11.17,11.32,-0.15,-1.33,4769.83,5345.5536
002030.SZ,20050328,11.27,11.35,11.02,11.32,11.27,0.05,0.44,4436.83,4953.2841
002030.SZ,20050325,11.65,11.68,11.12,11.27,11.88,-0.61,-5.13,10149.87,11500.4333
002030.SZ,20050324,11.64,11.93,11.6,11.88,11.64,0.24,2.06,4093.66,4814.7384
002030.SZ,20050323,11.69,11.86,11.46,11.64,11.64,0.0,0.0,4845.23,5657.9191
002030.SZ,20050322,12.3,12.33,11.6,11.64,12.2,-0.56,-4.59,4900.35,5823.4188
002030.SZ,20050321,12.06,12.28,12.03,12.2,12.01,0.19,1.58,3241.24,3933.5785
002030.SZ,20050318,12.0,12.45,11.9,12.01,12.01,0.0,0.0,3058.3,3689.7799
002030.SZ,20050317,12.1,12.3,12.01,12.01,12.1,-0.09,-0.74,3070.8,3732.4981
002030.SZ,20050316,12.3,12.4,12.01,12.1,12.4,-0.3,-2.42,4381.64,5333.3638
002030.SZ,20050315,12.7,12.95,12.35,12.4,12.69,-0.29,-2.29,4439.49,5589.9663
002030.SZ,20050314,12.99,13.0,12.51,12.69,12.98,-0.29,-2.23,5812.4,7390.8132
002030.SZ,20050311,12.85,13.06,12.65,12.98,12.8,0.18,1.41,3564.17,4579.2639
002030.SZ,20050310,13.07,13.24,12.75,12.8,13.06,-0.26,-1.99,5416.48,7039.161
002030.SZ,20050309,13.3,13.38,12.99,13.06,13.17,-0.11,-0.84,4707.3,6181.5536
002030.SZ,20050308,12.63,13.18,12.63,13.17,12.65,0.52,4.11,7340.2,9549.1505
002030.SZ,20050307,12.9,12.9,12.58,12.65,12.79,-0.14,-1.09,2992.63,3796.1105
002030.SZ,20050304,12.9,13.03,12.76,12.79,12.92,-0.13,-1.01,1715.02,2206.7588
002030.SZ,20050303,12.72,12.99,12.72,12.92,12.92,0.0,0.0,3751.05,4813.8331
002030.SZ,20050302,13.16,13.3,12.85,12.92,13.06,-0.14,-1.07,4329.1,5646.5886
002030.SZ,20050301,13.38,13.38,12.9,13.06,13.25,-0.19,-1.43,5427.54,7095.0971
002030.SZ,20050228,13.28,13.58,13.2,13.25,13.27,-0.02,-0.15,6277.6,8399.4513
002030.SZ,20050225,13.31,13.76,13.2,13.27,13.26,0.01,0.08,9124.97,12274.495
002030.SZ,20050224,13.3,13.46,13.15,13.26,13.3,-0.04,-0.3,6642.92,8807.3024
002030.SZ,20050223,13.5,13.63,13.13,13.3,13.35,-0.05,-0.37,14894.37,20016.1382
002030.SZ,20050222,12.64,13.62,12.48,13.35,12.6,0.75,5.95,16760.25,22037.1331
002030.SZ,20050221,12.33,12.68,12.28,12.6,12.26,0.34,2.77,4308.42,5396.4505
002030.SZ,20050218,12.47,12.65,12.22,12.26,12.48,-0.22,-1.76,3807.0,4722.6102
002030.SZ,20050217,12.49,12.51,12.2,12.48,12.51,-0.03,-0.24,4382.55,5404.6458
002030.SZ,20050216,12.75,12.8,12.5,12.51,12.6,-0.09,-0.71,5780.77,7290.7747
002030.SZ,20050204,12.32,12.91,12.28,12.6,12.31,0.29,2.36,13309.27,16920.8378
002030.SZ,20050203,12.7,13.0,12.25,12.31,12.24,0.07,0.57,23427.66,29616.6351
002030.SZ,20050202,11.11,12.24,11.11,12.24,11.13,1.11,9.97,8253.84,9854.4259
002030.SZ,20050201,11.04,11.47,11.01,11.13,11.16,-0.03,-0.27,3398.82,3835.9385
002030.SZ,20050131,11.15,11.26,11.05,11.16,11.35,-0.19,-1.67,4566.05,5085.5357
002030.SZ,20050128,11.48,11.5,11.18,11.35,11.53,-0.18,-1.56,3463.2,3913.8684
002030.SZ,20050127,11.9,11.96,11.51,11.53,11.96,-0.43,-3.6,3498.89,4103.8577
002030.SZ,20050126,12.08,12.18,11.88,11.96,12.18,-0.22,-1.81,2737.61,3279.5262
002030.SZ,20050125,12.25,12.25,11.81,12.18,12.72,-0.54,-4.25,9927.51,11984.8097
002030.SZ,20050124,12.6,12.98,12.5,12.72,12.12,0.6,4.95,14399.7,18328.881
002030.SZ,20050121,11.25,12.14,11.0,12.12,11.25,0.87,7.73,6363.64,7406.7365
002030.SZ,20050120,11.45,11.5,11.15,11.25,11.55,-0.3,-2.6,4080.15,4619.2016
002030.SZ,20050119,11.81,11.9,11.45,11.55,11.94,-0.39,-3.27,3356.26,3929.5941
002030.SZ,20050118,11.81,12.0,11.68,11.94,11.82,0.12,1.02,2262.0,2678.9615
002030.SZ,20050117,12.0,12.19,11.81,11.82,12.29,-0.47,-3.82,3915.63,4675.5885
002030.SZ,20050114,12.5,12.55,12.24,12.29,12.5,-0.21,-1.68,2212.0,2729.7166
002030.SZ,20050113,12.36,12.58,12.3,12.5,12.26,0.24,1.96,3364.64,4178.9886
002030.SZ,20050112,12.51,12.51,12.16,12.26,12.59,-0.33,-2.62,2774.31,3401.4347
002030.SZ,20050111,12.75,12.75,12.47,12.59,12.61,-0.02,-0.16,1856.6,2338.157
002030.SZ,20050110,12.5,12.65,12.4,12.61,12.51,0.1,0.8,1105.97,1390.4053
002030.SZ,20050107,12.45,12.72,12.41,12.51,12.5,0.01,0.08,2122.92,2664.5649
002030.SZ,20050106,12.45,12.5,12.26,12.5,12.41,0.09,0.73,1435.63,1780.3042
002030.SZ,20050105,12.19,12.68,12.16,12.41,12.2,0.21,1.72,2326.34,2883.9372
002030.SZ,20050104,12.15,12.25,11.91,12.2,12.35,-0.15,-1.21,1645.76,1992.965
002030.SZ,20041231,12.4,12.57,12.35,12.35,12.4,-0.05,-0.4,1557.0,1936.674
002030.SZ,20041230,12.33,12.61,12.13,12.4,12.39,0.01,0.08,2510.73,3114.0665
002030.SZ,20041229,13.1,13.1,12.31,12.39,12.88,-0.49,-3.8,4051.92,5079.9629
002030.SZ,20041228,12.85,12.96,12.75,12.88,12.91,-0.03,-0.23,2609.82,3349.3691
002030.SZ,20041227,13.11,13.15,12.8,12.91,13.08,-0.17,-1.3,1240.53,1607.6079
002030.SZ,20041224,12.9,13.2,12.72,13.08,12.9,0.18,1.4,1896.29,2472.6032
002030.SZ,20041223,13.5,13.5,12.84,12.9,13.43,-0.53,-3.95,2437.16,3193.6018
002030.SZ,20041222,12.95,13.56,12.9,13.43,12.98,0.45,3.47,4646.86,6159.5264
002030.SZ,20041221,12.88,13.15,12.82,12.98,12.86,0.12,0.93,1769.9,2295.304
002030.SZ,20041220,13.19,13.19,12.7,12.86,13.3,-0.44,-3.31,3922.51,5039.4815
002030.SZ,20041217,13.7,13.7,13.25,13.3,13.78,-0.48,-3.48,4998.91,6737.9014
002030.SZ,20041216,14.25,14.28,13.75,13.78,14.25,-0.47,-3.3,4066.03,5659.0175
002030.SZ,20041215,14.08,14.44,14.02,14.25,14.15,0.1,0.71,3614.92,5152.3795
002030.SZ,20041214,14.3,14.35,14.0,14.15,14.25,-0.1,-0.7,2168.54,3071.2608
002030.SZ,20041213,14.17,14.41,14.0,14.25,14.32,-0.07,-0.49,2191.88,3110.6006
002030.SZ,20041210,14.6,14.6,14.24,14.32,14.64,-0.32,-2.19,3963.0,5704.5274
002030.SZ,20041209,14.2,15.0,14.12,14.64,14.4,0.24,1.67,8514.65,12508.9975
002030.SZ,20041208,14.35,14.51,14.2,14.4,14.25,0.15,1.05,4744.68,6823.9853
002030.SZ,20041207,14.34,14.38,13.88,14.25,14.19,0.06,0.42,3378.11,4768.2307
002030.SZ,20041206,14.47,14.47,13.95,14.19,14.23,-0.04,-0.28,2935.1,4146.9394
002030.SZ,20041203,13.89,14.59,13.81,14.23,13.89,0.34,2.45,7856.41,11258.6234
002030.SZ,20041202,13.78,13.9,13.68,13.89,13.86,0.03,0.22,5047.52,6943.2354
002030.SZ,20041201,14.27,14.36,13.82,13.86,14.27,-0.41,-2.87,6661.87,9265.9462
002030.SZ,20041130,14.3,14.43,14.1,14.27,14.21,0.06,0.42,3842.89,5477.003
002030.SZ,20041129,14.94,14.94,14.19,14.21,14.72,-0.51,-3.46,6664.31,9625.0258
002030.SZ,20041126,14.63,14.99,14.63,14.72,14.78,-0.06,-0.41,3101.19,4602.9398
002030.SZ,20041125,15.12,15.22,14.69,14.78,15.08,-0.3,-1.99,7926.3,11839.0869
002030.SZ,20041124,14.77,15.29,14.57,15.08,14.76,0.32,2.17,11792.02,17774.7226
002030.SZ,20041123,15.0,15.0,14.5,14.76,15.0,-0.24,-1.6,7014.0,10323.1955
002030.SZ,20041122,15.19,15.29,14.9,15.0,14.97,0.03,0.2,5048.13,7606.9592
002030.SZ,20041119,15.1,15.18,14.7,14.97,15.1,-0.13,-0.86,6734.78,10023.8156
002030.SZ,20041118,15.0,15.24,14.82,15.1,14.85,0.25,1.68,5189.72,7835.4412
002030.SZ,20041117,15.19,15.19,14.7,14.85,15.16,-0.31,-2.04,7286.03,10833.2159
002030.SZ,20041116,15.37,15.49,15.08,15.16,15.35,-0.19,-1.24,6272.1,9539.9728
002030.SZ,20041115,15.3,15.58,15.08,15.35,15.29,0.06,0.39,8438.8,12931.7199
002030.SZ,20041112,15.28,15.55,15.05,15.29,15.02,0.27,1.8,10631.15,16235.0646
002030.SZ,20041111,15.38,15.83,15.01,15.02,15.34,-0.32,-2.09,21308.9,32986.563
002030.SZ,20041110,14.57,15.55,14.15,15.34,14.37,0.97,6.75,20209.45,30424.914
002030.SZ,20041109,14.3,14.58,14.25,14.37,14.33,0.04,0.28,4864.21,7024.8041
002030.SZ,20041108,14.1,14.68,14.01,14.33,14.25,0.08,0.56,3338.86,4753.2933
002030.SZ,20041105,14.3,14.49,14.1,14.25,14.1,0.15,1.06,5564.45,7932.9248
002030.SZ,20041104,14.58,14.75,13.97,14.1,14.51,-0.41,-2.83,12337.02,17920.2655
002030.SZ,20041103,14.05,14.53,13.91,14.51,13.9,0.61,4.39,8524.85,12130.5717
002030.SZ,20041102,14.08,14.19,13.71,13.9,14.07,-0.17,-1.21,7432.35,10336.1405
002030.SZ,20041101,14.09,14.43,14.02,14.07,14.23,-0.16,-1.12,7039.99,9989.691
002030.SZ,20041029,13.99,14.98,13.71,14.23,14.51,-0.28,-1.93,16884.53,24262.767
002030.SZ,20041028,15.37,15.66,14.38,14.51,15.15,-0.64,-4.22,26853.83,40553.4969
002030.SZ,20041027,14.58,15.18,14.3,15.15,14.6,0.55,3.77,22055.7,32413.3592
002030.SZ,20041026,13.88,14.65,13.72,14.6,13.99,0.61,4.36,13198.14,18764.2168
002030.SZ,20041025,14.55,14.8,13.91,13.99,14.53,-0.54,-3.72,18523.63,26625.1238
002030.SZ,20041022,13.78,14.54,13.35,14.53,13.92,0.61,4.38,19119.24,27055.7993
002030.SZ,20041021,14.05,14.35,13.66,13.92,13.86,0.06,0.43,14124.24,19858.0287
002030.SZ,20041020,13.74,13.89,13.2,13.86,13.71,0.15,1.09,14626.86,19749.189
002030.SZ,20041019,14.25,14.77,13.6,13.71,14.19,-0.48,-3.38,20111.56,28671.6429
002030.SZ,20041018,14.0,14.75,14.0,14.19,13.99,0.2,1.43,17155.91,24685.3957
002030.SZ,20041015,14.5,14.65,13.78,13.99,15.28,-1.29,-8.44,29102.2,40983.8231
002030.SZ,20041014,16.98,17.02,15.28,15.28,16.98,-1.7,-10.01,20885.84,32343.7412
002030.SZ,20041013,16.72,17.2,16.69,16.98,16.68,0.3,1.8,9573.15,16222.4347
002030.SZ,20041012,16.74,17.18,16.4,16.68,16.85,-0.17,-1.01,13873.58,23300.3966
002030.SZ,20041011,17.48,18.22,16.8,16.85,17.4,-0.55,-3.16,32327.15,56619.5802
002030.SZ,20041008,15.82,17.48,15.82,17.4,16.03,1.37,8.55,26930.13,45152.1799
002030.SZ,20040930,16.0,16.58,15.8,16.03,16.0,0.03,0.19,19429.8,31444.54
002030.SZ,20040929,15.95,16.3,15.66,16.0,15.81,0.19,1.2,14139.57,22627.1435
002030.SZ,20040928,15.19,16.1,15.16,15.81,15.4,0.41,2.66,17944.67,28090.0746
002030.SZ,20040924,16.28,17.24,15.4,15.4,16.2,-0.8,-4.94,36938.11,61266.1393
002030.SZ,20040923,16.2,16.48,15.71,16.2,16.2,0.0,0.0,22716.14,36202.1203
002030.SZ,20040922,15.75,16.59,15.56,16.2,15.92,0.28,1.76,35972.68,58015.4289
002030.SZ,20040921,14.9,16.49,14.82,15.92,15.08,0.84,5.57,36631.43,57782.1866
002030.SZ,20040920,14.75,15.36,14.41,15.08,14.69,0.39,2.65,37795.42,56363.9553
002030.SZ,20040917,14.4,14.79,13.88,14.69,14.35,0.34,2.37,37193.51,53064.8168
002030.SZ,20040916,13.6,14.41,13.52,14.35,13.68,0.67,4.9,56484.84,79475.7742
002030.SZ,20040915,12.44,13.68,12.25,13.68,12.44,1.24,9.97,49483.42,65991.2767
002030.SZ,20040914,11.81,12.66,11.81,12.44,11.75,0.69,5.87,25894.18,32033.8032
002030.SZ,20040913,12.75,12.9,11.65,11.75,12.85,-1.1,-8.56,20605.72,25066.1214
002030.SZ,20040910,12.86,12.99,12.63,12.85,12.86,-0.01,-0.08,10279.95,13210.9989
002030.SZ,20040909,13.16,13.17,12.81,12.86,13.2,-0.34,-2.58,11665.54,15098.0516
002030.SZ,20040908,13.23,13.37,12.96,13.2,13.19,0.01,0.08,11200.35,14764.5717
002030.SZ,20040907,13.02,13.28,12.8,13.19,13.06,0.13,1.0,12405.42,16192.6806
002030.SZ,20040906,12.64,13.29,12.64,13.06,12.69,0.37,2.92,17544.59,22897.3214
002030.SZ,20040903,13.18,13.26,12.65,12.69,13.3,-0.61,-4.59,19338.1,24992.847
002030.SZ,20040902,13.1,13.35,12.7,13.3,13.16,0.14,1.06,20952.42,27252.1394
002030.SZ,20040901,12.86,13.38,12.8,13.16,13.06,0.1,0.77,30677.9,40219.9489
002030.SZ,20040831,13.5,13.81,12.99,13.06,12.61,0.45,3.57,64600.45,86492.0198
002030.SZ,20040830,11.31,12.61,11.31,12.61,11.46,1.15,10.03,15291.48,18678.9462
002030.SZ,20040827,11.33,11.64,11.27,11.46,11.45,0.01,0.09,10126.93,11562.0843
002030.SZ,20040826,11.5,11.94,11.43,11.45,11.51,-0.06,-0.52,15642.82,18286.797
002030.SZ,20040825,11.28,11.99,11.12,11.51,11.3,0.21,1.86,20927.83,24388.5738
002030.SZ,20040824,11.19,11.7,11.05,11.3,11.08,0.22,1.99,15071.76,17122.5152
002030.SZ,20040823,11.97,11.97,11.07,11.08,12.3,-1.22,-9.92,27293.91,30925.557
002030.SZ,20040820,12.48,12.48,11.88,12.3,12.38,-0.08,-0.65,17122.58,20896.1223
002030.SZ,20040819,11.98,12.66,11.98,12.38,11.87,0.51,4.3,31164.09,38430.3157
002030.SZ,20040818,12.15,12.35,11.62,11.87,12.1,-0.23,-1.9,18690.0,22279.2262
002030.SZ,20040817,12.34,12.59,12.02,12.1,12.31,-0.21,-1.71,19787.27,24266.9987
002030.SZ,20040816,13.08,13.23,12.25,12.31,13.44,-1.13,-8.41,33328.72,42554.5241
002030.SZ,20040813,14.58,14.9,13.44,13.44,14.77,-1.33,-9.0,41192.13,57265.212
002030.SZ,20040812,15.1,15.1,14.55,14.77,15.22,-0.45,-2.96,25390.36,37602.448
002030.SZ,20040811,14.99,15.5,14.56,15.22,15.08,0.14,0.93,42575.52,64325.0795
002030.SZ,20040810,14.69,15.27,14.5,15.08,15.57,-0.49,-3.15,57672.46,85916.8831
002030.SZ,20040809,15.68,17.3,15.55,15.57,7.3,8.27,113.29,141766.46,232606.2511
002030.SZ,20040809,15.68,17.3,15.55,15.57,7.3,8.27,113.29,141766.46,232606.2511
